/*--------------------------------*- C++ -*----------------------------------*\
  =========                 |
  \\      /  F ield         | OpenFOAM: The Open Source CFD Toolbox
   \\    /   O peration     | Website:  https://openfoam.org
    \\  /    A nd           | Version:  7
     \\/     M anipulation  |
\*---------------------------------------------------------------------------*/
FoamFile
{
    version     2.0;
    format      ascii;
    class       volScalarField;
    location    "0.04";
    object      pMean;
}
// * * * * * * * * * * * * * * * * * * * * * * * * * * * * * * * * * * * * * //

dimensions      [1 -1 -2 0 0 0 0];

internalField   nonuniform List<scalar> 
1440
(
100473
100470
100468
100465
100462
100460
100457
100453
100450
100447
100444
100441
100438
100435
100432
100429
100426
100423
100420
100418
100415
100413
100410
100408
100405
100403
100400
100398
100396
100394
100391
100389
100387
100385
100382
100380
100378
100376
100374
100372
100369
100367
100365
100363
100361
100359
100357
100354
100352
100350
100348
100346
100344
100342
100339
100337
100335
100333
100331
100329
100326
100324
100322
100320
100318
100316
100314
100311
100309
100307
100305
100303
100301
100298
100296
100294
100292
100290
100288
100285
100283
100281
100279
100277
100275
100273
100270
100268
100266
100264
100262
100260
100257
100255
100253
100251
100249
100247
100244
100242
100240
100238
100236
100234
100231
100229
100227
100225
100223
100221
100218
100216
100214
100212
100210
100208
100205
100203
100201
100199
100471
100469
100466
100464
100462
100459
100456
100453
100450
100447
100444
100441
100438
100435
100432
100429
100426
100423
100420
100418
100415
100413
100410
100408
100405
100403
100400
100398
100396
100394
100391
100389
100387
100385
100382
100380
100378
100376
100374
100372
100369
100367
100365
100363
100361
100359
100357
100354
100352
100350
100348
100346
100344
100341
100339
100337
100335
100333
100331
100329
100326
100324
100322
100320
100318
100316
100313
100311
100309
100307
100305
100303
100301
100298
100296
100294
100292
100290
100288
100285
100283
100281
100279
100277
100275
100273
100270
100268
100266
100264
100262
100260
100257
100255
100253
100251
100249
100247
100244
100242
100240
100238
100236
100234
100231
100229
100227
100225
100223
100221
100218
100216
100214
100212
100210
100208
100205
100203
100201
100199
100470
100468
100466
100463
100461
100458
100456
100453
100450
100447
100444
100441
100438
100435
100432
100429
100426
100424
100421
100418
100415
100413
100410
100408
100405
100403
100401
100398
100396
100394
100391
100389
100387
100385
100382
100380
100378
100376
100374
100372
100369
100367
100365
100363
100361
100359
100357
100354
100352
100350
100348
100346
100344
100341
100339
100337
100335
100333
100331
100329
100326
100324
100322
100320
100318
100316
100313
100311
100309
100307
100305
100303
100301
100298
100296
100294
100292
100290
100288
100285
100283
100281
100279
100277
100275
100273
100270
100268
100266
100264
100262
100260
100257
100255
100253
100251
100249
100247
100244
100242
100240
100238
100236
100234
100231
100229
100227
100225
100223
100221
100218
100216
100214
100212
100210
100208
100205
100203
100201
100199
100469
100467
100465
100463
100460
100458
100455
100453
100450
100447
100444
100441
100438
100435
100432
100429
100426
100424
100421
100418
100416
100413
100410
100408
100405
100403
100401
100398
100396
100394
100391
100389
100387
100385
100382
100380
100378
100376
100374
100372
100369
100367
100365
100363
100361
100359
100357
100354
100352
100350
100348
100346
100344
100341
100339
100337
100335
100333
100331
100329
100326
100324
100322
100320
100318
100316
100313
100311
100309
100307
100305
100303
100301
100298
100296
100294
100292
100290
100288
100285
100283
100281
100279
100277
100275
100273
100270
100268
100266
100264
100262
100260
100257
100255
100253
100251
100249
100247
100244
100242
100240
100238
100236
100234
100231
100229
100227
100225
100223
100221
100218
100216
100214
100212
100210
100208
100205
100203
100201
100199
100469
100467
100465
100462
100460
100458
100455
100452
100450
100447
100444
100441
100438
100435
100432
100429
100426
100424
100421
100418
100416
100413
100411
100408
100406
100403
100401
100398
100396
100394
100391
100389
100387
100385
100383
100380
100378
100376
100374
100372
100369
100367
100365
100363
100361
100359
100357
100354
100352
100350
100348
100346
100344
100341
100339
100337
100335
100333
100331
100329
100326
100324
100322
100320
100318
100316
100313
100311
100309
100307
100305
100303
100301
100298
100296
100294
100292
100290
100288
100285
100283
100281
100279
100277
100275
100273
100270
100268
100266
100264
100262
100260
100257
100255
100253
100251
100249
100247
100244
100242
100240
100238
100236
100234
100231
100229
100227
100225
100223
100221
100218
100216
100214
100212
100210
100208
100205
100203
100201
100199
100469
100466
100464
100462
100460
100458
100455
100452
100450
100447
100444
100441
100438
100435
100432
100429
100427
100424
100421
100418
100416
100413
100411
100408
100406
100403
100401
100398
100396
100394
100391
100389
100387
100385
100383
100380
100378
100376
100374
100372
100369
100367
100365
100363
100361
100359
100357
100354
100352
100350
100348
100346
100344
100341
100339
100337
100335
100333
100331
100329
100326
100324
100322
100320
100318
100316
100313
100311
100309
100307
100305
100303
100301
100298
100296
100294
100292
100290
100288
100285
100283
100281
100279
100277
100275
100273
100270
100268
100266
100264
100262
100260
100257
100255
100253
100251
100249
100247
100244
100242
100240
100238
100236
100234
100231
100229
100227
100225
100223
100221
100218
100216
100214
100212
100210
100208
100205
100203
100201
100199
100469
100466
100464
100462
100460
100458
100455
100452
100450
100447
100444
100441
100438
100435
100432
100429
100426
100424
100421
100418
100416
100413
100411
100408
100406
100403
100401
100398
100396
100394
100391
100389
100387
100385
100383
100380
100378
100376
100374
100372
100369
100367
100365
100363
100361
100359
100357
100354
100352
100350
100348
100346
100344
100341
100339
100337
100335
100333
100331
100329
100326
100324
100322
100320
100318
100316
100313
100311
100309
100307
100305
100303
100301
100298
100296
100294
100292
100290
100288
100285
100283
100281
100279
100277
100275
100273
100270
100268
100266
100264
100262
100260
100257
100255
100253
100251
100249
100247
100244
100242
100240
100238
100236
100234
100231
100229
100227
100225
100223
100221
100218
100216
100214
100212
100210
100208
100205
100203
100201
100199
100469
100467
100464
100462
100460
100458
100455
100452
100450
100447
100444
100441
100438
100435
100432
100429
100426
100424
100421
100418
100416
100413
100410
100408
100405
100403
100401
100398
100396
100394
100391
100389
100387
100385
100383
100380
100378
100376
100374
100372
100369
100367
100365
100363
100361
100359
100357
100354
100352
100350
100348
100346
100344
100341
100339
100337
100335
100333
100331
100329
100326
100324
100322
100320
100318
100316
100313
100311
100309
100307
100305
100303
100301
100298
100296
100294
100292
100290
100288
100285
100283
100281
100279
100277
100275
100272
100270
100268
100266
100264
100262
100260
100257
100255
100253
100251
100249
100247
100244
100242
100240
100238
100236
100234
100231
100229
100227
100225
100223
100221
100218
100216
100214
100212
100210
100208
100205
100203
100201
100199
100469
100467
100465
100463
100460
100458
100455
100452
100450
100447
100444
100441
100438
100435
100432
100429
100426
100423
100421
100418
100415
100413
100410
100408
100405
100403
100401
100398
100396
100394
100391
100389
100387
100385
100382
100380
100378
100376
100374
100372
100369
100367
100365
100363
100361
100359
100357
100354
100352
100350
100348
100346
100344
100341
100339
100337
100335
100333
100331
100329
100326
100324
100322
100320
100318
100316
100313
100311
100309
100307
100305
100303
100301
100298
100296
100294
100292
100290
100288
100285
100283
100281
100279
100277
100275
100272
100270
100268
100266
100264
100262
100260
100257
100255
100253
100251
100249
100247
100244
100242
100240
100238
100236
100234
100231
100229
100227
100225
100223
100221
100218
100216
100214
100212
100210
100208
100205
100203
100201
100199
100470
100468
100465
100463
100461
100458
100456
100453
100450
100447
100444
100441
100438
100435
100432
100429
100426
100423
100421
100418
100415
100413
100410
100408
100405
100403
100400
100398
100396
100394
100391
100389
100387
100385
100382
100380
100378
100376
100374
100372
100369
100367
100365
100363
100361
100359
100356
100354
100352
100350
100348
100346
100344
100341
100339
100337
100335
100333
100331
100329
100326
100324
100322
100320
100318
100316
100313
100311
100309
100307
100305
100303
100301
100298
100296
100294
100292
100290
100288
100285
100283
100281
100279
100277
100275
100272
100270
100268
100266
100264
100262
100260
100257
100255
100253
100251
100249
100247
100244
100242
100240
100238
100236
100234
100231
100229
100227
100225
100223
100221
100218
100216
100214
100212
100210
100208
100205
100203
100201
100199
100471
100469
100466
100464
100461
100459
100456
100453
100450
100447
100444
100441
100437
100434
100431
100429
100426
100423
100420
100418
100415
100412
100410
100407
100405
100403
100400
100398
100396
100393
100391
100389
100387
100385
100382
100380
100378
100376
100374
100372
100369
100367
100365
100363
100361
100359
100356
100354
100352
100350
100348
100346
100344
100341
100339
100337
100335
100333
100331
100329
100326
100324
100322
100320
100318
100316
100313
100311
100309
100307
100305
100303
100301
100298
100296
100294
100292
100290
100288
100285
100283
100281
100279
100277
100275
100272
100270
100268
100266
100264
100262
100260
100257
100255
100253
100251
100249
100247
100244
100242
100240
100238
100236
100234
100231
100229
100227
100225
100223
100221
100218
100216
100214
100212
100210
100208
100205
100203
100201
100199
100473
100470
100467
100465
100462
100459
100456
100453
100450
100447
100444
100441
100438
100434
100431
100429
100426
100423
100420
100417
100415
100412
100410
100407
100405
100403
100400
100398
100396
100393
100391
100389
100387
100385
100382
100380
100378
100376
100374
100372
100369
100367
100365
100363
100361
100359
100356
100354
100352
100350
100348
100346
100344
100341
100339
100337
100335
100333
100331
100329
100326
100324
100322
100320
100318
100316
100313
100311
100309
100307
100305
100303
100301
100298
100296
100294
100292
100290
100288
100285
100283
100281
100279
100277
100275
100272
100270
100268
100266
100264
100262
100260
100257
100255
100253
100251
100249
100247
100244
100242
100240
100238
100236
100234
100231
100229
100227
100225
100223
100221
100218
100216
100214
100212
100210
100208
100205
100203
100201
100199
)
;

boundaryField
{
    upperWall
    {
        type            calculated;
        value           nonuniform List<scalar> 
120
(
100473
100470
100467
100465
100462
100459
100456
100453
100450
100447
100444
100441
100438
100434
100431
100429
100426
100423
100420
100417
100415
100412
100410
100407
100405
100403
100400
100398
100396
100393
100391
100389
100387
100385
100382
100380
100378
100376
100374
100372
100369
100367
100365
100363
100361
100359
100356
100354
100352
100350
100348
100346
100344
100341
100339
100337
100335
100333
100331
100329
100326
100324
100322
100320
100318
100316
100313
100311
100309
100307
100305
100303
100301
100298
100296
100294
100292
100290
100288
100285
100283
100281
100279
100277
100275
100272
100270
100268
100266
100264
100262
100260
100257
100255
100253
100251
100249
100247
100244
100242
100240
100238
100236
100234
100231
100229
100227
100225
100223
100221
100218
100216
100214
100212
100210
100208
100205
100203
100201
100199
)
;
    }
    lowerWall
    {
        type            calculated;
        value           nonuniform List<scalar> 
120
(
100473
100470
100468
100465
100462
100460
100457
100453
100450
100447
100444
100441
100438
100435
100432
100429
100426
100423
100420
100418
100415
100413
100410
100408
100405
100403
100400
100398
100396
100394
100391
100389
100387
100385
100382
100380
100378
100376
100374
100372
100369
100367
100365
100363
100361
100359
100357
100354
100352
100350
100348
100346
100344
100342
100339
100337
100335
100333
100331
100329
100326
100324
100322
100320
100318
100316
100314
100311
100309
100307
100305
100303
100301
100298
100296
100294
100292
100290
100288
100285
100283
100281
100279
100277
100275
100273
100270
100268
100266
100264
100262
100260
100257
100255
100253
100251
100249
100247
100244
100242
100240
100238
100236
100234
100231
100229
100227
100225
100223
100221
100218
100216
100214
100212
100210
100208
100205
100203
100201
100199
)
;
    }
    inlet
    {
        type            calculated;
        value           nonuniform List<scalar> 
12
(
100473
100471
100470
100469
100469
100469
100469
100469
100469
100470
100471
100473
)
;
    }
    outlet
    {
        type            calculated;
        value           nonuniform List<scalar> 
12
(
100198
100198
100198
100198
100198
100198
100198
100198
100198
100198
100198
100198
)
;
    }
    frontAndBack
    {
        type            empty;
    }
}


// ************************************************************************* //
