/*--------------------------------*- C++ -*----------------------------------*\
  =========                 |
  \\      /  F ield         | OpenFOAM: The Open Source CFD Toolbox
   \\    /   O peration     | Website:  https://openfoam.org
    \\  /    A nd           | Version:  7
     \\/     M anipulation  |
\*---------------------------------------------------------------------------*/
FoamFile
{
    version     2.0;
    format      ascii;
    class       volScalarField;
    location    "1.2275";
    object      p;
}
// * * * * * * * * * * * * * * * * * * * * * * * * * * * * * * * * * * * * * //

dimensions      [1 -1 -2 0 0 0 0];

internalField   nonuniform List<scalar> 
7920
(
100701
100685
100692
100682
100688
100680
100685
100679
100683
100678
100681
100677
100679
100675
100677
100674
100676
100673
100674
100672
100685
100672
100679
100669
100675
100668
100673
100666
100670
100665
100668
100664
100666
100663
100665
100662
100663
100660
100661
100659
100693
100680
100687
100677
100683
100675
100680
100673
100678
100672
100675
100671
100674
100670
100672
100669
100670
100668
100669
100666
100686
100674
100681
100671
100677
100669
100674
100668
100672
100667
100670
100665
100668
100664
100666
100663
100665
100662
100663
100661
100690
100678
100685
100675
100681
100673
100678
100672
100676
100670
100674
100669
100672
100668
100670
100667
100668
100666
100667
100665
100687
100676
100683
100673
100679
100671
100676
100670
100674
100669
100672
100667
100670
100666
100668
100665
100667
100664
100665
100663
100687
100676
100683
100673
100679
100671
100676
100670
100674
100669
100672
100667
100670
100666
100668
100665
100667
100664
100665
100663
100690
100678
100685
100675
100681
100673
100678
100672
100676
100670
100674
100669
100672
100668
100670
100667
100668
100666
100667
100665
100686
100674
100681
100671
100677
100669
100674
100668
100672
100667
100670
100665
100668
100664
100666
100663
100665
100662
100663
100661
100693
100680
100687
100677
100683
100675
100680
100673
100678
100672
100675
100671
100674
100670
100672
100669
100670
100668
100669
100666
100685
100672
100679
100669
100675
100668
100673
100666
100670
100665
100668
100664
100666
100663
100665
100662
100663
100660
100661
100659
100701
100685
100692
100682
100688
100680
100685
100679
100683
100678
100681
100677
100679
100675
100677
100674
100676
100673
100674
100672
100667
100669
100662
100665
100660
100662
100659
100661
100659
100659
100658
100658
100657
100657
100656
100656
100656
100655
100655
100655
100677
100681
100674
100677
100672
100674
100671
100672
100670
100671
100669
100670
100669
100669
100668
100668
100667
100667
100667
100667
100668
100671
100665
100667
100663
100665
100662
100663
100661
100662
100660
100661
100659
100659
100659
100659
100658
100658
100657
100657
100675
100678
100672
100674
100670
100672
100669
100670
100668
100669
100667
100667
100666
100666
100666
100665
100665
100665
100664
100664
100670
100674
100667
100670
100666
100667
100664
100666
100663
100664
100663
100663
100662
100662
100661
100661
100660
100660
100660
100660
100672
100676
100670
100672
100668
100670
100667
100668
100666
100666
100665
100665
100664
100664
100663
100663
100663
100662
100662
100662
100672
100676
100670
100672
100668
100670
100667
100668
100666
100666
100665
100665
100664
100664
100663
100663
100663
100662
100662
100662
100670
100674
100667
100670
100666
100667
100664
100666
100663
100664
100663
100663
100662
100662
100661
100661
100660
100660
100660
100660
100675
100678
100672
100674
100670
100672
100669
100670
100668
100669
100667
100667
100666
100666
100666
100665
100665
100665
100664
100664
100668
100671
100665
100667
100663
100665
100662
100663
100661
100662
100660
100661
100659
100659
100659
100659
100658
100658
100657
100657
100677
100681
100674
100677
100672
100674
100671
100672
100670
100671
100669
100670
100669
100669
100668
100668
100667
100667
100667
100667
100667
100669
100662
100665
100660
100662
100659
100661
100659
100659
100658
100658
100657
100657
100656
100656
100656
100655
100655
100655
100658
100657
100656
100655
100654
100653
100653
100652
100652
100651
100651
100650
100650
100650
100649
100649
100648
100648
100647
100647
100657
100657
100656
100655
100654
100653
100653
100652
100652
100651
100651
100650
100650
100650
100649
100649
100648
100648
100647
100647
100657
100657
100656
100655
100654
100653
100653
100652
100652
100651
100651
100650
100650
100650
100649
100649
100648
100648
100647
100647
100657
100657
100656
100655
100654
100654
100653
100652
100652
100651
100651
100650
100650
100650
100649
100649
100648
100648
100647
100647
100657
100656
100656
100655
100654
100654
100653
100652
100652
100651
100651
100650
100650
100650
100649
100649
100648
100648
100647
100647
100657
100656
100656
100655
100654
100654
100653
100652
100652
100651
100651
100650
100650
100650
100649
100649
100648
100648
100647
100647
100657
100656
100656
100655
100654
100654
100653
100652
100652
100651
100651
100650
100650
100650
100649
100649
100648
100648
100647
100647
100657
100656
100656
100655
100654
100654
100653
100652
100652
100651
100651
100650
100650
100650
100649
100649
100648
100648
100647
100647
100657
100657
100656
100655
100654
100654
100653
100652
100652
100651
100651
100650
100650
100650
100649
100649
100648
100648
100647
100647
100657
100657
100656
100655
100654
100653
100653
100652
100652
100651
100651
100650
100650
100650
100649
100649
100648
100648
100647
100647
100657
100657
100656
100655
100654
100653
100653
100652
100652
100651
100651
100650
100650
100650
100649
100649
100648
100648
100647
100647
100658
100657
100656
100655
100654
100653
100653
100652
100652
100651
100651
100650
100650
100650
100649
100649
100648
100648
100647
100647
100658
100657
100656
100655
100654
100653
100653
100652
100652
100651
100651
100650
100650
100650
100649
100649
100648
100648
100647
100647
100657
100657
100656
100655
100654
100653
100653
100652
100652
100651
100651
100650
100650
100650
100649
100649
100648
100648
100647
100647
100657
100657
100656
100655
100654
100653
100653
100652
100652
100651
100651
100650
100650
100650
100649
100649
100648
100648
100647
100647
100657
100657
100656
100655
100654
100654
100653
100652
100652
100651
100651
100650
100650
100650
100649
100649
100648
100648
100647
100647
100657
100656
100656
100655
100654
100654
100653
100652
100652
100651
100651
100650
100650
100650
100649
100649
100648
100648
100647
100647
100657
100656
100656
100655
100654
100654
100653
100652
100652
100651
100651
100650
100650
100650
100649
100649
100648
100648
100647
100647
100657
100656
100656
100655
100654
100654
100653
100652
100652
100651
100651
100650
100650
100650
100649
100649
100648
100648
100647
100647
100657
100656
100656
100655
100654
100654
100653
100652
100652
100651
100651
100650
100650
100650
100649
100649
100648
100648
100647
100647
100657
100657
100656
100655
100654
100654
100653
100652
100652
100651
100651
100650
100650
100650
100649
100649
100648
100648
100647
100647
100657
100657
100656
100655
100654
100653
100653
100652
100652
100651
100651
100650
100650
100650
100649
100649
100648
100648
100647
100647
100657
100657
100656
100655
100654
100653
100653
100652
100652
100651
100651
100650
100650
100650
100649
100649
100648
100648
100647
100647
100658
100657
100656
100655
100654
100653
100653
100652
100652
100651
100651
100650
100650
100650
100649
100649
100648
100648
100647
100647
100667
100669
100662
100665
100660
100662
100659
100661
100659
100659
100658
100658
100657
100657
100656
100656
100656
100655
100655
100655
100677
100681
100674
100677
100672
100674
100671
100672
100670
100671
100669
100670
100669
100669
100668
100668
100667
100667
100667
100667
100668
100671
100665
100667
100663
100665
100662
100663
100661
100662
100660
100661
100659
100659
100659
100659
100658
100658
100657
100657
100675
100678
100672
100674
100670
100672
100669
100670
100668
100669
100667
100667
100666
100666
100666
100665
100665
100665
100664
100664
100670
100674
100667
100670
100666
100667
100664
100666
100663
100664
100663
100663
100662
100662
100661
100661
100660
100660
100660
100660
100672
100676
100670
100672
100668
100670
100667
100668
100666
100666
100665
100665
100664
100664
100663
100663
100663
100662
100662
100662
100672
100676
100670
100672
100668
100670
100667
100668
100666
100666
100665
100665
100664
100664
100663
100663
100663
100662
100662
100662
100670
100674
100667
100670
100666
100667
100664
100666
100663
100664
100663
100663
100662
100662
100661
100661
100660
100660
100660
100660
100675
100678
100672
100674
100670
100672
100669
100670
100668
100669
100667
100667
100666
100666
100666
100665
100665
100665
100664
100664
100668
100671
100665
100667
100663
100665
100662
100663
100661
100662
100660
100661
100659
100659
100659
100659
100658
100658
100657
100657
100677
100681
100674
100677
100672
100674
100671
100672
100670
100671
100669
100670
100669
100669
100668
100668
100667
100667
100667
100667
100667
100669
100662
100665
100660
100662
100659
100661
100659
100659
100658
100658
100657
100657
100656
100656
100656
100655
100655
100655
100701
100685
100692
100682
100688
100680
100685
100679
100683
100678
100681
100677
100679
100675
100677
100674
100676
100673
100674
100672
100685
100672
100679
100669
100675
100668
100673
100666
100670
100665
100668
100664
100666
100663
100665
100662
100663
100660
100661
100659
100693
100680
100687
100677
100683
100675
100680
100673
100678
100672
100675
100671
100674
100670
100672
100669
100670
100668
100669
100666
100686
100674
100681
100671
100677
100669
100674
100668
100672
100667
100670
100665
100668
100664
100666
100663
100665
100662
100663
100661
100690
100678
100685
100675
100681
100673
100678
100672
100676
100670
100674
100669
100672
100668
100670
100667
100668
100666
100667
100665
100687
100676
100683
100673
100679
100671
100676
100670
100674
100669
100672
100667
100670
100666
100668
100665
100667
100664
100665
100663
100687
100676
100683
100673
100679
100671
100676
100670
100674
100669
100672
100667
100670
100666
100668
100665
100667
100664
100665
100663
100690
100678
100685
100675
100681
100673
100678
100672
100676
100670
100674
100669
100672
100668
100670
100667
100668
100666
100667
100665
100686
100674
100681
100671
100677
100669
100674
100668
100672
100667
100670
100665
100668
100664
100666
100663
100665
100662
100663
100661
100693
100680
100687
100677
100683
100675
100680
100673
100678
100672
100675
100671
100674
100670
100672
100669
100670
100668
100669
100666
100685
100672
100679
100669
100675
100668
100673
100666
100670
100665
100668
100664
100666
100663
100665
100662
100663
100660
100661
100659
100701
100685
100692
100682
100688
100680
100685
100679
100683
100678
100681
100677
100679
100675
100677
100674
100676
100673
100674
100672
100693
100681
100682
100671
100671
100661
100661
100652
100652
100643
100642
100634
100633
100626
100624
100617
100615
100608
100605
100598
100596
100589
100586
100579
100576
100570
100566
100560
100556
100549
100545
100538
100534
100527
100522
100515
100510
100502
100497
100489
100483
100475
100469
100461
100454
100446
100439
100430
100423
100414
100406
100397
100389
100380
100371
100362
100354
100344
100336
100326
100317
100308
100299
100289
100280
100270
100261
100252
100242
100233
100223
100214
100204
100195
100185
100176
100166
100157
100147
100138
100128
100119
100109
100099
100090
100080
100071
100061
100052
100043
100659
100645
100646
100635
100635
100625
100625
100616
100615
100607
100606
100598
100597
100589
100587
100580
100578
100571
100569
100562
100559
100552
100550
100543
100540
100533
100530
100523
100519
100513
100509
100502
100497
100490
100486
100478
100473
100466
100460
100453
100447
100439
100432
100424
100418
100409
100402
100393
100386
100377
100369
100360
100352
100343
100335
100326
100317
100308
100299
100289
100281
100271
100262
100253
100244
100234
100225
100215
100206
100196
100187
100177
100168
100158
100149
100139
100130
100120
100111
100101
100092
100082
100073
100063
100054
100044
100035
100025
100016
100006
100678
100665
100667
100655
100656
100646
100646
100637
100636
100628
100627
100619
100618
100610
100608
100601
100599
100592
100590
100583
100580
100573
100571
100564
100561
100554
100551
100544
100540
100534
100530
100523
100518
100511
100507
100499
100494
100487
100481
100474
100468
100460
100453
100445
100439
100430
100423
100414
100407
100398
100390
100381
100373
100364
100356
100346
100338
100329
100320
100310
100302
100292
100283
100273
100264
100255
100246
100236
100227
100217
100208
100198
100189
100179
100170
100160
100151
100141
100132
100122
100113
100103
100093
100084
100074
100065
100055
100046
100037
100027
100663
100649
100650
100639
100640
100630
100630
100620
100620
100611
100610
100602
100601
100593
100592
100584
100582
100575
100573
100566
100564
100557
100554
100547
100544
100537
100534
100527
100524
100517
100513
100506
100502
100495
100490
100483
100478
100470
100465
100457
100451
100443
100437
100429
100422
100413
100406
100398
100390
100381
100374
100365
100357
100347
100339
100330
100321
100312
100303
100294
100285
100275
100266
100257
100248
100238
100229
100219
100210
100200
100191
100182
100172
100163
100153
100144
100134
100124
100115
100105
100096
100086
100077
100067
100058
100048
100039
100029
100020
100011
100673
100660
100661
100650
100650
100640
100640
100631
100631
100622
100621
100613
100612
100604
100603
100595
100593
100586
100584
100577
100575
100568
100565
100558
100555
100549
100545
100538
100535
100528
100524
100517
100513
100506
100501
100494
100489
100481
100476
100468
100462
100454
100448
100440
100433
100425
100417
100409
100401
100392
100385
100376
100368
100359
100350
100341
100332
100323
100314
100305
100296
100286
100278
100268
100259
100249
100240
100230
100221
100212
100202
100193
100183
100174
100164
100155
100145
100136
100126
100116
100107
100097
100088
100078
100069
100059
100050
100040
100031
100022
100668
100654
100656
100644
100645
100635
100635
100626
100625
100617
100616
100608
100606
100599
100597
100590
100588
100581
100578
100571
100569
100562
100559
100553
100550
100543
100540
100533
100529
100522
100518
100511
100507
100500
100495
100488
100483
100476
100470
100462
100456
100448
100442
100434
100427
100419
100412
100403
100396
100387
100379
100370
100362
100353
100345
100335
100327
100317
100309
100299
100290
100281
100272
100262
100253
100244
100234
100225
100216
100206
100197
100187
100178
100168
100159
100149
100140
100130
100120
100111
100101
100092
100082
100073
100063
100054
100044
100035
100025
100016
100668
100655
100656
100645
100645
100635
100635
100626
100626
100617
100616
100608
100607
100599
100597
100590
100588
100581
100579
100572
100569
100563
100560
100553
100550
100543
100540
100533
100530
100523
100519
100512
100508
100501
100496
100489
100483
100476
100470
100463
100457
100449
100443
100434
100428
100419
100412
100404
100396
100387
100380
100371
100363
100353
100345
100336
100327
100318
100309
100300
100291
100281
100272
100263
100254
100244
100235
100225
100216
100206
100197
100187
100178
100168
100159
100149
100140
100130
100121
100111
100102
100092
100083
100073
100064
100054
100045
100035
100026
100016
100673
100660
100661
100650
100650
100640
100640
100631
100630
100622
100621
100613
100612
100604
100602
100595
100593
100586
100584
100577
100574
100567
100565
100558
100555
100548
100545
100538
100534
100528
100524
100517
100512
100505
100501
100493
100488
100481
100475
100468
100462
100454
100447
100439
100433
100424
100417
100408
100401
100392
100384
100375
100367
100358
100350
100341
100332
100323
100314
100304
100296
100286
100277
100268
100258
100249
100240
100230
100221
100211
100202
100192
100183
100173
100164
100154
100145
100135
100126
100116
100107
100097
100088
100078
100069
100059
100050
100040
100031
100021
100663
100649
100651
100639
100640
100630
100630
100621
100620
100612
100611
100603
100601
100594
100592
100585
100583
100576
100573
100567
100564
100557
100554
100548
100545
100538
100535
100528
100524
100517
100513
100507
100502
100495
100490
100483
100478
100471
100465
100457
100452
100444
100437
100429
100422
100414
100407
100398
100391
100382
100374
100365
100357
100348
100340
100330
100322
100312
100304
100294
100286
100276
100267
100257
100248
100239
100230
100220
100211
100201
100192
100182
100173
100163
100154
100144
100135
100125
100116
100106
100096
100087
100077
100068
100058
100049
100039
100030
100021
100011
100678
100665
100667
100655
100656
100646
100646
100636
100636
100627
100626
100618
100617
100610
100608
100601
100599
100591
100589
100582
100580
100573
100570
100563
100560
100554
100550
100544
100540
100533
100529
100522
100518
100511
100506
100499
100494
100486
100481
100473
100467
100459
100453
100445
100438
100430
100423
100414
100407
100398
100390
100381
100373
100364
100355
100346
100338
100328
100320
100310
100301
100292
100283
100273
100264
100254
100245
100236
100226
100217
100207
100198
100188
100179
100169
100160
100150
100141
100131
100122
100112
100103
100093
100084
100074
100065
100055
100046
100036
100027
100659
100645
100647
100635
100636
100626
100626
100617
100616
100607
100607
100599
100597
100590
100588
100581
100579
100571
100569
100562
100560
100553
100550
100543
100540
100534
100530
100524
100520
100513
100509
100502
100498
100491
100486
100479
100474
100466
100461
100453
100447
100439
100433
100425
100418
100410
100403
100394
100387
100378
100370
100361
100353
100344
100335
100326
100318
100308
100300
100290
100281
100272
100263
100253
100244
100234
100225
100216
100206
100197
100187
100178
100168
100159
100149
100140
100130
100121
100111
100102
100092
100083
100073
100064
100054
100045
100035
100026
100016
100007
100693
100680
100682
100670
100671
100661
100661
100652
100651
100643
100642
100634
100633
100625
100623
100616
100614
100607
100605
100598
100595
100588
100586
100579
100576
100569
100566
100559
100555
100549
100545
100538
100533
100526
100522
100514
100509
100502
100496
100489
100483
100475
100468
100460
100454
100445
100438
100429
100422
100413
100405
100396
100388
100379
100371
100361
100353
100344
100335
100325
100317
100307
100298
100288
100279
100270
100261
100251
100242
100232
100223
100213
100204
100194
100185
100175
100166
100156
100147
100137
100127
100118
100108
100099
100089
100080
100070
100061
100051
100042
100638
100630
100630
100623
100623
100615
100615
100607
100607
100599
100598
100591
100590
100583
100581
100574
100573
100566
100564
100557
100555
100548
100545
100539
100536
100529
100526
100519
100516
100509
100505
100498
100494
100487
100482
100475
100470
100462
100457
100449
100443
100435
100429
100421
100414
100406
100399
100390
100383
100374
100366
100357
100349
100340
100332
100322
100314
100304
100296
100286
100278
100268
100259
100249
100240
100231
100222
100212
100203
100193
100184
100174
100165
100155
100146
100136
100127
100117
100107
100098
100088
100079
100069
100060
100050
100040
100031
100021
100011
100002
100671
100664
100664
100657
100657
100649
100649
100642
100641
100634
100633
100626
100624
100617
100616
100609
100607
100600
100598
100591
100589
100582
100580
100573
100570
100563
100560
100553
100550
100543
100539
100532
100528
100521
100516
100509
100504
100497
100491
100484
100478
100470
100463
100455
100449
100440
100433
100424
100417
100408
100400
100391
100383
100374
100366
100357
100348
100339
100330
100321
100312
100302
100293
100284
100275
100265
100256
100246
100237
100227
100218
100208
100199
100189
100180
100170
100161
100151
100142
100132
100123
100113
100103
100094
100084
100075
100065
100055
100045
100036
100646
100638
100638
100631
100630
100623
100623
100615
100614
100607
100606
100599
100598
100591
100589
100582
100580
100574
100571
100565
100562
100556
100553
100546
100543
100537
100534
100527
100523
100517
100513
100506
100502
100495
100490
100483
100478
100470
100465
100457
100451
100443
100437
100429
100422
100414
100407
100398
100391
100382
100374
100365
100357
100348
100339
100330
100322
100312
100304
100294
100285
100276
100267
100257
100248
100238
100229
100220
100210
100201
100191
100182
100172
100163
100153
100144
100134
100125
100115
100106
100096
100087
100077
100067
100058
100048
100038
100029
100019
100010
100665
100657
100657
100650
100650
100643
100642
100635
100634
100627
100626
100619
100617
100611
100609
100602
100600
100593
100591
100585
100582
100576
100573
100566
100563
100557
100553
100547
100543
100536
100532
100526
100521
100514
100510
100502
100497
100490
100484
100477
100471
100463
100457
100449
100442
100433
100426
100418
100410
100401
100394
100385
100377
100367
100359
100350
100341
100332
100323
100314
100305
100295
100287
100277
100268
100258
100249
100239
100230
100221
100211
100202
100192
100183
100173
100164
100154
100144
100135
100125
100116
100106
100097
100087
100077
100068
100058
100049
100039
100029
100653
100645
100645
100637
100637
100630
100629
100622
100621
100614
100613
100606
100604
100597
100596
100589
100587
100580
100578
100571
100569
100562
100560
100553
100550
100543
100540
100533
100530
100523
100519
100512
100508
100501
100496
100489
100484
100477
100471
100464
100458
100450
100443
100435
100429
100420
100413
100404
100397
100388
100381
100371
100364
100354
100346
100337
100328
100319
100310
100301
100292
100282
100273
100264
100255
100245
100236
100226
100217
100207
100198
100188
100179
100169
100160
100150
100141
100131
100122
100112
100103
100093
100084
100074
100064
100055
100045
100036
100026
100016
100659
100651
100651
100644
100644
100636
100636
100628
100628
100620
100619
100612
100611
100604
100602
100596
100594
100587
100585
100578
100576
100569
100566
100560
100557
100550
100547
100540
100537
100530
100526
100519
100515
100508
100503
100496
100491
100484
100478
100470
100464
100457
100450
100442
100435
100427
100420
100411
100404
100395
100387
100378
100370
100361
100353
100343
100335
100326
100317
100307
100299
100289
100280
100270
100261
100252
100243
100233
100224
100214
100205
100195
100186
100176
100167
100157
100148
100138
100129
100119
100109
100100
100090
100081
100071
100062
100052
100042
100032
100023
100659
100651
100651
100643
100643
100636
100635
100628
100627
100620
100619
100612
100611
100604
100602
100595
100593
100586
100584
100578
100575
100569
100566
100559
100556
100550
100546
100540
100536
100530
100526
100519
100514
100507
100503
100496
100490
100483
100478
100470
100464
100456
100450
100442
100435
100427
100419
100411
100403
100395
100387
100378
100370
100361
100352
100343
100335
100325
100316
100307
100298
100289
100280
100270
100261
100251
100242
100233
100223
100214
100204
100195
100185
100176
100166
100157
100147
100138
100128
100118
100109
100099
100090
100080
100071
100061
100051
100042
100032
100022
100653
100645
100645
100637
100637
100630
100629
100622
100621
100614
100613
100606
100605
100598
100596
100589
100587
100581
100578
100572
100569
100563
100560
100553
100550
100544
100541
100534
100530
100524
100520
100513
100509
100502
100497
100490
100485
100477
100472
100464
100458
100450
100444
100436
100429
100421
100414
100405
100398
100389
100381
100372
100364
100355
100346
100337
100329
100319
100311
100301
100292
100283
100274
100264
100255
100245
100236
100227
100217
100208
100198
100189
100179
100170
100160
100151
100141
100132
100122
100113
100103
100094
100084
100074
100065
100055
100045
100036
100026
100017
100665
100657
100657
100650
100650
100642
100642
100634
100634
100626
100625
100618
100617
100610
100608
100602
100600
100593
100591
100584
100582
100575
100572
100566
100563
100556
100553
100546
100543
100536
100532
100525
100521
100514
100509
100502
100497
100489
100484
100476
100470
100462
100456
100448
100441
100433
100426
100417
100410
100401
100393
100384
100376
100367
100359
100349
100341
100331
100323
100313
100305
100295
100286
100276
100267
100258
100249
100239
100230
100220
100211
100201
100192
100182
100173
100163
100154
100144
100134
100125
100115
100106
100096
100087
100077
100067
100058
100048
100038
100029
100646
100638
100638
100631
100631
100623
100623
100616
100615
100608
100607
100599
100598
100591
100589
100583
100581
100574
100572
100565
100563
100556
100553
100547
100544
100537
100534
100527
100524
100517
100513
100506
100502
100495
100490
100483
100478
100471
100465
100457
100452
100444
100437
100429
100422
100414
100407
100398
100391
100382
100374
100365
100357
100348
100340
100331
100322
100313
100304
100294
100286
100276
100267
100258
100249
100239
100230
100220
100211
100201
100192
100182
100173
100163
100154
100144
100135
100125
100116
100106
100096
100087
100077
100068
100058
100049
100039
100029
100020
100010
100671
100664
100664
100656
100656
100649
100648
100641
100640
100633
100632
100625
100624
100617
100615
100608
100606
100600
100597
100591
100588
100582
100579
100572
100569
100563
100559
100553
100549
100543
100539
100532
100527
100520
100516
100509
100504
100496
100491
100483
100477
100469
100463
100455
100448
100440
100432
100424
100416
100408
100400
100391
100383
100374
100365
100356
100348
100338
100329
100320
100311
100302
100293
100283
100274
100264
100255
100245
100236
100227
100217
100208
100198
100189
100179
100170
100160
100151
100141
100131
100122
100112
100103
100093
100084
100074
100064
100055
100045
100035
100638
100631
100631
100623
100623
100616
100615
100608
100607
100600
100599
100592
100590
100583
100582
100575
100573
100566
100564
100557
100555
100548
100546
100539
100536
100529
100526
100520
100516
100509
100505
100498
100494
100487
100482
100475
100470
100463
100457
100450
100444
100436
100430
100421
100415
100406
100399
100391
100383
100374
100367
100358
100350
100340
100332
100323
100314
100305
100296
100287
100278
100268
100259
100250
100241
100231
100222
100212
100203
100193
100184
100174
100165
100155
100146
100136
100127
100117
100108
100098
100089
100079
100070
100060
100050
100041
100031
100022
100012
100002
100646
100640
100639
100633
100632
100627
100626
100620
100619
100612
100611
100605
100604
100597
100596
100589
100588
100581
100579
100573
100570
100564
100561
100555
100552
100545
100542
100536
100532
100526
100522
100515
100511
100504
100499
100492
100487
100479
100474
100466
100460
100453
100446
100438
100431
100423
100416
100407
100400
100391
100383
100374
100366
100357
100349
100340
100331
100322
100313
100304
100295
100285
100276
100267
100258
100248
100239
100229
100220
100210
100201
100191
100182
100172
100163
100153
100144
100134
100125
100115
100106
100096
100086
100077
100067
100058
100048
100038
100029
100019
100646
100640
100639
100633
100632
100627
100626
100620
100619
100612
100611
100605
100604
100597
100596
100589
100588
100581
100579
100573
100570
100564
100561
100555
100552
100545
100542
100536
100532
100526
100522
100515
100511
100504
100499
100492
100487
100479
100474
100466
100460
100453
100446
100438
100431
100423
100416
100407
100400
100391
100383
100374
100366
100357
100349
100340
100331
100322
100313
100304
100295
100285
100276
100267
100258
100248
100239
100229
100220
100210
100201
100191
100182
100172
100163
100153
100144
100134
100125
100115
100106
100096
100086
100077
100067
100058
100048
100039
100029
100019
100646
100640
100639
100633
100632
100626
100625
100620
100618
100612
100611
100605
100604
100597
100596
100589
100587
100581
100579
100573
100570
100564
100561
100555
100552
100545
100542
100536
100532
100525
100522
100515
100511
100504
100499
100492
100487
100479
100474
100466
100460
100453
100446
100438
100431
100423
100416
100407
100400
100391
100383
100374
100366
100357
100349
100340
100331
100322
100313
100304
100295
100285
100276
100267
100258
100248
100239
100229
100220
100210
100201
100191
100182
100172
100163
100153
100144
100134
100125
100115
100105
100096
100086
100077
100067
100058
100048
100038
100029
100019
100646
100640
100639
100633
100632
100627
100626
100620
100619
100612
100611
100605
100604
100597
100596
100589
100588
100581
100579
100573
100570
100564
100561
100555
100552
100545
100542
100536
100532
100526
100522
100515
100511
100504
100499
100492
100487
100479
100474
100466
100461
100453
100446
100438
100431
100423
100416
100407
100400
100391
100383
100374
100366
100357
100349
100340
100331
100322
100313
100304
100295
100285
100276
100267
100258
100248
100239
100229
100220
100210
100201
100191
100182
100172
100163
100153
100144
100134
100125
100115
100106
100096
100086
100077
100067
100058
100048
100039
100029
100019
100646
100640
100639
100633
100632
100626
100625
100620
100618
100612
100611
100605
100604
100597
100596
100589
100587
100581
100579
100573
100570
100564
100561
100555
100552
100545
100542
100536
100532
100525
100522
100515
100511
100504
100499
100492
100487
100479
100474
100466
100460
100453
100446
100438
100431
100423
100416
100407
100400
100391
100383
100374
100366
100357
100349
100340
100331
100322
100313
100304
100295
100285
100276
100267
100258
100248
100239
100229
100220
100210
100201
100191
100182
100172
100163
100153
100144
100134
100125
100115
100105
100096
100086
100077
100067
100058
100048
100038
100029
100019
100646
100640
100639
100633
100632
100627
100626
100620
100619
100612
100611
100605
100604
100597
100596
100589
100588
100581
100579
100573
100570
100564
100561
100555
100552
100545
100542
100536
100532
100526
100522
100515
100511
100504
100499
100492
100487
100479
100474
100466
100460
100453
100446
100438
100431
100423
100416
100407
100400
100391
100383
100374
100366
100357
100349
100340
100331
100322
100313
100304
100295
100285
100276
100267
100258
100248
100239
100229
100220
100210
100201
100191
100182
100172
100163
100153
100144
100134
100125
100115
100106
100096
100086
100077
100067
100058
100048
100039
100029
100019
100646
100640
100639
100633
100632
100627
100626
100620
100619
100612
100611
100605
100604
100597
100596
100589
100587
100581
100579
100573
100570
100564
100561
100555
100552
100545
100542
100536
100532
100526
100522
100515
100511
100504
100499
100492
100487
100479
100474
100466
100460
100453
100446
100438
100431
100423
100416
100407
100400
100391
100383
100374
100366
100357
100349
100340
100331
100322
100313
100304
100295
100285
100276
100267
100258
100248
100239
100229
100220
100210
100201
100191
100182
100172
100163
100153
100144
100134
100125
100115
100106
100096
100086
100077
100067
100058
100048
100038
100029
100019
100646
100640
100639
100633
100632
100626
100625
100620
100619
100612
100611
100605
100604
100597
100596
100589
100587
100581
100579
100573
100570
100564
100561
100555
100552
100545
100542
100536
100532
100526
100522
100515
100511
100504
100499
100492
100487
100479
100474
100466
100460
100453
100446
100438
100431
100423
100416
100407
100400
100391
100383
100374
100366
100357
100349
100340
100331
100322
100313
100304
100295
100285
100276
100267
100258
100248
100239
100229
100220
100210
100201
100191
100182
100172
100163
100153
100144
100134
100125
100115
100105
100096
100086
100077
100067
100058
100048
100038
100029
100019
100646
100640
100639
100633
100632
100627
100626
100620
100619
100612
100611
100605
100604
100597
100596
100589
100588
100581
100579
100573
100570
100564
100561
100555
100552
100545
100542
100536
100532
100526
100522
100515
100511
100504
100499
100492
100487
100479
100474
100466
100460
100453
100446
100438
100431
100423
100416
100407
100400
100391
100383
100374
100366
100357
100349
100340
100331
100322
100313
100304
100295
100285
100276
100267
100258
100248
100239
100229
100220
100210
100201
100191
100182
100172
100163
100153
100144
100134
100125
100115
100106
100096
100086
100077
100067
100058
100048
100039
100029
100019
100646
100640
100639
100633
100632
100626
100625
100620
100618
100612
100611
100605
100604
100597
100596
100589
100587
100581
100579
100573
100570
100564
100561
100555
100552
100545
100542
100536
100532
100525
100522
100515
100511
100504
100499
100492
100487
100479
100474
100466
100460
100453
100446
100438
100431
100423
100416
100407
100400
100391
100383
100374
100366
100357
100349
100340
100331
100322
100313
100304
100295
100285
100276
100267
100258
100248
100239
100229
100220
100210
100201
100191
100182
100172
100163
100153
100144
100134
100125
100115
100105
100096
100086
100077
100067
100058
100048
100038
100029
100019
100646
100640
100639
100633
100632
100627
100626
100620
100619
100612
100611
100605
100604
100597
100596
100589
100588
100581
100579
100573
100570
100564
100561
100555
100552
100545
100542
100536
100532
100526
100522
100515
100511
100504
100499
100492
100487
100479
100474
100466
100460
100453
100446
100438
100431
100423
100416
100407
100400
100391
100383
100374
100366
100357
100349
100340
100331
100322
100313
100304
100295
100285
100276
100267
100258
100248
100239
100229
100220
100210
100201
100191
100182
100172
100163
100153
100144
100134
100125
100115
100106
100096
100086
100077
100067
100058
100048
100039
100029
100019
100646
100640
100639
100633
100632
100627
100626
100620
100619
100612
100611
100605
100604
100597
100596
100589
100588
100581
100579
100573
100570
100564
100561
100555
100552
100545
100542
100536
100532
100526
100522
100515
100511
100504
100499
100492
100487
100479
100474
100466
100460
100453
100446
100438
100431
100423
100416
100407
100400
100391
100383
100374
100366
100357
100349
100340
100331
100322
100313
100304
100295
100285
100276
100267
100258
100248
100239
100229
100220
100210
100201
100191
100182
100172
100163
100153
100144
100134
100125
100115
100106
100096
100086
100077
100067
100058
100048
100038
100029
100019
100646
100640
100639
100633
100632
100627
100626
100620
100619
100612
100611
100605
100604
100597
100596
100589
100588
100581
100579
100573
100570
100564
100561
100555
100552
100545
100542
100536
100532
100526
100522
100515
100511
100504
100499
100492
100487
100479
100474
100466
100460
100453
100446
100438
100431
100423
100416
100407
100400
100391
100383
100374
100366
100357
100349
100340
100331
100322
100313
100304
100295
100285
100276
100267
100258
100248
100239
100229
100220
100210
100201
100191
100182
100172
100163
100153
100144
100134
100125
100115
100106
100096
100086
100077
100067
100058
100048
100038
100029
100019
100646
100640
100639
100633
100632
100627
100626
100620
100619
100612
100611
100605
100604
100597
100596
100589
100588
100581
100579
100573
100570
100564
100561
100555
100552
100545
100542
100536
100532
100526
100522
100515
100511
100504
100499
100492
100487
100479
100474
100466
100460
100453
100446
100438
100431
100423
100416
100407
100400
100391
100383
100374
100366
100357
100349
100340
100331
100322
100313
100304
100295
100285
100276
100267
100258
100248
100239
100229
100220
100210
100201
100191
100182
100172
100163
100153
100144
100134
100125
100115
100106
100096
100086
100077
100067
100058
100048
100039
100029
100019
100646
100640
100639
100633
100632
100626
100625
100620
100618
100612
100611
100605
100604
100597
100596
100589
100587
100581
100579
100573
100570
100564
100561
100555
100552
100545
100542
100536
100532
100525
100522
100515
100511
100504
100499
100492
100487
100479
100474
100466
100460
100453
100446
100438
100431
100423
100416
100407
100400
100391
100383
100374
100366
100357
100349
100340
100331
100322
100313
100304
100295
100285
100276
100267
100258
100248
100239
100229
100220
100210
100201
100191
100182
100172
100163
100153
100144
100134
100125
100115
100105
100096
100086
100077
100067
100058
100048
100038
100029
100019
100646
100640
100639
100633
100632
100627
100626
100620
100619
100612
100611
100605
100604
100597
100596
100589
100588
100581
100579
100573
100570
100564
100561
100555
100552
100545
100542
100536
100532
100526
100522
100515
100511
100504
100499
100492
100487
100479
100474
100466
100461
100453
100446
100438
100431
100423
100416
100407
100400
100391
100383
100374
100366
100357
100349
100340
100331
100322
100313
100304
100295
100285
100276
100267
100258
100248
100239
100229
100220
100210
100201
100191
100182
100172
100163
100153
100144
100134
100125
100115
100106
100096
100086
100077
100067
100058
100048
100039
100029
100019
100646
100640
100639
100633
100632
100626
100625
100620
100618
100612
100611
100605
100604
100597
100596
100589
100587
100581
100579
100573
100570
100564
100561
100555
100552
100545
100542
100536
100532
100525
100522
100515
100511
100504
100499
100492
100487
100479
100474
100466
100460
100453
100446
100438
100431
100423
100416
100407
100400
100391
100383
100374
100366
100357
100349
100340
100331
100322
100313
100304
100295
100285
100276
100267
100258
100248
100239
100229
100220
100210
100201
100191
100182
100172
100163
100153
100144
100134
100125
100115
100105
100096
100086
100077
100067
100058
100048
100038
100029
100019
100646
100640
100639
100633
100632
100627
100626
100620
100619
100612
100611
100605
100604
100597
100596
100589
100588
100581
100579
100573
100570
100564
100561
100555
100552
100545
100542
100536
100532
100526
100522
100515
100511
100504
100499
100492
100487
100479
100474
100466
100460
100453
100446
100438
100431
100423
100416
100407
100400
100391
100383
100374
100366
100357
100349
100340
100331
100322
100313
100304
100295
100285
100276
100267
100258
100248
100239
100229
100220
100210
100201
100191
100182
100172
100163
100153
100144
100134
100125
100115
100106
100096
100086
100077
100067
100058
100048
100039
100029
100019
100646
100640
100639
100633
100632
100627
100626
100620
100619
100612
100611
100605
100604
100597
100596
100589
100587
100581
100579
100573
100570
100564
100561
100555
100552
100545
100542
100536
100532
100526
100522
100515
100511
100504
100499
100492
100487
100479
100474
100466
100460
100453
100446
100438
100431
100423
100416
100407
100400
100391
100383
100374
100366
100357
100349
100340
100331
100322
100313
100304
100295
100285
100276
100267
100258
100248
100239
100229
100220
100210
100201
100191
100182
100172
100163
100153
100144
100134
100125
100115
100106
100096
100086
100077
100067
100058
100048
100038
100029
100019
100646
100640
100639
100633
100632
100626
100625
100620
100619
100612
100611
100605
100604
100597
100596
100589
100587
100581
100579
100573
100570
100564
100561
100555
100552
100545
100542
100536
100532
100526
100522
100515
100511
100504
100499
100492
100487
100479
100474
100466
100460
100453
100446
100438
100431
100423
100416
100407
100400
100391
100383
100374
100366
100357
100349
100340
100331
100322
100313
100304
100295
100285
100276
100267
100258
100248
100239
100229
100220
100210
100201
100191
100182
100172
100163
100153
100144
100134
100125
100115
100105
100096
100086
100077
100067
100058
100048
100038
100029
100019
100646
100640
100639
100633
100632
100627
100626
100620
100619
100612
100611
100605
100604
100597
100596
100589
100588
100581
100579
100573
100570
100564
100561
100555
100552
100545
100542
100536
100532
100526
100522
100515
100511
100504
100499
100492
100487
100479
100474
100466
100460
100453
100446
100438
100431
100423
100416
100407
100400
100391
100383
100374
100366
100357
100349
100340
100331
100322
100313
100304
100295
100285
100276
100267
100258
100248
100239
100229
100220
100210
100201
100191
100182
100172
100163
100153
100144
100134
100125
100115
100106
100096
100086
100077
100067
100058
100048
100039
100029
100019
100646
100640
100639
100633
100632
100626
100625
100620
100618
100612
100611
100605
100604
100597
100596
100589
100587
100581
100579
100573
100570
100564
100561
100555
100552
100545
100542
100536
100532
100525
100522
100515
100511
100504
100499
100492
100487
100479
100474
100466
100460
100453
100446
100438
100431
100423
100416
100407
100400
100391
100383
100374
100366
100357
100349
100340
100331
100322
100313
100304
100295
100285
100276
100267
100258
100248
100239
100229
100220
100210
100201
100191
100182
100172
100163
100153
100144
100134
100125
100115
100105
100096
100086
100077
100067
100058
100048
100038
100029
100019
100646
100640
100639
100633
100632
100627
100626
100620
100619
100612
100611
100605
100604
100597
100596
100589
100588
100581
100579
100573
100570
100564
100561
100555
100552
100545
100542
100536
100532
100526
100522
100515
100511
100504
100499
100492
100487
100479
100474
100466
100460
100453
100446
100438
100431
100423
100416
100407
100400
100391
100383
100374
100366
100357
100349
100340
100331
100322
100313
100304
100295
100285
100276
100267
100258
100248
100239
100229
100220
100210
100201
100191
100182
100172
100163
100153
100144
100134
100125
100115
100106
100096
100086
100077
100067
100058
100048
100039
100029
100019
100646
100640
100639
100633
100632
100627
100626
100620
100619
100612
100611
100605
100604
100597
100596
100589
100588
100581
100579
100573
100570
100564
100561
100555
100552
100545
100542
100536
100532
100526
100522
100515
100511
100504
100499
100492
100487
100479
100474
100466
100460
100453
100446
100438
100431
100423
100416
100407
100400
100391
100383
100374
100366
100357
100349
100340
100331
100322
100313
100304
100295
100285
100276
100267
100258
100248
100239
100229
100220
100210
100201
100191
100182
100172
100163
100153
100144
100134
100125
100115
100106
100096
100086
100077
100067
100058
100048
100038
100029
100019
100638
100630
100630
100623
100623
100615
100615
100607
100607
100599
100598
100591
100590
100583
100581
100574
100573
100566
100564
100557
100555
100548
100545
100539
100536
100529
100526
100519
100516
100509
100505
100498
100494
100487
100482
100475
100470
100462
100457
100449
100443
100435
100429
100421
100414
100406
100399
100390
100383
100374
100366
100357
100349
100340
100332
100322
100314
100304
100296
100286
100278
100268
100259
100249
100240
100231
100222
100212
100203
100193
100184
100174
100165
100155
100146
100136
100127
100117
100107
100098
100088
100079
100069
100060
100050
100040
100031
100021
100011
100002
100671
100664
100664
100657
100657
100649
100649
100642
100641
100634
100633
100626
100624
100617
100616
100609
100607
100600
100598
100591
100589
100582
100580
100573
100570
100563
100560
100553
100550
100543
100539
100532
100528
100521
100516
100509
100504
100497
100491
100484
100478
100470
100463
100455
100449
100440
100433
100424
100417
100408
100400
100391
100383
100374
100366
100357
100348
100339
100330
100321
100312
100302
100293
100284
100275
100265
100256
100246
100237
100227
100218
100208
100199
100189
100180
100170
100161
100151
100142
100132
100123
100113
100103
100094
100084
100075
100065
100055
100045
100036
100646
100638
100638
100631
100630
100623
100623
100615
100614
100607
100606
100599
100598
100591
100589
100582
100580
100574
100571
100565
100562
100556
100553
100546
100543
100537
100534
100527
100523
100517
100513
100506
100502
100495
100490
100483
100478
100470
100465
100457
100451
100443
100437
100429
100422
100414
100407
100398
100391
100382
100374
100365
100357
100348
100339
100330
100322
100312
100304
100294
100285
100276
100267
100257
100248
100238
100229
100220
100210
100201
100191
100182
100172
100163
100153
100144
100134
100125
100115
100106
100096
100087
100077
100067
100058
100048
100038
100029
100019
100010
100665
100657
100657
100650
100650
100643
100642
100635
100634
100627
100626
100619
100617
100611
100609
100602
100600
100593
100591
100585
100582
100576
100573
100566
100563
100557
100553
100547
100543
100536
100532
100526
100521
100514
100510
100502
100497
100490
100484
100477
100471
100463
100457
100449
100442
100433
100426
100418
100410
100401
100394
100385
100377
100367
100359
100350
100341
100332
100323
100314
100305
100295
100287
100277
100268
100258
100249
100239
100230
100221
100211
100202
100192
100183
100173
100164
100154
100144
100135
100125
100116
100106
100097
100087
100077
100068
100058
100049
100039
100029
100653
100645
100645
100637
100637
100630
100629
100622
100621
100614
100613
100606
100604
100597
100596
100589
100587
100580
100578
100571
100569
100562
100560
100553
100550
100543
100540
100533
100530
100523
100519
100512
100508
100501
100496
100489
100484
100477
100471
100464
100458
100450
100443
100435
100429
100420
100413
100404
100397
100388
100381
100371
100364
100354
100346
100337
100328
100319
100310
100301
100292
100282
100273
100264
100255
100245
100236
100226
100217
100207
100198
100188
100179
100169
100160
100150
100141
100131
100122
100112
100103
100093
100084
100074
100064
100055
100045
100036
100026
100016
100659
100651
100651
100644
100644
100636
100636
100628
100628
100620
100619
100612
100611
100604
100602
100596
100594
100587
100585
100578
100576
100569
100566
100560
100557
100550
100547
100540
100537
100530
100526
100519
100515
100508
100503
100496
100491
100484
100478
100470
100464
100457
100450
100442
100435
100427
100420
100411
100404
100395
100387
100378
100370
100361
100353
100343
100335
100326
100317
100307
100299
100289
100280
100270
100261
100252
100243
100233
100224
100214
100205
100195
100186
100176
100167
100157
100148
100138
100129
100119
100109
100100
100090
100081
100071
100062
100052
100042
100032
100023
100659
100651
100651
100643
100643
100636
100635
100628
100627
100620
100619
100612
100611
100604
100602
100595
100593
100586
100584
100578
100575
100569
100566
100559
100556
100550
100546
100540
100536
100530
100526
100519
100514
100507
100503
100496
100490
100483
100478
100470
100464
100456
100450
100442
100435
100427
100419
100411
100403
100395
100387
100378
100370
100361
100352
100343
100335
100325
100316
100307
100298
100289
100280
100270
100261
100251
100242
100233
100223
100214
100204
100195
100185
100176
100166
100157
100147
100138
100128
100118
100109
100099
100090
100080
100071
100061
100051
100042
100032
100022
100653
100645
100645
100637
100637
100630
100629
100622
100621
100614
100613
100606
100605
100598
100596
100589
100587
100581
100578
100572
100569
100563
100560
100553
100550
100544
100541
100534
100530
100524
100520
100513
100509
100502
100497
100490
100485
100477
100472
100464
100458
100450
100444
100436
100429
100421
100414
100405
100398
100389
100381
100372
100364
100355
100346
100337
100329
100319
100311
100301
100292
100283
100274
100264
100255
100245
100236
100227
100217
100208
100198
100189
100179
100170
100160
100151
100141
100132
100122
100113
100103
100094
100084
100074
100065
100055
100045
100036
100026
100017
100665
100657
100657
100650
100650
100642
100642
100634
100634
100626
100625
100618
100617
100610
100608
100602
100600
100593
100591
100584
100582
100575
100572
100566
100563
100556
100553
100546
100543
100536
100532
100525
100521
100514
100509
100502
100497
100489
100484
100476
100470
100462
100456
100448
100441
100433
100426
100417
100410
100401
100393
100384
100376
100367
100359
100349
100341
100331
100323
100313
100305
100295
100286
100276
100267
100258
100249
100239
100230
100220
100211
100201
100192
100182
100173
100163
100154
100144
100134
100125
100115
100106
100096
100087
100077
100067
100058
100048
100038
100029
100646
100638
100638
100631
100631
100623
100623
100616
100615
100608
100607
100599
100598
100591
100589
100583
100581
100574
100572
100565
100563
100556
100553
100547
100544
100537
100534
100527
100524
100517
100513
100506
100502
100495
100490
100483
100478
100471
100465
100457
100452
100444
100437
100429
100422
100414
100407
100398
100391
100382
100374
100365
100357
100348
100340
100331
100322
100313
100304
100294
100286
100276
100267
100258
100249
100239
100230
100220
100211
100201
100192
100182
100173
100163
100154
100144
100135
100125
100116
100106
100096
100087
100077
100068
100058
100049
100039
100029
100020
100010
100671
100664
100664
100656
100656
100649
100648
100641
100640
100633
100632
100625
100624
100617
100615
100608
100606
100600
100597
100591
100588
100582
100579
100572
100569
100563
100559
100553
100549
100543
100539
100532
100527
100520
100516
100509
100504
100496
100491
100483
100477
100469
100463
100455
100448
100440
100432
100424
100416
100408
100400
100391
100383
100374
100365
100356
100348
100338
100329
100320
100311
100302
100293
100283
100274
100264
100255
100245
100236
100227
100217
100208
100198
100189
100179
100170
100160
100151
100141
100131
100122
100112
100103
100093
100084
100074
100064
100055
100045
100035
100638
100631
100631
100623
100623
100616
100615
100608
100607
100600
100599
100592
100590
100583
100582
100575
100573
100566
100564
100557
100555
100548
100546
100539
100536
100529
100526
100520
100516
100509
100505
100498
100494
100487
100482
100475
100470
100463
100457
100450
100444
100436
100430
100421
100415
100406
100399
100391
100383
100374
100367
100358
100350
100340
100332
100323
100314
100305
100296
100287
100278
100268
100259
100250
100241
100231
100222
100212
100203
100193
100184
100174
100165
100155
100146
100136
100127
100117
100108
100098
100089
100079
100070
100060
100050
100041
100031
100022
100012
100002
100693
100681
100682
100671
100671
100661
100661
100652
100652
100643
100642
100634
100633
100626
100624
100617
100615
100608
100605
100598
100596
100589
100586
100579
100576
100570
100566
100560
100556
100549
100545
100538
100534
100527
100522
100515
100510
100502
100497
100489
100483
100475
100469
100461
100454
100446
100439
100430
100423
100414
100406
100397
100389
100380
100371
100362
100354
100344
100336
100326
100317
100308
100299
100289
100280
100270
100261
100252
100242
100233
100223
100214
100204
100195
100185
100176
100166
100157
100147
100138
100128
100119
100109
100099
100090
100080
100071
100061
100052
100043
100659
100645
100646
100635
100635
100625
100625
100616
100615
100607
100606
100598
100597
100589
100587
100580
100578
100571
100569
100562
100559
100552
100550
100543
100540
100533
100530
100523
100519
100513
100509
100502
100497
100490
100486
100478
100473
100466
100460
100453
100447
100439
100432
100424
100418
100409
100402
100393
100386
100377
100369
100360
100352
100343
100335
100326
100317
100308
100299
100289
100281
100271
100262
100253
100244
100234
100225
100215
100206
100196
100187
100177
100168
100158
100149
100139
100130
100120
100111
100101
100092
100082
100073
100063
100054
100044
100035
100025
100016
100006
100678
100665
100667
100655
100656
100646
100646
100637
100636
100628
100627
100619
100618
100610
100608
100601
100599
100592
100590
100583
100580
100573
100571
100564
100561
100554
100551
100544
100540
100534
100530
100523
100518
100511
100507
100499
100494
100487
100481
100474
100468
100460
100453
100445
100439
100430
100423
100414
100407
100398
100390
100381
100373
100364
100356
100346
100338
100329
100320
100310
100302
100292
100283
100273
100264
100255
100246
100236
100227
100217
100208
100198
100189
100179
100170
100160
100151
100141
100132
100122
100113
100103
100093
100084
100074
100065
100055
100046
100037
100027
100663
100649
100650
100639
100640
100630
100630
100620
100620
100611
100610
100602
100601
100593
100592
100584
100582
100575
100573
100566
100564
100557
100554
100547
100544
100537
100534
100527
100524
100517
100513
100506
100502
100495
100490
100483
100478
100470
100465
100457
100451
100443
100437
100429
100422
100413
100406
100398
100390
100381
100374
100365
100357
100347
100339
100330
100321
100312
100303
100294
100285
100275
100266
100257
100248
100238
100229
100219
100210
100200
100191
100182
100172
100163
100153
100144
100134
100124
100115
100105
100096
100086
100077
100067
100058
100048
100039
100029
100020
100011
100673
100660
100661
100650
100650
100640
100640
100631
100631
100622
100621
100613
100612
100604
100603
100595
100593
100586
100584
100577
100575
100568
100565
100558
100555
100549
100545
100538
100535
100528
100524
100517
100513
100506
100501
100494
100489
100481
100476
100468
100462
100454
100448
100440
100433
100425
100417
100409
100401
100392
100385
100376
100368
100359
100350
100341
100332
100323
100314
100305
100296
100286
100278
100268
100259
100249
100240
100230
100221
100212
100202
100193
100183
100174
100164
100155
100145
100136
100126
100116
100107
100097
100088
100078
100069
100059
100050
100040
100031
100022
100668
100654
100656
100644
100645
100635
100635
100626
100625
100617
100616
100608
100606
100599
100597
100590
100588
100581
100578
100571
100569
100562
100559
100553
100550
100543
100540
100533
100529
100522
100518
100511
100507
100500
100495
100488
100483
100476
100470
100462
100456
100448
100442
100434
100427
100419
100412
100403
100396
100387
100379
100370
100362
100353
100345
100335
100327
100317
100309
100299
100290
100281
100272
100262
100253
100244
100234
100225
100216
100206
100197
100187
100178
100168
100159
100149
100140
100130
100120
100111
100101
100092
100082
100073
100063
100054
100044
100035
100025
100016
100668
100655
100656
100645
100645
100635
100635
100626
100626
100617
100616
100608
100607
100599
100597
100590
100588
100581
100579
100572
100569
100563
100560
100553
100550
100543
100540
100533
100530
100523
100519
100512
100508
100501
100496
100489
100483
100476
100470
100463
100457
100449
100443
100434
100428
100419
100412
100404
100396
100387
100380
100371
100363
100353
100345
100336
100327
100318
100309
100300
100291
100281
100272
100263
100254
100244
100235
100225
100216
100206
100197
100187
100178
100168
100159
100149
100140
100130
100121
100111
100102
100092
100083
100073
100064
100054
100045
100035
100026
100016
100673
100660
100661
100650
100650
100640
100640
100631
100630
100622
100621
100613
100612
100604
100602
100595
100593
100586
100584
100577
100574
100567
100565
100558
100555
100548
100545
100538
100534
100528
100524
100517
100512
100505
100501
100493
100488
100481
100475
100468
100462
100454
100447
100439
100433
100424
100417
100408
100401
100392
100384
100375
100367
100358
100350
100341
100332
100323
100314
100304
100296
100286
100277
100268
100258
100249
100240
100230
100221
100211
100202
100192
100183
100173
100164
100154
100145
100135
100126
100116
100107
100097
100088
100078
100069
100059
100050
100040
100031
100021
100663
100649
100651
100639
100640
100630
100630
100621
100620
100612
100611
100603
100601
100594
100592
100585
100583
100576
100573
100567
100564
100557
100554
100548
100545
100538
100535
100528
100524
100517
100513
100507
100502
100495
100490
100483
100478
100471
100465
100457
100452
100444
100437
100429
100422
100414
100407
100398
100391
100382
100374
100365
100357
100348
100340
100330
100322
100312
100304
100294
100286
100276
100267
100257
100248
100239
100230
100220
100211
100201
100192
100182
100173
100163
100154
100144
100135
100125
100116
100106
100096
100087
100077
100068
100058
100049
100039
100030
100021
100011
100678
100665
100667
100655
100656
100646
100646
100636
100636
100627
100626
100618
100617
100610
100608
100601
100599
100591
100589
100582
100580
100573
100570
100563
100560
100554
100550
100544
100540
100533
100529
100522
100518
100511
100506
100499
100494
100486
100481
100473
100467
100459
100453
100445
100438
100430
100423
100414
100407
100398
100390
100381
100373
100364
100355
100346
100338
100328
100320
100310
100301
100292
100283
100273
100264
100254
100245
100236
100226
100217
100207
100198
100188
100179
100169
100160
100150
100141
100131
100122
100112
100103
100093
100084
100074
100065
100055
100046
100036
100027
100659
100645
100647
100635
100636
100626
100626
100617
100616
100607
100607
100599
100597
100590
100588
100581
100579
100571
100569
100562
100560
100553
100550
100543
100540
100534
100530
100524
100520
100513
100509
100502
100498
100491
100486
100479
100474
100466
100461
100453
100447
100439
100433
100425
100418
100410
100403
100394
100387
100378
100370
100361
100353
100344
100335
100326
100318
100308
100300
100290
100281
100272
100263
100253
100244
100234
100225
100216
100206
100197
100187
100178
100168
100159
100149
100140
100130
100121
100111
100102
100092
100083
100073
100064
100054
100045
100035
100026
100016
100007
100693
100680
100682
100670
100671
100661
100661
100652
100651
100643
100642
100634
100633
100625
100623
100616
100614
100607
100605
100598
100595
100588
100586
100579
100576
100569
100566
100559
100555
100549
100545
100538
100533
100526
100522
100514
100509
100502
100496
100489
100483
100475
100468
100460
100454
100445
100438
100429
100422
100413
100405
100396
100388
100379
100371
100361
100353
100344
100335
100325
100317
100307
100298
100288
100279
100270
100261
100251
100242
100232
100223
100213
100204
100194
100185
100175
100166
100156
100147
100137
100127
100118
100108
100099
100089
100080
100070
100061
100051
100042
)
;

boundaryField
{
    upperWall
    {
        type            zeroGradient;
    }
    lowerWall
    {
        type            zeroGradient;
    }
    heatedWall
    {
        type            zeroGradient;
    }
    inlet
    {
        type            zeroGradient;
    }
    outlet
    {
        type            waveTransmissive;
        gamma           1.3;
        fieldInf        100000;
        lInf            0.3;
        value           nonuniform List<scalar> 
72
(
100032
100005
100020
100008
100016
100012
100012
100016
100008
100020
100005
100032
100001
100027
100007
100022
100012
100017
100017
100012
100022
100008
100027
100002
100015
100015
100014
100015
100014
100015
100015
100015
100015
100014
100015
100015
100015
100015
100014
100015
100014
100015
100015
100015
100015
100014
100015
100015
100001
100027
100007
100022
100012
100017
100017
100012
100022
100008
100027
100002
100032
100005
100020
100008
100016
100012
100012
100016
100008
100020
100005
100032
)
;
    }
    frontAndBack
    {
        type            empty;
    }
}


// ************************************************************************* //
