/*--------------------------------*- C++ -*----------------------------------*\
  =========                 |
  \\      /  F ield         | OpenFOAM: The Open Source CFD Toolbox
   \\    /   O peration     | Website:  https://openfoam.org
    \\  /    A nd           | Version:  7
     \\/     M anipulation  |
\*---------------------------------------------------------------------------*/
FoamFile
{
    version     2.0;
    format      ascii;
    class       volSymmTensorField;
    location    "0.14";
    object      UPrime2Mean;
}
// * * * * * * * * * * * * * * * * * * * * * * * * * * * * * * * * * * * * * //

dimensions      [0 2 -2 0 0 0 0];

internalField   nonuniform List<symmTensor> 
1440
(
(0.0330591 0.000324564 0 4.50731e-06 0 0)
(0.00717628 0.000243791 0 9.45779e-05 0 0)
(0.0172368 -0.000472727 0 0.000359735 0 0)
(0.0266059 -0.000874923 0 0.00081891 0 0)
(0.0365022 -0.00153914 0 0.0014278 0 0)
(0.0504582 -0.00325407 0 0.00207583 0 0)
(0.0703571 -0.0061846 0 0.00262946 0 0)
(0.0975372 -0.00988296 0 0.00298185 0 0)
(0.133146 -0.0137035 0 0.00311045 0 0)
(0.177797 -0.017174 0 0.00304094 0 0)
(0.231251 -0.0200318 0 0.00283232 0 0)
(0.2936 -0.0221916 0 0.00255344 0 0)
(0.364077 -0.023476 0 0.00223134 0 0)
(0.441002 -0.0238505 0 0.00190099 0 0)
(0.522509 -0.0233827 0 0.00158533 0 0)
(0.606838 -0.0222005 0 0.00129614 0 0)
(0.692463 -0.0204896 0 0.00104031 0 0)
(0.778082 -0.0184503 0 0.000820862 0 0)
(0.862628 -0.0162484 0 0.000637603 0 0)
(0.945259 -0.0140012 0 0.000488181 0 0)
(1.02541 -0.0117848 0 0.000368824 0 0)
(1.10271 -0.0096433 0 0.000275365 0 0)
(1.17695 -0.00759359 0 0.000203826 0 0)
(1.248 -0.00563423 0 0.000150642 0 0)
(1.31576 -0.00375884 0 0.000112675 0 0)
(1.38018 -0.00196599 0 8.70826e-05 0 0)
(1.44126 -0.000263936 0 7.14875e-05 0 0)
(1.49901 0.00132983 0 6.36805e-05 0 0)
(1.55347 0.00279347 0 6.16409e-05 0 0)
(1.60475 0.00410663 0 6.36609e-05 0 0)
(1.65299 0.00525537 0 6.82334e-05 0 0)
(1.69837 0.00623376 0 7.41887e-05 0 0)
(1.7411 0.00704434 0 8.07096e-05 0 0)
(1.78142 0.00769628 0 8.72221e-05 0 0)
(1.81958 0.00820121 0 9.325e-05 0 0)
(1.8558 0.00857452 0 9.8406e-05 0 0)
(1.89033 0.00883621 0 0.000102463 0 0)
(1.92338 0.00900629 0 0.000105338 0 0)
(1.95514 0.00910223 0 0.000107038 0 0)
(1.98579 0.00913886 0 0.000107632 0 0)
(2.01547 0.0091286 0 0.000107242 0 0)
(2.04433 0.00908095 0 0.000106024 0 0)
(2.07247 0.00900333 0 0.000104146 0 0)
(2.1 0.00890088 0 0.000101765 0 0)
(2.127 0.00877753 0 9.90198e-05 0 0)
(2.15356 0.00863643 0 9.60227e-05 0 0)
(2.17974 0.00847942 0 9.28531e-05 0 0)
(2.20561 0.00830971 0 8.95799e-05 0 0)
(2.23121 0.00813077 0 8.62641e-05 0 0)
(2.2566 0.00794598 0 8.29537e-05 0 0)
(2.28181 0.00775846 0 7.96831e-05 0 0)
(2.30687 0.00757082 0 7.64734e-05 0 0)
(2.33182 0.00738528 0 7.33406e-05 0 0)
(2.35667 0.00720334 0 7.02934e-05 0 0)
(2.38144 0.00702638 0 6.73409e-05 0 0)
(2.40614 0.00685485 0 6.44898e-05 0 0)
(2.4308 0.00668948 0 6.17485e-05 0 0)
(2.4554 0.00653008 0 5.91221e-05 0 0)
(2.47998 0.00637689 0 5.66122e-05 0 0)
(2.50453 0.00623007 0 5.42223e-05 0 0)
(2.52906 0.00608876 0 5.19501e-05 0 0)
(2.55357 0.00595349 0 4.97964e-05 0 0)
(2.57807 0.00582399 0 4.77607e-05 0 0)
(2.60256 0.0057001 0 4.58409e-05 0 0)
(2.62704 0.00558171 0 4.4034e-05 0 0)
(2.65152 0.0054687 0 4.2337e-05 0 0)
(2.676 0.00536098 0 4.07457e-05 0 0)
(2.70048 0.0052585 0 3.92558e-05 0 0)
(2.72495 0.00516111 0 3.78625e-05 0 0)
(2.74943 0.00506883 0 3.65612e-05 0 0)
(2.7739 0.00498151 0 3.53465e-05 0 0)
(2.79836 0.0048992 0 3.42129e-05 0 0)
(2.82282 0.00482178 0 3.31563e-05 0 0)
(2.84727 0.00474903 0 3.21706e-05 0 0)
(2.8717 0.00468138 0 3.12521e-05 0 0)
(2.89613 0.00461815 0 3.03963e-05 0 0)
(2.92053 0.00455918 0 2.95981e-05 0 0)
(2.94492 0.00450474 0 2.88543e-05 0 0)
(2.96929 0.00445457 0 2.81607e-05 0 0)
(2.99364 0.00440846 0 2.75137e-05 0 0)
(3.01796 0.00436612 0 2.69101e-05 0 0)
(3.04225 0.00432732 0 2.6347e-05 0 0)
(3.06652 0.00429198 0 2.58216e-05 0 0)
(3.09076 0.00425984 0 2.53313e-05 0 0)
(3.11497 0.00423077 0 2.48738e-05 0 0)
(3.13915 0.00420435 0 2.44467e-05 0 0)
(3.1633 0.00418058 0 2.40467e-05 0 0)
(3.18741 0.00415919 0 2.36721e-05 0 0)
(3.21149 0.00413994 0 2.332e-05 0 0)
(3.23552 0.00412316 0 2.29903e-05 0 0)
(3.25952 0.00410809 0 2.26804e-05 0 0)
(3.28348 0.00409487 0 2.2389e-05 0 0)
(3.3074 0.00408357 0 2.21144e-05 0 0)
(3.33128 0.00407397 0 2.18548e-05 0 0)
(3.35511 0.0040659 0 2.16086e-05 0 0)
(3.37891 0.00405935 0 2.13747e-05 0 0)
(3.40266 0.00405427 0 2.11525e-05 0 0)
(3.42636 0.00405059 0 2.09416e-05 0 0)
(3.45003 0.00404826 0 2.07419e-05 0 0)
(3.47367 0.0040472 0 2.05516e-05 0 0)
(3.49727 0.00404731 0 2.03712e-05 0 0)
(3.52084 0.00404842 0 2.01955e-05 0 0)
(3.54438 0.0040503 0 2.00301e-05 0 0)
(3.5679 0.00405289 0 1.98608e-05 0 0)
(3.59138 0.00405632 0 1.97123e-05 0 0)
(3.61484 0.00405996 0 1.95409e-05 0 0)
(3.63824 0.00406575 0 1.94222e-05 0 0)
(3.66162 0.00406884 0 1.92369e-05 0 0)
(3.68491 0.00407928 0 1.91711e-05 0 0)
(3.70817 0.00407814 0 1.89485e-05 0 0)
(3.73129 0.00409793 0 1.89736e-05 0 0)
(3.75436 0.00408609 0 1.86653e-05 0 0)
(3.77718 0.00412493 0 1.88554e-05 0 0)
(3.80003 0.00409055 0 1.83881e-05 0 0)
(3.82219 0.00416962 0 1.88417e-05 0 0)
(3.84506 0.00409365 0 1.8212e-05 0 0)
(3.86554 0.00425304 0 1.89171e-05 0 0)
(3.88953 0.00414884 0 1.84545e-05 0 0)
(3.90494 0.00441486 0 1.90382e-05 0 0)
(3.93519 0.00461592 0 2.0696e-05 0 0)
(0.0334309 0.000455609 0 9.29573e-06 0 0)
(0.00777455 0.000362514 0 0.000105926 0 0)
(0.0168336 8.0526e-05 0 0.000334789 0 0)
(0.0275508 0.000739642 0 0.000717668 0 0)
(0.0403995 0.00203737 0 0.00127283 0 0)
(0.0545009 0.00337798 0 0.00199631 0 0)
(0.0683949 0.00438977 0 0.00283672 0 0)
(0.0821265 0.00497088 0 0.00370086 0 0)
(0.0964219 0.00521482 0 0.004505 0 0)
(0.11098 0.00520434 0 0.00520638 0 0)
(0.125004 0.00491949 0 0.00579033 0 0)
(0.138464 0.00433144 0 0.00625186 0 0)
(0.151877 0.00350202 0 0.0065824 0 0)
(0.165565 0.00254655 0 0.00677581 0 0)
(0.179606 0.00157217 0 0.00683247 0 0)
(0.194092 0.000657273 0 0.00676413 0 0)
(0.209164 -0.000167626 0 0.00659167 0 0)
(0.224944 -0.000917542 0 0.00633779 0 0)
(0.2415 -0.00162579 0 0.00602335 0 0)
(0.258846 -0.00232671 0 0.00566516 0 0)
(0.27697 -0.00304847 0 0.00527667 0 0)
(0.295879 -0.00380955 0 0.00487001 0 0)
(0.315607 -0.00460922 0 0.00445521 0 0)
(0.336209 -0.00542499 0 0.00404213 0 0)
(0.357737 -0.00622063 0 0.00363933 0 0)
(0.380241 -0.00695546 0 0.00325391 0 0)
(0.403755 -0.0075922 0 0.00289169 0 0)
(0.42829 -0.00810374 0 0.00255685 0 0)
(0.453836 -0.00847595 0 0.00225187 0 0)
(0.480355 -0.00870809 0 0.00197754 0 0)
(0.507794 -0.00881068 0 0.00173323 0 0)
(0.536086 -0.00880196 0 0.00151732 0 0)
(0.565156 -0.00870395 0 0.00132765 0 0)
(0.594929 -0.00853885 0 0.00116167 0 0)
(0.625335 -0.00832721 0 0.00101687 0 0)
(0.656313 -0.00808677 0 0.000890855 0 0)
(0.687813 -0.0078313 0 0.000781364 0 0)
(0.719795 -0.00757038 0 0.000686343 0 0)
(0.752226 -0.00731009 0 0.000603964 0 0)
(0.785082 -0.00705392 0 0.000532622 0 0)
(0.818344 -0.00680354 0 0.000470898 0 0)
(0.851998 -0.00655952 0 0.00041753 0 0)
(0.886033 -0.00632178 0 0.000371389 0 0)
(0.920436 -0.00608984 0 0.000331473 0 0)
(0.955195 -0.00586309 0 0.000296899 0 0)
(0.990296 -0.00564078 0 0.000266892 0 0)
(1.02572 -0.00542251 0 0.000240799 0 0)
(1.06145 -0.00520789 0 0.000218058 0 0)
(1.09747 -0.00499647 0 0.000198176 0 0)
(1.13375 -0.00478777 0 0.000180727 0 0)
(1.17027 -0.00458134 0 0.000165348 0 0)
(1.20701 -0.0043768 0 0.000151733 0 0)
(1.24394 -0.00417383 0 0.000139622 0 0)
(1.28103 -0.00397213 0 0.0001288 0 0)
(1.31827 -0.0037715 0 0.000119087 0 0)
(1.35564 -0.00357177 0 0.000110337 0 0)
(1.39311 -0.00337284 0 0.000102427 0 0)
(1.43067 -0.00317465 0 9.52571e-05 0 0)
(1.46831 -0.00297731 0 8.87419e-05 0 0)
(1.506 -0.00278098 0 8.28119e-05 0 0)
(1.54374 -0.00258601 0 7.74104e-05 0 0)
(1.58151 -0.00239266 0 7.24877e-05 0 0)
(1.61932 -0.00220111 0 6.80011e-05 0 0)
(1.65714 -0.00201143 0 6.39125e-05 0 0)
(1.69498 -0.00182365 0 6.01885e-05 0 0)
(1.73282 -0.00163767 0 5.67984e-05 0 0)
(1.77067 -0.00145335 0 5.37151e-05 0 0)
(1.80851 -0.00127045 0 5.09129e-05 0 0)
(1.84634 -0.0010887 0 4.83691e-05 0 0)
(1.88416 -0.000907846 0 4.60619e-05 0 0)
(1.92195 -0.000727683 0 4.39719e-05 0 0)
(1.95971 -0.000548066 0 4.20807e-05 0 0)
(1.99744 -0.000368924 0 4.03718e-05 0 0)
(2.03512 -0.00019028 0 3.88292e-05 0 0)
(2.07276 -1.22274e-05 0 3.74384e-05 0 0)
(2.11034 0.000165093 0 3.61854e-05 0 0)
(2.14786 0.000341416 0 3.50577e-05 0 0)
(2.18531 0.000516552 0 3.40429e-05 0 0)
(2.22269 0.000690275 0 3.31295e-05 0 0)
(2.26 0.000862388 0 3.23072e-05 0 0)
(2.29722 0.00103266 0 3.15668e-05 0 0)
(2.33437 0.00120093 0 3.08994e-05 0 0)
(2.37142 0.00136709 0 3.02975e-05 0 0)
(2.40839 0.00153108 0 2.97539e-05 0 0)
(2.44527 0.00169286 0 2.92633e-05 0 0)
(2.48205 0.00185241 0 2.8821e-05 0 0)
(2.51875 0.00200969 0 2.84231e-05 0 0)
(2.55534 0.0021647 0 2.80663e-05 0 0)
(2.59184 0.00231741 0 2.77481e-05 0 0)
(2.62824 0.00246787 0 2.7466e-05 0 0)
(2.66453 0.00261609 0 2.72182e-05 0 0)
(2.70073 0.00276199 0 2.70029e-05 0 0)
(2.73682 0.00290557 0 2.68189e-05 0 0)
(2.77281 0.00304672 0 2.66643e-05 0 0)
(2.8087 0.00318545 0 2.65379e-05 0 0)
(2.84448 0.00332156 0 2.64377e-05 0 0)
(2.88015 0.00345522 0 2.63624e-05 0 0)
(2.91573 0.00358619 0 2.63096e-05 0 0)
(2.95121 0.00371478 0 2.62786e-05 0 0)
(2.98659 0.00384061 0 2.62651e-05 0 0)
(3.02188 0.00396412 0 2.62712e-05 0 0)
(3.05707 0.00408452 0 2.62881e-05 0 0)
(3.09218 0.00420288 0 2.6324e-05 0 0)
(3.12721 0.00431743 0 2.63617e-05 0 0)
(3.16214 0.00443104 0 2.64211e-05 0 0)
(3.19699 0.00453953 0 2.64692e-05 0 0)
(3.23173 0.00464986 0 2.65496e-05 0 0)
(3.2664 0.00475182 0 2.65989e-05 0 0)
(3.30089 0.00486178 0 2.67016e-05 0 0)
(3.33537 0.00495526 0 2.67454e-05 0 0)
(3.36946 0.00507016 0 2.68714e-05 0 0)
(3.40381 0.00515189 0 2.69149e-05 0 0)
(3.43718 0.00528057 0 2.70573e-05 0 0)
(3.47164 0.0053505 0 2.71473e-05 0 0)
(3.50353 0.00550575 0 2.7275e-05 0 0)
(3.53896 0.00558558 0 2.75946e-05 0 0)
(3.56752 0.00577944 0 2.76352e-05 0 0)
(3.60631 0.00598457 0 2.88348e-05 0 0)
(3.62687 0.00617678 0 2.86392e-05 0 0)
(3.67838 0.00690283 0 3.34116e-05 0 0)
(0.033417 0.000275947 0 3.66949e-06 0 0)
(0.00770044 0.000223462 0 4.32098e-05 0 0)
(0.0168022 1.39428e-05 0 0.000142297 0 0)
(0.027131 0.000388634 0 0.000315709 0 0)
(0.0392612 0.00117248 0 0.000573463 0 0)
(0.0527627 0.00200925 0 0.0009178 0 0)
(0.0664472 0.00272597 0 0.00133334 0 0)
(0.0805849 0.00334395 0 0.00178555 0 0)
(0.0961376 0.00397008 0 0.00223456 0 0)
(0.112883 0.00466153 0 0.00264947 0 0)
(0.129926 0.0053902 0 0.00300974 0 0)
(0.147099 0.00612122 0 0.00330182 0 0)
(0.164775 0.00685832 0 0.00351502 0 0)
(0.183102 0.00762234 0 0.00364274 0 0)
(0.201996 0.0084279 0 0.00368893 0 0)
(0.221402 0.00926624 0 0.00366518 0 0)
(0.241326 0.0100941 0 0.00358552 0 0)
(0.261767 0.0108429 0 0.0034626 0 0)
(0.282682 0.0114463 0 0.00330721 0 0)
(0.303968 0.011858 0 0.00312852 0 0)
(0.325477 0.0120552 0 0.00293417 0 0)
(0.347061 0.0120369 0 0.00273068 0 0)
(0.368601 0.0118241 0 0.00252367 0 0)
(0.390005 0.0114574 0 0.00231831 0 0)
(0.411203 0.0109878 0 0.00211918 0 0)
(0.432153 0.0104659 0 0.00193012 0 0)
(0.452841 0.00993405 0 0.00175387 0 0)
(0.473279 0.00942347 0 0.00159206 0 0)
(0.493492 0.00895391 0 0.00144551 0 0)
(0.513508 0.00853431 0 0.0013142 0 0)
(0.53336 0.00816523 0 0.00119745 0 0)
(0.553082 0.0078418 0 0.00109432 0 0)
(0.572703 0.00755641 0 0.00100371 0 0)
(0.59225 0.00730103 0 0.000924426 0 0)
(0.611745 0.00706893 0 0.000855099 0 0)
(0.631209 0.00685461 0 0.000794476 0 0)
(0.650659 0.00665374 0 0.000741523 0 0)
(0.670112 0.00646317 0 0.000695373 0 0)
(0.689583 0.00628066 0 0.000655252 0 0)
(0.709088 0.00610447 0 0.000620448 0 0)
(0.72864 0.00593306 0 0.000590302 0 0)
(0.748253 0.00576506 0 0.000564211 0 0)
(0.767939 0.00559936 0 0.000541623 0 0)
(0.78771 0.00543516 0 0.000522036 0 0)
(0.807578 0.00527203 0 0.000504989 0 0)
(0.827552 0.00510995 0 0.000490053 0 0)
(0.847643 0.00494911 0 0.000476809 0 0)
(0.867857 0.00479013 0 0.000464894 0 0)
(0.8882 0.00463398 0 0.000454016 0 0)
(0.908677 0.00448178 0 0.000443946 0 0)
(0.92929 0.00433458 0 0.0004345 0 0)
(0.950044 0.00419321 0 0.000425528 0 0)
(0.970938 0.00405817 0 0.000416909 0 0)
(0.991975 0.00392959 0 0.000408543 0 0)
(1.01315 0.00380722 0 0.000400355 0 0)
(1.03447 0.00369051 0 0.000392285 0 0)
(1.05594 0.00357864 0 0.000384287 0 0)
(1.07754 0.00347065 0 0.000376323 0 0)
(1.09929 0.00336549 0 0.000368363 0 0)
(1.12118 0.00326222 0 0.000360394 0 0)
(1.14321 0.00315995 0 0.000352412 0 0)
(1.16539 0.003058 0 0.000344423 0 0)
(1.18772 0.00295584 0 0.000336435 0 0)
(1.21019 0.00285322 0 0.000328462 0 0)
(1.23281 0.00275006 0 0.000320521 0 0)
(1.25557 0.00264654 0 0.000312629 0 0)
(1.27849 0.002543 0 0.000304807 0 0)
(1.30156 0.00243996 0 0.000297071 0 0)
(1.32479 0.00233803 0 0.000289434 0 0)
(1.34817 0.00223788 0 0.000281908 0 0)
(1.3717 0.00214015 0 0.000274503 0 0)
(1.39539 0.00204548 0 0.000267223 0 0)
(1.41924 0.00195436 0 0.000260073 0 0)
(1.44325 0.00186725 0 0.000253056 0 0)
(1.46741 0.00178439 0 0.000246172 0 0)
(1.49174 0.00170598 0 0.000239422 0 0)
(1.51621 0.00163199 0 0.000232802 0 0)
(1.54085 0.00156237 0 0.000226312 0 0)
(1.56563 0.00149696 0 0.000219947 0 0)
(1.59057 0.0014356 0 0.000213703 0 0)
(1.61565 0.00137802 0 0.000207579 0 0)
(1.64087 0.00132402 0 0.000201571 0 0)
(1.66624 0.00127336 0 0.000195676 0 0)
(1.69175 0.00122591 0 0.000189893 0 0)
(1.71739 0.00118149 0 0.000184223 0 0)
(1.74317 0.00114006 0 0.000178664 0 0)
(1.76907 0.00110148 0 0.000173221 0 0)
(1.7951 0.00106577 0 0.000167894 0 0)
(1.82125 0.00103285 0 0.000162688 0 0)
(1.84753 0.00100279 0 0.000157603 0 0)
(1.87391 0.000975551 0 0.000152645 0 0)
(1.90041 0.000951168 0 0.000147813 0 0)
(1.92702 0.000929574 0 0.000143116 0 0)
(1.95374 0.000910801 0 0.000138551 0 0)
(1.98056 0.000894734 0 0.000134125 0 0)
(2.00748 0.000881385 0 0.000129833 0 0)
(2.03451 0.000870534 0 0.000125682 0 0)
(2.06164 0.000862261 0 0.00012166 0 0)
(2.08887 0.000856247 0 0.000117777 0 0)
(2.11619 0.00085271 0 0.000114015 0 0)
(2.14362 0.000851178 0 0.000110394 0 0)
(2.17115 0.000852018 0 0.000106884 0 0)
(2.19879 0.000854573 0 0.000103516 0 0)
(2.22651 0.000859441 0 0.000100241 0 0)
(2.25435 0.000865788 0 9.7114e-05 0 0)
(2.28226 0.000874446 0 9.40437e-05 0 0)
(2.31027 0.000884578 0 9.1142e-05 0 0)
(2.33833 0.000896729 0 8.8229e-05 0 0)
(2.36646 0.000911224 0 8.55512e-05 0 0)
(2.39463 0.000926458 0 8.2733e-05 0 0)
(2.42277 0.000946893 0 8.03049e-05 0 0)
(2.45103 0.000965578 0 7.74884e-05 0 0)
(2.47892 0.000995149 0 7.53808e-05 0 0)
(2.50739 0.00102226 0 7.24004e-05 0 0)
(2.53448 0.00106692 0 7.07687e-05 0 0)
(2.56372 0.00112496 0 6.73174e-05 0 0)
(2.58871 0.00119308 0 6.64779e-05 0 0)
(2.62047 0.00135994 0 6.21057e-05 0 0)
(2.64003 0.00143889 0 6.25166e-05 0 0)
(2.68294 0.0019052 0 5.70247e-05 0 0)
(0.033418 0.000192998 0 1.87351e-06 0 0)
(0.00770256 0.00015827 0 2.18577e-05 0 0)
(0.016793 8.13311e-06 0 7.20101e-05 0 0)
(0.0270372 0.000268195 0 0.000159776 0 0)
(0.0389994 0.000802874 0 0.000287699 0 0)
(0.0522302 0.0013499 0 0.00045344 0 0)
(0.0655174 0.00180439 0 0.000648781 0 0)
(0.0791699 0.00219577 0 0.000858949 0 0)
(0.0942249 0.00258863 0 0.00106613 0 0)
(0.110505 0.00301712 0 0.00125547 0 0)
(0.127139 0.00347695 0 0.00141785 0 0)
(0.143993 0.00395862 0 0.00154888 0 0)
(0.161476 0.00446757 0 0.00164708 0 0)
(0.179776 0.00501756 0 0.00171316 0 0)
(0.198845 0.00561907 0 0.00175034 0 0)
(0.218657 0.00627023 0 0.00176334 0 0)
(0.239255 0.00695199 0 0.00175704 0 0)
(0.260692 0.00763229 0 0.00173541 0 0)
(0.282995 0.00827732 0 0.00170122 0 0)
(0.30611 0.00885901 0 0.00165644 0 0)
(0.32991 0.00935603 0 0.00160285 0 0)
(0.354244 0.00975347 0 0.00154217 0 0)
(0.378972 0.0100453 0 0.00147605 0 0)
(0.403972 0.0102357 0 0.00140599 0 0)
(0.429136 0.0103395 0 0.00133367 0 0)
(0.454375 0.0103756 0 0.0012607 0 0)
(0.479633 0.0103636 0 0.00118858 0 0)
(0.504882 0.0103202 0 0.00111853 0 0)
(0.530117 0.0102591 0 0.00105147 0 0)
(0.555345 0.0101906 0 0.000988024 0 0)
(0.580582 0.0101217 0 0.00092861 0 0)
(0.605846 0.0100563 0 0.000873396 0 0)
(0.631151 0.00999568 0 0.000822407 0 0)
(0.656513 0.00993957 0 0.000775576 0 0)
(0.68194 0.00988682 0 0.000732783 0 0)
(0.707441 0.00983594 0 0.000693832 0 0)
(0.733019 0.00978552 0 0.000658512 0 0)
(0.758677 0.00973418 0 0.000626569 0 0)
(0.784415 0.00968087 0 0.00059775 0 0)
(0.810235 0.00962481 0 0.000571775 0 0)
(0.836135 0.0095658 0 0.000548381 0 0)
(0.862115 0.00950405 0 0.0005273 0 0)
(0.888176 0.00944032 0 0.000508295 0 0)
(0.914315 0.00937567 0 0.00049113 0 0)
(0.940533 0.00931147 0 0.000475598 0 0)
(0.966826 0.00924904 0 0.000461488 0 0)
(0.993194 0.00918955 0 0.000448592 0 0)
(1.01963 0.00913397 0 0.000436711 0 0)
(1.04615 0.00908335 0 0.000425702 0 0)
(1.07273 0.00903848 0 0.000415441 0 0)
(1.09938 0.00899995 0 0.00040584 0 0)
(1.1261 0.00896788 0 0.000396813 0 0)
(1.15288 0.00894215 0 0.000388297 0 0)
(1.17974 0.00892216 0 0.000380228 0 0)
(1.20665 0.00890721 0 0.000372559 0 0)
(1.23363 0.00889625 0 0.000365244 0 0)
(1.26066 0.00888833 0 0.000358257 0 0)
(1.28775 0.00888239 0 0.000351574 0 0)
(1.31489 0.0088775 0 0.000345186 0 0)
(1.34208 0.00887257 0 0.000339067 0 0)
(1.36932 0.00886671 0 0.0003332 0 0)
(1.39659 0.00885901 0 0.000327557 0 0)
(1.42391 0.00884888 0 0.000322124 0 0)
(1.45125 0.00883577 0 0.000316875 0 0)
(1.47862 0.00881954 0 0.000311805 0 0)
(1.50602 0.00880006 0 0.000306894 0 0)
(1.53343 0.00877756 0 0.000302144 0 0)
(1.56086 0.00875223 0 0.000297541 0 0)
(1.58831 0.00872458 0 0.000293086 0 0)
(1.61575 0.0086949 0 0.000288767 0 0)
(1.64321 0.00866377 0 0.000284582 0 0)
(1.67066 0.00863147 0 0.000280516 0 0)
(1.69812 0.0085985 0 0.000276569 0 0)
(1.72557 0.00856505 0 0.000272724 0 0)
(1.75302 0.00853148 0 0.000268981 0 0)
(1.78046 0.0084978 0 0.00026532 0 0)
(1.80789 0.00846425 0 0.000261743 0 0)
(1.83531 0.00843069 0 0.000258232 0 0)
(1.86271 0.00839726 0 0.000254787 0 0)
(1.8901 0.00836373 0 0.000251391 0 0)
(1.91747 0.0083302 0 0.000248046 0 0)
(1.94482 0.0082964 0 0.000244735 0 0)
(1.97215 0.00826245 0 0.000241464 0 0)
(1.99945 0.00822806 0 0.000238216 0 0)
(2.02673 0.00819335 0 0.000235 0 0)
(2.05397 0.00815806 0 0.000231801 0 0)
(2.08118 0.00812238 0 0.00022863 0 0)
(2.10835 0.00808602 0 0.000225475 0 0)
(2.13549 0.0080492 0 0.000222349 0 0)
(2.16258 0.00801163 0 0.000219238 0 0)
(2.18963 0.00797359 0 0.000216159 0 0)
(2.21664 0.00793473 0 0.000213098 0 0)
(2.2436 0.00789539 0 0.000210073 0 0)
(2.27052 0.00785522 0 0.000207068 0 0)
(2.29739 0.00781459 0 0.000204107 0 0)
(2.32421 0.00777307 0 0.000201165 0 0)
(2.35099 0.00773111 0 0.000198272 0 0)
(2.37772 0.00768819 0 0.000195396 0 0)
(2.40441 0.00764492 0 0.000192573 0 0)
(2.43105 0.00760058 0 0.000189759 0 0)
(2.45766 0.00755613 0 0.00018701 0 0)
(2.48423 0.00751043 0 0.000184254 0 0)
(2.51078 0.00746522 0 0.000181588 0 0)
(2.53728 0.00741824 0 0.000178875 0 0)
(2.56377 0.00737291 0 0.000176305 0 0)
(2.59019 0.00732433 0 0.000173596 0 0)
(2.61662 0.00727979 0 0.000171144 0 0)
(2.64294 0.00722846 0 0.000168362 0 0)
(2.66928 0.00718663 0 0.000166087 0 0)
(2.69543 0.0071302 0 0.000163101 0 0)
(2.7216 0.00709523 0 0.000161138 0 0)
(2.74756 0.00702993 0 0.000157711 0 0)
(2.77338 0.00701029 0 0.000156334 0 0)
(2.79919 0.00693111 0 0.000152021 0 0)
(2.82426 0.00694312 0 0.000151747 0 0)
(2.8503 0.00684645 0 0.000145702 0 0)
(2.87368 0.00691578 0 0.000147394 0 0)
(2.90126 0.00680327 0 0.000138059 0 0)
(2.92042 0.00693664 0 0.000142406 0 0)
(2.9577 0.00679666 0 0.000126781 0 0)
(0.0334183 0.000113194 0 6.57923e-07 0 0)
(0.00770263 9.29092e-05 0 7.63255e-06 0 0)
(0.0167877 4.27716e-06 0 2.49618e-05 0 0)
(0.0269804 0.000153625 0 5.49721e-05 0 0)
(0.0388532 0.000457233 0 9.81633e-05 0 0)
(0.0519665 0.000763875 0 0.000153411 0 0)
(0.0650909 0.00101959 0 0.000218115 0 0)
(0.0785397 0.00124432 0 0.00028798 0 0)
(0.0933855 0.00147177 0 0.000357661 0 0)
(0.109471 0.00171754 0 0.000422384 0 0)
(0.125924 0.00197858 0 0.000479104 0 0)
(0.1426 0.00225074 0 0.000526432 0 0)
(0.159904 0.00253884 0 0.000563973 0 0)
(0.178017 0.00285236 0 0.00059174 0 0)
(0.196874 0.00319883 0 0.000609942 0 0)
(0.216422 0.00357924 0 0.000619108 0 0)
(0.236678 0.00398357 0 0.000620032 0 0)
(0.257679 0.0043903 0 0.000613616 0 0)
(0.279448 0.00477195 0 0.000600562 0 0)
(0.301945 0.00510305 0 0.000581516 0 0)
(0.325066 0.00536469 0 0.000557289 0 0)
(0.348693 0.00554574 0 0.000528865 0 0)
(0.372727 0.00564414 0 0.000497424 0 0)
(0.397087 0.0056675 0 0.00046424 0 0)
(0.421698 0.00563072 0 0.000430511 0 0)
(0.446493 0.00555199 0 0.00039728 0 0)
(0.471423 0.00544837 0 0.000365321 0 0)
(0.496462 0.00533388 0 0.000335103 0 0)
(0.5216 0.00521937 0 0.000306906 0 0)
(0.546836 0.0051126 0 0.000280879 0 0)
(0.572174 0.00501788 0 0.000257103 0 0)
(0.597623 0.00493637 0 0.000235567 0 0)
(0.623193 0.00486703 0 0.000216188 0 0)
(0.648892 0.00480773 0 0.000198845 0 0)
(0.674727 0.00475594 0 0.000183388 0 0)
(0.700703 0.00470927 0 0.000169652 0 0)
(0.726823 0.00466567 0 0.000157466 0 0)
(0.753089 0.00462353 0 0.000146665 0 0)
(0.779502 0.00458186 0 0.0001371 0 0)
(0.806062 0.0045403 0 0.000128638 0 0)
(0.832769 0.00449904 0 0.00012116 0 0)
(0.85962 0.00445858 0 0.000114562 0 0)
(0.886616 0.00441957 0 0.000108746 0 0)
(0.913755 0.0043827 0 0.000103622 0 0)
(0.941035 0.00434866 0 9.91103e-05 0 0)
(0.968455 0.0043182 0 9.51397e-05 0 0)
(0.996014 0.00429224 0 9.16574e-05 0 0)
(1.02371 0.00427169 0 8.86168e-05 0 0)
(1.05155 0.00425717 0 8.59696e-05 0 0)
(1.07953 0.00424912 0 8.36681e-05 0 0)
(1.10765 0.00424766 0 8.16659e-05 0 0)
(1.13592 0.00425277 0 7.99218e-05 0 0)
(1.16434 0.00426419 0 7.83978e-05 0 0)
(1.1929 0.00428149 0 7.70616e-05 0 0)
(1.22162 0.0043041 0 7.5884e-05 0 0)
(1.25048 0.00433134 0 7.48414e-05 0 0)
(1.2795 0.0043625 0 7.39153e-05 0 0)
(1.30866 0.00439693 0 7.30954e-05 0 0)
(1.33797 0.00443392 0 7.23725e-05 0 0)
(1.36743 0.00447269 0 7.17364e-05 0 0)
(1.39703 0.00451243 0 7.11749e-05 0 0)
(1.42677 0.00455241 0 7.06763e-05 0 0)
(1.45664 0.00459197 0 7.02294e-05 0 0)
(1.48663 0.00463061 0 6.98254e-05 0 0)
(1.51675 0.00466795 0 6.94559e-05 0 0)
(1.54698 0.00470375 0 6.91142e-05 0 0)
(1.57733 0.00473783 0 6.8793e-05 0 0)
(1.60778 0.00477016 0 6.84863e-05 0 0)
(1.63832 0.00480077 0 6.81894e-05 0 0)
(1.66896 0.00482982 0 6.78994e-05 0 0)
(1.69969 0.00485749 0 6.76136e-05 0 0)
(1.73051 0.004884 0 6.73304e-05 0 0)
(1.7614 0.00490956 0 6.70478e-05 0 0)
(1.79238 0.00493435 0 6.67645e-05 0 0)
(1.82343 0.00495855 0 6.64787e-05 0 0)
(1.85455 0.00498229 0 6.61893e-05 0 0)
(1.88574 0.00500564 0 6.58948e-05 0 0)
(1.917 0.00502868 0 6.55941e-05 0 0)
(1.94832 0.00505142 0 6.52858e-05 0 0)
(1.9797 0.00507386 0 6.49689e-05 0 0)
(2.01114 0.00509598 0 6.46422e-05 0 0)
(2.04264 0.00511776 0 6.43051e-05 0 0)
(2.07419 0.00513915 0 6.39565e-05 0 0)
(2.10578 0.0051601 0 6.35965e-05 0 0)
(2.13742 0.00518058 0 6.32245e-05 0 0)
(2.16911 0.00520058 0 6.28411e-05 0 0)
(2.20083 0.00522006 0 6.24465e-05 0 0)
(2.23258 0.00523901 0 6.20416e-05 0 0)
(2.26437 0.00525742 0 6.16271e-05 0 0)
(2.29618 0.00527525 0 6.12043e-05 0 0)
(2.32802 0.00529249 0 6.07744e-05 0 0)
(2.35987 0.00530911 0 6.03384e-05 0 0)
(2.39174 0.00532513 0 5.9898e-05 0 0)
(2.42363 0.00534051 0 5.94539e-05 0 0)
(2.45553 0.00535533 0 5.90084e-05 0 0)
(2.48743 0.00536951 0 5.85607e-05 0 0)
(2.51935 0.00538319 0 5.81148e-05 0 0)
(2.55127 0.0053962 0 5.76666e-05 0 0)
(2.5832 0.00540882 0 5.72237e-05 0 0)
(2.61514 0.00542067 0 5.67765e-05 0 0)
(2.64708 0.00543235 0 5.63401e-05 0 0)
(2.67903 0.00544303 0 5.58935e-05 0 0)
(2.711 0.00545401 0 5.54683e-05 0 0)
(2.74297 0.00546339 0 5.50176e-05 0 0)
(2.77495 0.00547401 0 5.46089e-05 0 0)
(2.80692 0.00548163 0 5.41405e-05 0 0)
(2.8389 0.00549249 0 5.37571e-05 0 0)
(2.87085 0.0054972 0 5.32433e-05 0 0)
(2.90279 0.00550952 0 5.29066e-05 0 0)
(2.93466 0.00550918 0 5.22989e-05 0 0)
(2.96644 0.00552573 0 5.20577e-05 0 0)
(2.99825 0.00551688 0 5.12697e-05 0 0)
(3.02962 0.0055435 0 5.12236e-05 0 0)
(3.06151 0.00552126 0 5.00946e-05 0 0)
(3.0919 0.00556904 0 5.04223e-05 0 0)
(3.12451 0.00552688 0 4.86549e-05 0 0)
(3.15254 0.00561067 0 4.96012e-05 0 0)
(3.18778 0.00553596 0 4.66321e-05 0 0)
(3.20993 0.00565104 0 4.82325e-05 0 0)
(3.25745 0.00550519 0 4.29972e-05 0 0)
(0.0334183 3.57158e-05 0 6.07473e-08 0 0)
(0.0077015 2.76358e-05 0 7.2796e-07 0 0)
(0.0167843 4.68495e-07 0 2.40929e-06 0 0)
(0.0269534 4.93992e-05 0 5.32619e-06 0 0)
(0.0387844 0.00014378 0 9.51193e-06 0 0)
(0.0518444 0.000237576 0 1.48424e-05 0 0)
(0.0648975 0.000318188 0 2.10747e-05 0 0)
(0.0782567 0.000393285 0 2.78347e-05 0 0)
(0.0930071 0.000471035 0 3.46583e-05 0 0)
(0.109004 0.000553944 0 4.11153e-05 0 0)
(0.12538 0.000641405 0 4.69012e-05 0 0)
(0.141993 0.000734121 0 5.18423e-05 0 0)
(0.159243 0.000834746 0 5.58322e-05 0 0)
(0.177303 0.000945876 0 5.87967e-05 0 0)
(0.196097 0.00106866 0 6.06789e-05 0 0)
(0.215559 0.00120193 0 6.14814e-05 0 0)
(0.235686 0.00134017 0 6.12595e-05 0 0)
(0.256503 0.00147335 0 6.01049e-05 0 0)
(0.278038 0.00159053 0 5.81652e-05 0 0)
(0.300268 0.00168432 0 5.56199e-05 0 0)
(0.323111 0.00175227 0 5.26327e-05 0 0)
(0.346462 0.00179618 0 4.93548e-05 0 0)
(0.370237 0.0018209 0 4.59496e-05 0 0)
(0.39436 0.00183342 0 4.25909e-05 0 0)
(0.418758 0.00184127 0 3.9433e-05 0 0)
(0.443357 0.00185042 0 3.65677e-05 0 0)
(0.468102 0.00186443 0 3.40329e-05 0 0)
(0.492963 0.00188411 0 3.18306e-05 0 0)
(0.517928 0.00190879 0 2.99348e-05 0 0)
(0.542994 0.00193733 0 2.8316e-05 0 0)
(0.568167 0.00196839 0 2.69386e-05 0 0)
(0.593454 0.00200053 0 2.57712e-05 0 0)
(0.618864 0.00203231 0 2.47849e-05 0 0)
(0.644407 0.00206268 0 2.39527e-05 0 0)
(0.67009 0.00209096 0 2.32474e-05 0 0)
(0.695918 0.00211695 0 2.26447e-05 0 0)
(0.721893 0.00214064 0 2.21226e-05 0 0)
(0.748017 0.00216221 0 2.16632e-05 0 0)
(0.774289 0.00218181 0 2.12521e-05 0 0)
(0.800709 0.00219966 0 2.08795e-05 0 0)
(0.827275 0.00221598 0 2.05392e-05 0 0)
(0.853986 0.00223102 0 2.02281e-05 0 0)
(0.88084 0.00224507 0 1.99445e-05 0 0)
(0.907834 0.00225845 0 1.96877e-05 0 0)
(0.934968 0.00227161 0 1.94576e-05 0 0)
(0.96224 0.00228508 0 1.92552e-05 0 0)
(0.989651 0.0022995 0 1.90818e-05 0 0)
(1.0172 0.00231549 0 1.89377e-05 0 0)
(1.04489 0.00233351 0 1.88207e-05 0 0)
(1.07272 0.00235385 0 1.87269e-05 0 0)
(1.10069 0.00237664 0 1.86521e-05 0 0)
(1.12882 0.00240188 0 1.85926e-05 0 0)
(1.15709 0.00242941 0 1.85452e-05 0 0)
(1.18551 0.00245895 0 1.85074e-05 0 0)
(1.21409 0.00249009 0 1.84767e-05 0 0)
(1.24282 0.00252234 0 1.84506e-05 0 0)
(1.27171 0.00255517 0 1.8427e-05 0 0)
(1.30076 0.00258801 0 1.84028e-05 0 0)
(1.32997 0.00262031 0 1.83751e-05 0 0)
(1.35934 0.00265163 0 1.83419e-05 0 0)
(1.38885 0.00268162 0 1.83014e-05 0 0)
(1.41851 0.00271004 0 1.82528e-05 0 0)
(1.44832 0.00273674 0 1.81952e-05 0 0)
(1.47827 0.00276167 0 1.81287e-05 0 0)
(1.50835 0.00278484 0 1.8053e-05 0 0)
(1.53855 0.00280634 0 1.79684e-05 0 0)
(1.56888 0.00282626 0 1.78746e-05 0 0)
(1.59933 0.00284471 0 1.77717e-05 0 0)
(1.62989 0.00286185 0 1.766e-05 0 0)
(1.66055 0.00287784 0 1.75403e-05 0 0)
(1.69132 0.00289286 0 1.74131e-05 0 0)
(1.72218 0.00290705 0 1.72794e-05 0 0)
(1.75314 0.00292054 0 1.71401e-05 0 0)
(1.78419 0.00293346 0 1.69959e-05 0 0)
(1.81532 0.00294589 0 1.68474e-05 0 0)
(1.84654 0.00295794 0 1.66954e-05 0 0)
(1.87784 0.00296964 0 1.65405e-05 0 0)
(1.90922 0.00298105 0 1.63833e-05 0 0)
(1.94068 0.00299222 0 1.62243e-05 0 0)
(1.97222 0.00300319 0 1.60641e-05 0 0)
(2.00383 0.003014 0 1.59028e-05 0 0)
(2.03551 0.00302466 0 1.57409e-05 0 0)
(2.06725 0.00303519 0 1.55786e-05 0 0)
(2.09907 0.00304561 0 1.54164e-05 0 0)
(2.13095 0.00305592 0 1.52545e-05 0 0)
(2.16289 0.00306615 0 1.50932e-05 0 0)
(2.19488 0.00307629 0 1.49328e-05 0 0)
(2.22693 0.00308633 0 1.47737e-05 0 0)
(2.25904 0.00309629 0 1.4616e-05 0 0)
(2.29119 0.00310617 0 1.44601e-05 0 0)
(2.32339 0.00311598 0 1.43064e-05 0 0)
(2.35563 0.00312572 0 1.41551e-05 0 0)
(2.38791 0.00313537 0 1.40063e-05 0 0)
(2.42022 0.00314489 0 1.38602e-05 0 0)
(2.45257 0.00315427 0 1.37169e-05 0 0)
(2.48496 0.00316346 0 1.35762e-05 0 0)
(2.51737 0.00317246 0 1.34384e-05 0 0)
(2.54982 0.00318119 0 1.33029e-05 0 0)
(2.5823 0.00318972 0 1.31704e-05 0 0)
(2.61482 0.00319795 0 1.30395e-05 0 0)
(2.64736 0.00320609 0 1.29122e-05 0 0)
(2.67994 0.00321386 0 1.27851e-05 0 0)
(2.71256 0.00322167 0 1.26624e-05 0 0)
(2.7452 0.00322885 0 1.25374e-05 0 0)
(2.77788 0.00323625 0 1.24191e-05 0 0)
(2.81058 0.00324248 0 1.2293e-05 0 0)
(2.84332 0.00324942 0 1.2179e-05 0 0)
(2.87605 0.00325413 0 1.20471e-05 0 0)
(2.90879 0.00326068 0 1.19392e-05 0 0)
(2.94152 0.00326299 0 1.17938e-05 0 0)
(2.97414 0.00326949 0 1.16978e-05 0 0)
(3.00688 0.00326798 0 1.15264e-05 0 0)
(3.03911 0.00327543 0 1.14576e-05 0 0)
(3.07203 0.0032681 0 1.12375e-05 0 0)
(3.10328 0.003279 0 1.12267e-05 0 0)
(3.13708 0.00326288 0 1.09127e-05 0 0)
(3.16588 0.00328152 0 1.10108e-05 0 0)
(3.20258 0.00324956 0 1.05038e-05 0 0)
(3.22517 0.00327762 0 1.07315e-05 0 0)
(3.27464 0.00320128 0 9.76841e-06 0 0)
(0.0334183 -4.08489e-05 0 1.08396e-07 0 0)
(0.00770131 -3.69222e-05 0 1.14701e-06 0 0)
(0.0167842 -2.3133e-06 0 3.57621e-06 0 0)
(0.0269533 -4.95652e-05 0 7.65766e-06 0 0)
(0.0387837 -0.000157238 0 1.34569e-05 0 0)
(0.0518426 -0.000268646 0 2.08329e-05 0 0)
(0.0648954 -0.000357699 0 2.94636e-05 0 0)
(0.0782556 -0.000430666 0 3.88327e-05 0 0)
(0.093008 -0.000502519 0 4.82746e-05 0 0)
(0.109008 -0.000579517 0 5.71746e-05 0 0)
(0.125387 -0.000659008 0 6.51014e-05 0 0)
(0.142003 -0.000738781 0 7.1838e-05 0 0)
(0.159254 -0.000820904 0 7.72911e-05 0 0)
(0.177316 -0.000909333 0 8.14245e-05 0 0)
(0.196111 -0.00100765 0 8.42143e-05 0 0)
(0.215573 -0.00111733 0 8.56997e-05 0 0)
(0.235699 -0.00123506 0 8.59352e-05 0 0)
(0.256516 -0.00135219 0 8.49729e-05 0 0)
(0.278052 -0.0014575 0 8.28094e-05 0 0)
(0.300285 -0.00154183 0 7.94868e-05 0 0)
(0.323131 -0.0016008 0 7.5169e-05 0 0)
(0.346485 -0.00163459 0 7.01281e-05 0 0)
(0.37026 -0.00164649 0 6.4683e-05 0 0)
(0.394384 -0.00164199 0 5.91752e-05 0 0)
(0.41878 -0.00162718 0 5.38936e-05 0 0)
(0.443377 -0.001608 0 4.90804e-05 0 0)
(0.468118 -0.00158911 0 4.48852e-05 0 0)
(0.49297 -0.00157268 0 4.13447e-05 0 0)
(0.517923 -0.00155938 0 3.84127e-05 0 0)
(0.542976 -0.00154978 0 3.60172e-05 0 0)
(0.568134 -0.00154438 0 3.40837e-05 0 0)
(0.593406 -0.00154334 0 3.25537e-05 0 0)
(0.618801 -0.00154636 0 3.13754e-05 0 0)
(0.644329 -0.00155304 0 3.0504e-05 0 0)
(0.669999 -0.0015631 0 2.98958e-05 0 0)
(0.695815 -0.00157652 0 2.95118e-05 0 0)
(0.72178 -0.00159326 0 2.93161e-05 0 0)
(0.747895 -0.00161324 0 2.92784e-05 0 0)
(0.774159 -0.00163619 0 2.93716e-05 0 0)
(0.800572 -0.00166173 0 2.95724e-05 0 0)
(0.827131 -0.00168928 0 2.98586e-05 0 0)
(0.853836 -0.00171818 0 3.02111e-05 0 0)
(0.880684 -0.00174773 0 3.06116e-05 0 0)
(0.907674 -0.00177736 0 3.10442e-05 0 0)
(0.934805 -0.00180653 0 3.14939e-05 0 0)
(0.962075 -0.00183487 0 3.19472e-05 0 0)
(0.989484 -0.00186215 0 3.23924e-05 0 0)
(1.01703 -0.00188833 0 3.28198e-05 0 0)
(1.04472 -0.00191344 0 3.3222e-05 0 0)
(1.07255 -0.00193768 0 3.35943e-05 0 0)
(1.10053 -0.00196119 0 3.39329e-05 0 0)
(1.12865 -0.00198414 0 3.42351e-05 0 0)
(1.15692 -0.00200659 0 3.44982e-05 0 0)
(1.18534 -0.00202854 0 3.47209e-05 0 0)
(1.21392 -0.00204989 0 3.49014e-05 0 0)
(1.24265 -0.00207053 0 3.50395e-05 0 0)
(1.27154 -0.00209029 0 3.51365e-05 0 0)
(1.30059 -0.00210903 0 3.51949e-05 0 0)
(1.32979 -0.00212652 0 3.52168e-05 0 0)
(1.35915 -0.00214251 0 3.52036e-05 0 0)
(1.38866 -0.00215674 0 3.51558e-05 0 0)
(1.41831 -0.00216899 0 3.50751e-05 0 0)
(1.44811 -0.0021791 0 3.49624e-05 0 0)
(1.47805 -0.00218696 0 3.48196e-05 0 0)
(1.50813 -0.00219255 0 3.46483e-05 0 0)
(1.53833 -0.00219589 0 3.44508e-05 0 0)
(1.56865 -0.00219704 0 3.42287e-05 0 0)
(1.59909 -0.00219611 0 3.39837e-05 0 0)
(1.62964 -0.00219331 0 3.37182e-05 0 0)
(1.66029 -0.00218887 0 3.34353e-05 0 0)
(1.69105 -0.00218305 0 3.31376e-05 0 0)
(1.7219 -0.00217613 0 3.28281e-05 0 0)
(1.75285 -0.00216835 0 3.25091e-05 0 0)
(1.78389 -0.00215996 0 3.21829e-05 0 0)
(1.81502 -0.00215114 0 3.18512e-05 0 0)
(1.84623 -0.00214207 0 3.15157e-05 0 0)
(1.87752 -0.00213289 0 3.11773e-05 0 0)
(1.90889 -0.00212374 0 3.0837e-05 0 0)
(1.94034 -0.00211464 0 3.04957e-05 0 0)
(1.97187 -0.00210561 0 3.01543e-05 0 0)
(2.00347 -0.00209664 0 2.98133e-05 0 0)
(2.03514 -0.00208768 0 2.94737e-05 0 0)
(2.06687 -0.0020787 0 2.91357e-05 0 0)
(2.09868 -0.00206966 0 2.87999e-05 0 0)
(2.13055 -0.00206048 0 2.84668e-05 0 0)
(2.16248 -0.00205113 0 2.81369e-05 0 0)
(2.19446 -0.00204156 0 2.78106e-05 0 0)
(2.2265 -0.00203181 0 2.7488e-05 0 0)
(2.2586 -0.00202189 0 2.71693e-05 0 0)
(2.29074 -0.00201181 0 2.68548e-05 0 0)
(2.32293 -0.00200154 0 2.65445e-05 0 0)
(2.35515 -0.00199106 0 2.6239e-05 0 0)
(2.38742 -0.00198037 0 2.59383e-05 0 0)
(2.41973 -0.00196948 0 2.56427e-05 0 0)
(2.45207 -0.0019584 0 2.53527e-05 0 0)
(2.48444 -0.00194711 0 2.50688e-05 0 0)
(2.51685 -0.00193567 0 2.47918e-05 0 0)
(2.54928 -0.00192411 0 2.45213e-05 0 0)
(2.58175 -0.00191256 0 2.42583e-05 0 0)
(2.61425 -0.00190098 0 2.40015e-05 0 0)
(2.64679 -0.00188949 0 2.37535e-05 0 0)
(2.67935 -0.00187792 0 2.35113e-05 0 0)
(2.71196 -0.00186657 0 2.32801e-05 0 0)
(2.74459 -0.00185505 0 2.30536e-05 0 0)
(2.77727 -0.00184413 0 2.28424e-05 0 0)
(2.80995 -0.00183289 0 2.26323e-05 0 0)
(2.84268 -0.00182306 0 2.24459e-05 0 0)
(2.8754 -0.00181234 0 2.22509e-05 0 0)
(2.90812 -0.00180472 0 2.20955e-05 0 0)
(2.94084 -0.0017946 0 2.19108e-05 0 0)
(2.97345 -0.00179114 0 2.17961e-05 0 0)
(3.00617 -0.00178136 0 2.16084e-05 0 0)
(3.0384 -0.00178571 0 2.15515e-05 0 0)
(3.07131 -0.00177552 0 2.13344e-05 0 0)
(3.10254 -0.00179401 0 2.13716e-05 0 0)
(3.13633 -0.00178129 0 2.10791e-05 0 0)
(3.16511 -0.0018215 0 2.12747e-05 0 0)
(3.20181 -0.0017988 0 2.08251e-05 0 0)
(3.22438 -0.00185524 0 2.11837e-05 0 0)
(3.27387 -0.00179445 0 2.03785e-05 0 0)
(0.0334183 -0.000118352 0 7.96577e-07 0 0)
(0.00770205 -0.000101963 0 8.85838e-06 0 0)
(0.0167871 -5.8243e-06 0 2.84037e-05 0 0)
(0.0269801 -0.000153509 0 6.19122e-05 0 0)
(0.0388509 -0.000470385 0 0.000110009 0 0)
(0.051961 -0.000794766 0 0.000171554 0 0)
(0.0650842 -0.0010593 0 0.000243693 0 0)
(0.0785353 -0.00128243 0 0.000321618 0 0)
(0.0933867 -0.00150475 0 0.000399379 0 0)
(0.109481 -0.00174583 0 0.000471671 0 0)
(0.125942 -0.00200052 0 0.000535078 0 0)
(0.142628 -0.00226123 0 0.000587976 0 0)
(0.15994 -0.00253126 0 0.000629793 0 0)
(0.178061 -0.00282081 0 0.000660354 0 0)
(0.196921 -0.00313933 0 0.000679874 0 0)
(0.216468 -0.00349027 0 0.000689109 0 0)
(0.23672 -0.00386647 0 0.000689229 0 0)
(0.257715 -0.00424941 0 0.000681471 0 0)
(0.27948 -0.00461481 0 0.000666942 0 0)
(0.301977 -0.00493938 0 0.000646603 0 0)
(0.325103 -0.00520398 0 0.000621272 0 0)
(0.348737 -0.00539504 0 0.000591759 0 0)
(0.372781 -0.00550658 0 0.000559017 0 0)
(0.397151 -0.00554192 0 0.000524149 0 0)
(0.421771 -0.00551266 0 0.000488369 0 0)
(0.446568 -0.00543462 0 0.000452741 0 0)
(0.471494 -0.00532465 0 0.000418156 0 0)
(0.496523 -0.00519779 0 0.000385272 0 0)
(0.521644 -0.00506642 0 0.000354502 0 0)
(0.546858 -0.00493992 0 0.0003261 0 0)
(0.572168 -0.0048243 0 0.000300192 0 0)
(0.597583 -0.0047224 0 0.000276781 0 0)
(0.623117 -0.00463447 0 0.000255812 0 0)
(0.648777 -0.0045592 0 0.000237164 0 0)
(0.674574 -0.00449457 0 0.00022067 0 0)
(0.700511 -0.00443848 0 0.000206153 0 0)
(0.726594 -0.00438914 0 0.000193449 0 0)
(0.752825 -0.00434528 0 0.000182394 0 0)
(0.779207 -0.00430614 0 0.000172818 0 0)
(0.80574 -0.00427123 0 0.000164543 0 0)
(0.832424 -0.00424015 0 0.000157397 0 0)
(0.859259 -0.00421258 0 0.000151225 0 0)
(0.886243 -0.00418817 0 0.000145889 0 0)
(0.913374 -0.00416658 0 0.000141267 0 0)
(0.94065 -0.00414741 0 0.00013725 0 0)
(0.968069 -0.00413028 0 0.000133738 0 0)
(0.995629 -0.00411495 0 0.000130645 0 0)
(1.02333 -0.00410133 0 0.0001279 0 0)
(1.05117 -0.00408958 0 0.000125446 0 0)
(1.07915 -0.00407996 0 0.000123237 0 0)
(1.10727 -0.00407281 0 0.000121233 0 0)
(1.13554 -0.00406843 0 0.000119402 0 0)
(1.16395 -0.00406703 0 0.000117715 0 0)
(1.1925 -0.00406869 0 0.000116148 0 0)
(1.22121 -0.0040733 0 0.000114677 0 0)
(1.25006 -0.00408064 0 0.000113284 0 0)
(1.27906 -0.00409033 0 0.000111954 0 0)
(1.30821 -0.00410193 0 0.00011068 0 0)
(1.33751 -0.00411493 0 0.000109456 0 0)
(1.36696 -0.00412872 0 0.000108278 0 0)
(1.39655 -0.00414267 0 0.000107141 0 0)
(1.42627 -0.00415613 0 0.000106039 0 0)
(1.45613 -0.00416856 0 0.000104968 0 0)
(1.48612 -0.00417947 0 0.000103921 0 0)
(1.51623 -0.0041885 0 0.000102896 0 0)
(1.54646 -0.00419538 0 0.000101888 0 0)
(1.5768 -0.0042 0 0.000100893 0 0)
(1.60725 -0.00420242 0 9.99136e-05 0 0)
(1.6378 -0.00420287 0 9.89503e-05 0 0)
(1.66844 -0.00420168 0 9.80061e-05 0 0)
(1.69918 -0.00419923 0 9.70826e-05 0 0)
(1.73 -0.00419589 0 9.61821e-05 0 0)
(1.7609 -0.00419205 0 9.53049e-05 0 0)
(1.79188 -0.00418796 0 9.44519e-05 0 0)
(1.82294 -0.0041839 0 9.36215e-05 0 0)
(1.85407 -0.00418002 0 9.28126e-05 0 0)
(1.88527 -0.00417646 0 9.20224e-05 0 0)
(1.91654 -0.00417331 0 9.12491e-05 0 0)
(1.94788 -0.00417059 0 9.04904e-05 0 0)
(1.97928 -0.00416824 0 8.97449e-05 0 0)
(2.01073 -0.00416621 0 8.90099e-05 0 0)
(2.04224 -0.00416443 0 8.82831e-05 0 0)
(2.07381 -0.0041628 0 8.75626e-05 0 0)
(2.10543 -0.00416122 0 8.68471e-05 0 0)
(2.13709 -0.00415956 0 8.61352e-05 0 0)
(2.1688 -0.00415768 0 8.54272e-05 0 0)
(2.20054 -0.00415549 0 8.47224e-05 0 0)
(2.23232 -0.00415289 0 8.40212e-05 0 0)
(2.26414 -0.00414987 0 8.33232e-05 0 0)
(2.29598 -0.00414642 0 8.26294e-05 0 0)
(2.32785 -0.00414258 0 8.19405e-05 0 0)
(2.35974 -0.00413835 0 8.12579e-05 0 0)
(2.39165 -0.00413381 0 8.05833e-05 0 0)
(2.42357 -0.00412896 0 7.99172e-05 0 0)
(2.45551 -0.00412389 0 7.92615e-05 0 0)
(2.48746 -0.00411852 0 7.86159e-05 0 0)
(2.51943 -0.0041129 0 7.79838e-05 0 0)
(2.55139 -0.00410685 0 7.73627e-05 0 0)
(2.58338 -0.00410061 0 7.67598e-05 0 0)
(2.61536 -0.00409398 0 7.61659e-05 0 0)
(2.64737 -0.0040875 0 7.55954e-05 0 0)
(2.67937 -0.00408055 0 7.50275e-05 0 0)
(2.7114 -0.00407422 0 7.44943e-05 0 0)
(2.74343 -0.00406702 0 7.39499e-05 0 0)
(2.77548 -0.00406139 0 7.34647e-05 0 0)
(2.80751 -0.00405369 0 7.29372e-05 0 0)
(2.83956 -0.00404967 0 7.25206e-05 0 0)
(2.87157 -0.00404091 0 7.19911e-05 0 0)
(2.90358 -0.00404085 0 7.16763e-05 0 0)
(2.93553 -0.00403002 0 7.10971e-05 0 0)
(2.96738 -0.00403845 0 7.09432e-05 0 0)
(2.99927 -0.00402313 0 7.02213e-05 0 0)
(3.0307 -0.00404872 0 7.03422e-05 0 0)
(3.06268 -0.00402514 0 6.93019e-05 0 0)
(3.09312 -0.00408345 0 6.99002e-05 0 0)
(3.12583 -0.00404611 0 6.82294e-05 0 0)
(3.15391 -0.0041566 0 6.95998e-05 0 0)
(3.18929 -0.00409386 0 6.67825e-05 0 0)
(3.21145 -0.00424673 0 6.89403e-05 0 0)
(3.25922 -0.00411473 0 6.3964e-05 0 0)
(0.033418 -0.000198226 0 2.08916e-06 0 0)
(0.00770147 -0.0001668 0 2.37734e-05 0 0)
(0.016792 -8.92158e-06 0 7.74528e-05 0 0)
(0.0270364 -0.000267223 0 0.000170927 0 0)
(0.0389948 -0.000815005 0 0.000307089 0 0)
(0.0522198 -0.00138007 0 0.000483722 0 0)
(0.0655055 -0.00184468 0 0.000692216 0 0)
(0.0791629 -0.00223629 0 0.000916796 0 0)
(0.0942278 -0.0026257 0 0.00113858 0 0)
(0.110521 -0.00305129 0 0.00134197 0 0)
(0.127171 -0.00350736 0 0.00151755 0 0)
(0.144043 -0.0039811 0 0.00166076 0 0)
(0.161544 -0.00447624 0 0.00176947 0 0)
(0.179861 -0.00500652 0 0.00184309 0 0)
(0.19894 -0.00558198 0 0.00188319 0 0)
(0.218755 -0.00620033 0 0.00189351 0 0)
(0.239345 -0.00684299 0 0.00187925 0 0)
(0.260766 -0.00747962 0 0.00184556 0 0)
(0.283044 -0.0080792 0 0.0017969 0 0)
(0.306132 -0.0086165 0 0.00173682 0 0)
(0.329909 -0.00907145 0 0.00166808 0 0)
(0.354229 -0.00942848 0 0.00159289 0 0)
(0.378955 -0.00967984 0 0.00151339 0 0)
(0.403963 -0.00982859 0 0.00143154 0 0)
(0.429139 -0.00988703 0 0.00134909 0 0)
(0.454388 -0.00987279 0 0.00126752 0 0)
(0.479647 -0.0098055 0 0.00118811 0 0)
(0.504886 -0.00970476 0 0.00111202 0 0)
(0.530099 -0.009588 0 0.0010403 0 0)
(0.555297 -0.00946847 0 0.000973674 0 0)
(0.580497 -0.0093548 0 0.000912576 0 0)
(0.605719 -0.00925155 0 0.000857077 0 0)
(0.630983 -0.00916055 0 0.000807011 0 0)
(0.656306 -0.00908169 0 0.00076206 0 0)
(0.681699 -0.00901376 0 0.000721873 0 0)
(0.707172 -0.00895483 0 0.000686085 0 0)
(0.732728 -0.00890313 0 0.000654352 0 0)
(0.75837 -0.00885711 0 0.000626349 0 0)
(0.7841 -0.00881538 0 0.000601745 0 0)
(0.809919 -0.00877633 0 0.000580155 0 0)
(0.835827 -0.00873859 0 0.000561212 0 0)
(0.861825 -0.00870127 0 0.000544595 0 0)
(0.887912 -0.00866418 0 0.000530021 0 0)
(0.914086 -0.00862733 0 0.000517206 0 0)
(0.940347 -0.00859103 0 0.000505893 0 0)
(0.966691 -0.00855547 0 0.000495827 0 0)
(0.993115 -0.00852095 0 0.000486771 0 0)
(1.01962 -0.00848776 0 0.00047851 0 0)
(1.04619 -0.00845646 0 0.00047088 0 0)
(1.07284 -0.00842755 0 0.000463742 0 0)
(1.09955 -0.0084016 0 0.000457002 0 0)
(1.12633 -0.00837889 0 0.000450572 0 0)
(1.15317 -0.00835963 0 0.000444398 0 0)
(1.18008 -0.00834364 0 0.000438422 0 0)
(1.20704 -0.00833069 0 0.000432609 0 0)
(1.23407 -0.00832016 0 0.000426924 0 0)
(1.26115 -0.00831139 0 0.000421354 0 0)
(1.28828 -0.00830347 0 0.000415881 0 0)
(1.31547 -0.00829555 0 0.000410502 0 0)
(1.34271 -0.00828663 0 0.000405202 0 0)
(1.36999 -0.00827586 0 0.000399983 0 0)
(1.39731 -0.00826231 0 0.000394832 0 0)
(1.42467 -0.00824533 0 0.000389758 0 0)
(1.45207 -0.00822425 0 0.000384751 0 0)
(1.47949 -0.00819878 0 0.000379812 0 0)
(1.50694 -0.00816857 0 0.00037492 0 0)
(1.53441 -0.0081337 0 0.000370077 0 0)
(1.56189 -0.00809429 0 0.000365278 0 0)
(1.58939 -0.00805091 0 0.000360538 0 0)
(1.6169 -0.00800403 0 0.000355854 0 0)
(1.64441 -0.00795439 0 0.000351243 0 0)
(1.67192 -0.00790248 0 0.000346698 0 0)
(1.69944 -0.00784899 0 0.000342231 0 0)
(1.72695 -0.00779437 0 0.000337832 0 0)
(1.75446 -0.00773917 0 0.000333507 0 0)
(1.78196 -0.0076836 0 0.000329245 0 0)
(1.80945 -0.00762794 0 0.000325054 0 0)
(1.83693 -0.00757213 0 0.000320918 0 0)
(1.8644 -0.00751636 0 0.000316843 0 0)
(1.89186 -0.0074604 0 0.00031281 0 0)
(1.91929 -0.00740435 0 0.000308826 0 0)
(1.94671 -0.00734792 0 0.00030487 0 0)
(1.9741 -0.00729117 0 0.000300952 0 0)
(2.00147 -0.00723375 0 0.000297052 0 0)
(2.02881 -0.00717582 0 0.000293182 0 0)
(2.05611 -0.00711707 0 0.000289325 0 0)
(2.08339 -0.0070577 0 0.000285494 0 0)
(2.11062 -0.00699735 0 0.000281675 0 0)
(2.13782 -0.00693619 0 0.000277887 0 0)
(2.16498 -0.0068739 0 0.000274114 0 0)
(2.19209 -0.00681083 0 0.00027038 0 0)
(2.21916 -0.00674669 0 0.000266667 0 0)
(2.24619 -0.00668185 0 0.000262999 0 0)
(2.27317 -0.00661599 0 0.000259358 0 0)
(2.3001 -0.00654946 0 0.000255771 0 0)
(2.32698 -0.00648201 0 0.000252211 0 0)
(2.35382 -0.00641412 0 0.00024871 0 0)
(2.38062 -0.00634535 0 0.000245235 0 0)
(2.40737 -0.00627627 0 0.00024183 0 0)
(2.43408 -0.00620619 0 0.000238448 0 0)
(2.46075 -0.00613604 0 0.000235149 0 0)
(2.48738 -0.00606477 0 0.00023186 0 0)
(2.51399 -0.00599396 0 0.000228681 0 0)
(2.54055 -0.0059216 0 0.000225476 0 0)
(2.56711 -0.00585077 0 0.000222439 0 0)
(2.59358 -0.00577727 0 0.000219294 0 0)
(2.62007 -0.00570791 0 0.00021644 0 0)
(2.64644 -0.00563281 0 0.000213298 0 0)
(2.67284 -0.00556777 0 0.000210709 0 0)
(2.69905 -0.00548932 0 0.000207449 0 0)
(2.72526 -0.00543406 0 0.000205279 0 0)
(2.75127 -0.00534907 0 0.000201666 0 0)
(2.77713 -0.00531492 0 0.000200209 0 0)
(2.80298 -0.00521964 0 0.000195792 0 0)
(2.82808 -0.0052284 0 0.000195595 0 0)
(2.85416 -0.00512244 0 0.000189539 0 0)
(2.87754 -0.0052067 0 0.000191498 0 0)
(2.9052 -0.00509973 0 0.000182407 0 0)
(2.92434 -0.00526444 0 0.000187162 0 0)
(2.96185 -0.00516358 0 0.000172917 0 0)
(0.0334169 -0.000281403 0 3.94745e-06 0 0)
(0.00769873 -0.000231402 0 4.57292e-05 0 0)
(0.0168008 -1.37136e-05 0 0.000149717 0 0)
(0.02713 -0.000386696 0 0.000331381 0 0)
(0.0392537 -0.00118409 0 0.000601418 0 0)
(0.0527455 -0.00203989 0 0.000962052 0 0)
(0.0664271 -0.002769 0 0.00139687 0 0)
(0.080572 -0.00339161 0 0.00186986 0 0)
(0.0961378 -0.0040198 0 0.00234014 0 0)
(0.112896 -0.00471315 0 0.00277619 0 0)
(0.12995 -0.00544255 0 0.00315823 0 0)
(0.147131 -0.00617126 0 0.00347433 0 0)
(0.164809 -0.00690458 0 0.00371486 0 0)
(0.183134 -0.00766758 0 0.00387401 0 0)
(0.202018 -0.00847647 0 0.00395262 0 0)
(0.221403 -0.00932174 0 0.00395834 0 0)
(0.241289 -0.0101598 0 0.00390236 0 0)
(0.261673 -0.0109232 0 0.00379607 0 0)
(0.282517 -0.0115463 0 0.0036496 0 0)
(0.303723 -0.0119814 0 0.00347181 0 0)
(0.325149 -0.0122022 0 0.00327095 0 0)
(0.346652 -0.0122032 0 0.00305469 0 0)
(0.368115 -0.0120024 0 0.00283094 0 0)
(0.389445 -0.0116372 0 0.00260672 0 0)
(0.410571 -0.0111554 0 0.00238787 0 0)
(0.431446 -0.0106065 0 0.0021791 0 0)
(0.452053 -0.0100349 0 0.00198397 0 0)
(0.472402 -0.00947485 0 0.00180471 0 0)
(0.492522 -0.00894993 0 0.00164234 0 0)
(0.512449 -0.00847309 0 0.00149693 0 0)
(0.532219 -0.00804829 0 0.00136777 0 0)
(0.55187 -0.00767292 0 0.00125376 0 0)
(0.571433 -0.00734057 0 0.00115355 0 0)
(0.590934 -0.00704332 0 0.00106576 0 0)
(0.610398 -0.00677332 0 0.000989049 0 0)
(0.629841 -0.00652396 0 0.000922194 0 0)
(0.649282 -0.00629018 0 0.000864067 0 0)
(0.668736 -0.00606935 0 0.000813761 0 0)
(0.688218 -0.0058596 0 0.000770324 0 0)
(0.707741 -0.00565869 0 0.000732805 0 0)
(0.727318 -0.00546416 0 0.000700339 0 0)
(0.74696 -0.00527361 0 0.000672145 0 0)
(0.766679 -0.00508483 0 0.000647545 0 0)
(0.786484 -0.00489598 0 0.000625946 0 0)
(0.806387 -0.00470575 0 0.000606835 0 0)
(0.826396 -0.00451346 0 0.000589767 0 0)
(0.846522 -0.00431914 0 0.000574368 0 0)
(0.86677 -0.00412341 0 0.000560311 0 0)
(0.887147 -0.00392732 0 0.000547321 0 0)
(0.907659 -0.00373219 0 0.000535151 0 0)
(0.928309 -0.00353944 0 0.000523594 0 0)
(0.949101 -0.00335046 0 0.000512489 0 0)
(0.970038 -0.00316635 0 0.000501715 0 0)
(0.991122 -0.00298793 0 0.00049118 0 0)
(1.01235 -0.00281559 0 0.000480819 0 0)
(1.03374 -0.00264938 0 0.000470577 0 0)
(1.05527 -0.00248894 0 0.000460425 0 0)
(1.07695 -0.00233368 0 0.000450339 0 0)
(1.09878 -0.00218278 0 0.000440309 0 0)
(1.12077 -0.00203527 0 0.000430331 0 0)
(1.14291 -0.00189018 0 0.000420408 0 0)
(1.1652 -0.00174668 0 0.000410544 0 0)
(1.18765 -0.001604 0 0.000400751 0 0)
(1.21026 -0.00146158 0 0.000391049 0 0)
(1.23302 -0.00131907 0 0.000381456 0 0)
(1.25594 -0.00117643 0 0.000371972 0 0)
(1.27902 -0.00103383 0 0.0003626 0 0)
(1.30226 -0.000891695 0 0.000353348 0 0)
(1.32566 -0.00075048 0 0.000344231 0 0)
(1.34923 -0.000610821 0 0.000335261 0 0)
(1.37297 -0.000473339 0 0.000326448 0 0)
(1.39687 -0.000338742 0 0.000317798 0 0)
(1.42093 -0.000207586 0 0.000309313 0 0)
(1.44517 -8.0529e-05 0 0.000300994 0 0)
(1.46957 4.20541e-05 0 0.000292841 0 0)
(1.49414 0.000159857 0 0.000284854 0 0)
(1.51887 0.000272879 0 0.000277033 0 0)
(1.54376 0.000381168 0 0.000269374 0 0)
(1.56882 0.000484947 0 0.000261875 0 0)
(1.59404 0.000584335 0 0.00025453 0 0)
(1.61941 0.00067963 0 0.000247335 0 0)
(1.64494 0.00077107 0 0.000240285 0 0)
(1.67062 0.00085898 0 0.000233379 0 0)
(1.69644 0.000943598 0 0.000226611 0 0)
(1.72241 0.00102508 0 0.000219982 0 0)
(1.74852 0.0011034 0 0.000213488 0 0)
(1.77477 0.00117866 0 0.000207132 0 0)
(1.80115 0.00125084 0 0.000200913 0 0)
(1.82766 0.00132011 0 0.000194838 0 0)
(1.8543 0.00138643 0 0.000188906 0 0)
(1.88106 0.00144987 0 0.000183124 0 0)
(1.90795 0.00151037 0 0.000177491 0 0)
(1.93495 0.00156802 0 0.000172013 0 0)
(1.96206 0.00162277 0 0.000166686 0 0)
(1.98929 0.00167479 0 0.000161519 0 0)
(2.01663 0.00172393 0 0.000156503 0 0)
(2.04407 0.00177037 0 0.000151649 0 0)
(2.07162 0.00181391 0 0.000146945 0 0)
(2.09929 0.00185496 0 0.000142404 0 0)
(2.12705 0.00189344 0 0.000138008 0 0)
(2.15493 0.00192997 0 0.000133776 0 0)
(2.1829 0.0019642 0 0.000129677 0 0)
(2.21099 0.00199692 0 0.000125745 0 0)
(2.23918 0.00202746 0 0.000121926 0 0)
(2.26748 0.00205675 0 0.000118284 0 0)
(2.29586 0.00208364 0 0.000114721 0 0)
(2.32434 0.00210911 0 0.000111364 0 0)
(2.35289 0.00213251 0 0.000108021 0 0)
(2.3815 0.00215344 0 0.00010496 0 0)
(2.41016 0.00217448 0 0.000101779 0 0)
(2.43878 0.00218845 0 9.90533e-05 0 0)
(2.46754 0.00220741 0 9.59398e-05 0 0)
(2.49591 0.00220793 0 9.36317e-05 0 0)
(2.52491 0.00222044 0 9.04225e-05 0 0)
(2.55243 0.00219445 0 8.87091e-05 0 0)
(2.58227 0.00217658 0 8.51694e-05 0 0)
(2.6076 0.00210296 0 8.43986e-05 0 0)
(2.6401 0.00196049 0 8.04852e-05 0 0)
(2.65984 0.00183775 0 8.10584e-05 0 0)
(2.70396 0.00132425 0 7.84884e-05 0 0)
(0.033431 -0.000459382 0 9.59286e-06 0 0)
(0.00777216 -0.000368146 0 0.00010858 0 0)
(0.0168317 -7.86562e-05 0 0.000343361 0 0)
(0.0275439 -0.000734171 0 0.000737449 0 0)
(0.0403711 -0.00204302 0 0.0013104 0 0)
(0.0544358 -0.00339976 0 0.00205936 0 0)
(0.0682812 -0.00441344 0 0.00292984 0 0)
(0.0819551 -0.00497235 0 0.00382168 0 0)
(0.0961828 -0.00517093 0 0.00464416 0 0)
(0.110664 -0.00509529 0 0.00535128 0 0)
(0.124612 -0.00472281 0 0.00592817 0 0)
(0.138017 -0.00402223 0 0.00636842 0 0)
(0.151413 -0.00306013 0 0.0066639 0 0)
(0.165125 -0.00195927 0 0.00681179 0 0)
(0.179241 -0.00084007 0 0.00682074 0 0)
(0.193863 0.000210022 0 0.00671018 0 0)
(0.209136 0.00115459 0 0.00650429 0 0)
(0.225186 0.00200419 0 0.00622557 0 0)
(0.242087 0.00278872 0 0.00589309 0 0)
(0.259851 0.00354005 0 0.00552258 0 0)
(0.278464 0.00428798 0 0.00512653 0 0)
(0.297927 0.00505448 0 0.00471642 0 0)
(0.318264 0.00584503 0 0.00430161 0 0)
(0.339519 0.00664373 0 0.00389097 0 0)
(0.361743 0.00741895 0 0.00349324 0 0)
(0.384972 0.00813423 0 0.00311574 0 0)
(0.409236 0.00875672 0 0.00276383 0 0)
(0.434545 0.00926191 0 0.00244097 0 0)
(0.460889 0.00963622 0 0.00214884 0 0)
(0.488233 0.00987798 0 0.0018876 0 0)
(0.516527 0.00999623 0 0.00165615 0 0)
(0.545706 0.010008 0 0.00145257 0 0)
(0.575696 0.00993523 0 0.00127453 0 0)
(0.606426 0.00980112 0 0.00111943 0 0)
(0.637824 0.00962747 0 0.000984711 0 0)
(0.669825 0.00943263 0 0.000867896 0 0)
(0.702372 0.0092299 0 0.000766702 0 0)
(0.735423 0.00902742 0 0.000678948 0 0)
(0.768942 0.00882918 0 0.000602787 0 0)
(0.8029 0.00863685 0 0.000536688 0 0)
(0.837276 0.00845092 0 0.000479336 0 0)
(0.872055 0.00827117 0 0.000429538 0 0)
(0.907228 0.00809712 0 0.00038624 0 0)
(0.942783 0.00792827 0 0.000348528 0 0)
(0.97871 0.0077639 0 0.0003156 0 0)
(1.015 0.00760384 0 0.0002868 0 0)
(1.05163 0.00744798 0 0.000261556 0 0)
(1.08858 0.00729603 0 0.000239367 0 0)
(1.12584 0.00714762 0 0.000219796 0 0)
(1.16338 0.00700221 0 0.000202458 0 0)
(1.20119 0.00685916 0 0.000187022 0 0)
(1.23922 0.0067178 0 0.000173208 0 0)
(1.27747 0.00657754 0 0.000160781 0 0)
(1.3159 0.00643791 0 0.000149547 0 0)
(1.35449 0.00629859 0 0.00013935 0 0)
(1.39322 0.00615943 0 0.000130057 0 0)
(1.43206 0.00602042 0 0.000121561 0 0)
(1.471 0.00588167 0 0.000113771 0 0)
(1.51001 0.00574352 0 0.00010661 0 0)
(1.54907 0.00560644 0 0.000100018 0 0)
(1.58818 0.00547085 0 9.39402e-05 0 0)
(1.62731 0.00533706 0 8.83259e-05 0 0)
(1.66646 0.00520528 0 8.31322e-05 0 0)
(1.70562 0.00507565 0 7.83239e-05 0 0)
(1.74478 0.0049484 0 7.38733e-05 0 0)
(1.78393 0.00482391 0 6.97632e-05 0 0)
(1.82306 0.00470235 0 6.5976e-05 0 0)
(1.86218 0.00458357 0 6.24876e-05 0 0)
(1.90126 0.00446722 0 5.92722e-05 0 0)
(1.94032 0.00435287 0 5.63043e-05 0 0)
(1.97934 0.00424015 0 5.35611e-05 0 0)
(2.01831 0.00412863 0 5.10212e-05 0 0)
(2.05723 0.004018 0 4.86664e-05 0 0)
(2.09609 0.00390815 0 4.64799e-05 0 0)
(2.13488 0.00379905 0 4.4447e-05 0 0)
(2.17361 0.00369086 0 4.25536e-05 0 0)
(2.21226 0.00358365 0 4.07864e-05 0 0)
(2.25083 0.00347753 0 3.9133e-05 0 0)
(2.2893 0.00337268 0 3.75828e-05 0 0)
(2.32769 0.00326925 0 3.61256e-05 0 0)
(2.36598 0.00316742 0 3.4753e-05 0 0)
(2.40417 0.00306731 0 3.34569e-05 0 0)
(2.44226 0.00296904 0 3.22306e-05 0 0)
(2.48024 0.00287261 0 3.10678e-05 0 0)
(2.51812 0.0027781 0 2.99639e-05 0 0)
(2.55588 0.00268548 0 2.89142e-05 0 0)
(2.59354 0.0025948 0 2.79155e-05 0 0)
(2.63108 0.00250601 0 2.69647e-05 0 0)
(2.66852 0.00241899 0 2.60597e-05 0 0)
(2.70583 0.00233373 0 2.51985e-05 0 0)
(2.74304 0.00225025 0 2.43797e-05 0 0)
(2.78012 0.00216859 0 2.36018e-05 0 0)
(2.81709 0.00208868 0 2.28632e-05 0 0)
(2.85394 0.00201058 0 2.21629e-05 0 0)
(2.89067 0.00193418 0 2.15001e-05 0 0)
(2.92729 0.00185982 0 2.08741e-05 0 0)
(2.96379 0.00178747 0 2.02837e-05 0 0)
(3.00017 0.00171747 0 1.97276e-05 0 0)
(3.03645 0.00164957 0 1.92037e-05 0 0)
(3.07262 0.00158402 0 1.87103e-05 0 0)
(3.10868 0.00152052 0 1.82457e-05 0 0)
(3.14464 0.00145958 0 1.78073e-05 0 0)
(3.18051 0.00140033 0 1.73948e-05 0 0)
(3.21627 0.00134398 0 1.70043e-05 0 0)
(3.25194 0.00128836 0 1.66381e-05 0 0)
(3.28752 0.00123689 0 1.6291e-05 0 0)
(3.32297 0.00118414 0 1.59663e-05 0 0)
(3.35836 0.00113885 0 1.56591e-05 0 0)
(3.39354 0.00108696 0 1.53699e-05 0 0)
(3.42873 0.00105038 0 1.51066e-05 0 0)
(3.4635 0.000993744 0 1.48401e-05 0 0)
(3.49856 0.000969133 0 1.46445e-05 0 0)
(3.53257 0.000896702 0 1.43675e-05 0 0)
(3.56776 0.000883884 0 1.43216e-05 0 0)
(3.60023 0.000778442 0 1.39455e-05 0 0)
(3.63643 0.000752495 0 1.43155e-05 0 0)
(3.66544 0.000593538 0 1.36442e-05 0 0)
(3.70514 0.000406977 0 1.54309e-05 0 0)
(3.72588 0.000213709 0 1.41659e-05 0 0)
(3.77868 -0.000757973 0 2.29928e-05 0 0)
(0.0330504 -0.000325427 0 4.57022e-06 0 0)
(0.00716253 -0.000242921 0 9.52107e-05 0 0)
(0.0172707 0.000488565 0 0.00036197 0 0)
(0.0266912 0.000923053 0 0.000824634 0 0)
(0.0367127 0.00163713 0 0.00143882 0 0)
(0.0510086 0.00341892 0 0.00209379 0 0)
(0.0715669 0.00643005 0 0.00265138 0 0)
(0.0997145 0.0102055 0 0.00300056 0 0)
(0.13661 0.0140771 0 0.00311381 0 0)
(0.182812 0.0175404 0 0.00301763 0 0)
(0.238094 0.0203316 0 0.00277741 0 0)
(0.302551 0.0223301 0 0.00245721 0 0)
(0.375329 0.0233362 0 0.00208747 0 0)
(0.454815 0.023321 0 0.00170942 0 0)
(0.539099 0.0223812 0 0.00135473 0 0)
(0.626338 0.0206965 0 0.00104252 0 0)
(0.71491 0.0184977 0 0.000781181 0 0)
(0.803418 0.0160151 0 0.000571131 0 0)
(0.890706 0.0134326 0 0.000408331 0 0)
(0.975856 0.0108783 0 0.000286758 0 0)
(1.05823 0.00843612 0 0.000199339 0 0)
(1.13741 0.00615397 0 0.00013907 0 0)
(1.21316 0.00405096 0 9.94384e-05 0 0)
(1.28535 0.00212405 0 7.51985e-05 0 0)
(1.35391 0.000361734 0 6.23621e-05 0 0)
(1.41882 -0.00124302 0 5.7747e-05 0 0)
(1.48012 -0.00269014 0 5.87421e-05 0 0)
(1.53786 -0.00397521 0 6.3215e-05 0 0)
(1.59215 -0.00509131 0 6.95109e-05 0 0)
(1.64312 -0.00603164 0 7.64436e-05 0 0)
(1.69095 -0.00679307 0 8.31258e-05 0 0)
(1.73586 -0.00737821 0 8.89369e-05 0 0)
(1.77808 -0.00779515 0 9.34712e-05 0 0)
(1.81788 -0.00805811 0 9.64928e-05 0 0)
(1.85552 -0.00818508 0 9.79233e-05 0 0)
(1.89126 -0.00819677 0 9.78496e-05 0 0)
(1.92531 -0.00811456 0 9.65023e-05 0 0)
(1.95792 -0.00797148 0 9.43027e-05 0 0)
(1.98931 -0.00779349 0 9.15256e-05 0 0)
(2.01965 -0.00759466 0 8.82961e-05 0 0)
(2.04911 -0.00738083 0 8.46856e-05 0 0)
(2.0778 -0.00715494 0 8.07682e-05 0 0)
(2.10585 -0.00691932 0 7.66502e-05 0 0)
(2.13334 -0.00667625 0 7.24414e-05 0 0)
(2.16036 -0.00642804 0 6.82463e-05 0 0)
(2.18699 -0.00617585 0 6.4149e-05 0 0)
(2.21327 -0.00592197 0 6.0215e-05 0 0)
(2.23927 -0.00566882 0 5.64857e-05 0 0)
(2.26502 -0.00541838 0 5.29822e-05 0 0)
(2.29057 -0.00517271 0 4.97065e-05 0 0)
(2.31596 -0.00493359 0 4.66494e-05 0 0)
(2.3412 -0.00470244 0 4.38026e-05 0 0)
(2.36633 -0.00448042 0 4.11605e-05 0 0)
(2.39135 -0.00426812 0 3.87139e-05 0 0)
(2.41629 -0.00406595 0 3.64512e-05 0 0)
(2.44115 -0.00387398 0 3.43605e-05 0 0)
(2.46595 -0.00369208 0 3.24288e-05 0 0)
(2.49069 -0.00352051 0 3.06463e-05 0 0)
(2.51538 -0.00335848 0 2.90048e-05 0 0)
(2.54003 -0.00320569 0 2.74958e-05 0 0)
(2.56464 -0.00306227 0 2.61111e-05 0 0)
(2.58922 -0.00292783 0 2.48439e-05 0 0)
(2.61376 -0.00280223 0 2.36883e-05 0 0)
(2.63828 -0.00268528 0 2.26386e-05 0 0)
(2.66279 -0.00257642 0 2.16852e-05 0 0)
(2.68727 -0.00247314 0 2.08035e-05 0 0)
(2.71174 -0.00237366 0 1.99757e-05 0 0)
(2.73619 -0.00227728 0 1.91961e-05 0 0)
(2.76063 -0.00218426 0 1.8465e-05 0 0)
(2.78505 -0.00209482 0 1.7783e-05 0 0)
(2.80946 -0.00200938 0 1.71483e-05 0 0)
(2.83384 -0.00192795 0 1.65585e-05 0 0)
(2.85821 -0.00185037 0 1.60099e-05 0 0)
(2.88256 -0.001777 0 1.54986e-05 0 0)
(2.9069 -0.00170719 0 1.5022e-05 0 0)
(2.9312 -0.00164095 0 1.45767e-05 0 0)
(2.95549 -0.00157865 0 1.416e-05 0 0)
(2.97975 -0.00152023 0 1.37706e-05 0 0)
(3.00398 -0.00146555 0 1.34065e-05 0 0)
(3.02819 -0.00141452 0 1.3066e-05 0 0)
(3.05236 -0.00136682 0 1.2747e-05 0 0)
(3.07651 -0.00132241 0 1.2448e-05 0 0)
(3.10062 -0.001281 0 1.21673e-05 0 0)
(3.1247 -0.00124275 0 1.19037e-05 0 0)
(3.14874 -0.00120709 0 1.16561e-05 0 0)
(3.17275 -0.00117401 0 1.14224e-05 0 0)
(3.19672 -0.0011432 0 1.12014e-05 0 0)
(3.22065 -0.00111459 0 1.09917e-05 0 0)
(3.24454 -0.00108849 0 1.07926e-05 0 0)
(3.26839 -0.00106411 0 1.06041e-05 0 0)
(3.29221 -0.00104146 0 1.04247e-05 0 0)
(3.31598 -0.00102071 0 1.02534e-05 0 0)
(3.3397 -0.00100163 0 1.00889e-05 0 0)
(3.36338 -0.000984148 0 9.93076e-06 0 0)
(3.38702 -0.000968055 0 9.77829e-06 0 0)
(3.41061 -0.000953224 0 9.63075e-06 0 0)
(3.43416 -0.000939586 0 9.48733e-06 0 0)
(3.45766 -0.000927172 0 9.34789e-06 0 0)
(3.48113 -0.000915984 0 9.21243e-06 0 0)
(3.50456 -0.000906022 0 9.0812e-06 0 0)
(3.52795 -0.000897045 0 8.95428e-06 0 0)
(3.55132 -0.000889133 0 8.83035e-06 0 0)
(3.57465 -0.00088186 0 8.71176e-06 0 0)
(3.59796 -0.000875579 0 8.59219e-06 0 0)
(3.62123 -0.000869658 0 8.48468e-06 0 0)
(3.64448 -0.00086423 0 8.36375e-06 0 0)
(3.66768 -0.000859917 0 8.273e-06 0 0)
(3.69086 -0.000853591 0 8.14244e-06 0 0)
(3.71396 -0.000852735 0 8.08048e-06 0 0)
(3.73702 -0.000841765 0 7.93383e-06 0 0)
(3.75995 -0.00084872 0 7.92256e-06 0 0)
(3.78282 -0.000826947 0 7.74621e-06 0 0)
(3.80544 -0.000851829 0 7.82922e-06 0 0)
(3.8281 -0.000808051 0 7.60279e-06 0 0)
(3.85004 -0.000874833 0 7.83415e-06 0 0)
(3.87271 -0.000789697 0 7.64068e-06 0 0)
(3.89292 -0.000954993 0 7.9398e-06 0 0)
(3.91661 -0.000844752 0 8.38879e-06 0 0)
(3.93175 -0.00118292 0 8.36936e-06 0 0)
(3.96085 -0.00151659 0 1.40806e-05 0 0)
)
;

boundaryField
{
    upperWall
    {
        type            calculated;
        value           uniform (0 0 0 0 0 0);
    }
    lowerWall
    {
        type            calculated;
        value           uniform (0 0 0 0 0 0);
    }
    inlet
    {
        type            calculated;
        value           uniform (5.68434e-14 0 0 0 0 0);
    }
    outlet
    {
        type            calculated;
        value           nonuniform List<symmTensor> 
12
(
(3.93519 0.00461592 0 2.0696e-05 0 0)
(3.67838 0.00690283 0 3.34116e-05 0 0)
(2.68294 0.0019052 0 5.70247e-05 0 0)
(2.9577 0.00679666 0 0.000126781 0 0)
(3.25745 0.00550519 0 4.29972e-05 0 0)
(3.27464 0.00320128 0 9.76841e-06 0 0)
(3.27387 -0.00179445 0 2.03785e-05 0 0)
(3.25922 -0.00411473 0 6.3964e-05 0 0)
(2.96185 -0.00516358 0 0.000172917 0 0)
(2.70396 0.00132425 0 7.84884e-05 0 0)
(3.77868 -0.000757973 0 2.29928e-05 0 0)
(3.96085 -0.00151659 0 1.40806e-05 0 0)
)
;
    }
    frontAndBack
    {
        type            empty;
    }
}


// ************************************************************************* //
