/*--------------------------------*- C++ -*----------------------------------*\
  =========                 |
  \\      /  F ield         | OpenFOAM: The Open Source CFD Toolbox
   \\    /   O peration     | Website:  https://openfoam.org
    \\  /    A nd           | Version:  7
     \\/     M anipulation  |
\*---------------------------------------------------------------------------*/
FoamFile
{
    version     2.0;
    format      ascii;
    class       volScalarField;
    location    "2.71";
    object      p;
}
// * * * * * * * * * * * * * * * * * * * * * * * * * * * * * * * * * * * * * //

dimensions      [1 -1 -2 0 0 0 0];

internalField   nonuniform List<scalar> 
7920
(
100378
100362
100369
100359
100365
100358
100363
100356
100360
100355
100358
100354
100357
100353
100355
100352
100353
100351
100352
100349
100362
100349
100356
100347
100353
100345
100350
100344
100348
100342
100346
100341
100344
100340
100342
100339
100341
100338
100339
100337
100370
100357
100364
100354
100360
100352
100357
100351
100355
100350
100353
100349
100351
100347
100349
100346
100348
100345
100347
100344
100363
100351
100358
100348
100354
100347
100352
100345
100349
100344
100347
100343
100346
100342
100344
100341
100342
100340
100341
100339
100367
100356
100362
100352
100358
100350
100355
100349
100353
100348
100351
100347
100349
100346
100348
100345
100346
100343
100345
100342
100364
100354
100360
100350
100356
100349
100354
100347
100351
100346
100349
100345
100347
100344
100346
100343
100344
100342
100343
100340
100364
100354
100360
100350
100356
100349
100354
100347
100351
100346
100349
100345
100347
100344
100346
100343
100344
100342
100343
100340
100367
100356
100362
100352
100358
100350
100355
100349
100353
100348
100351
100347
100349
100346
100348
100345
100346
100343
100345
100342
100363
100351
100358
100348
100354
100347
100352
100345
100349
100344
100347
100343
100346
100342
100344
100341
100342
100340
100341
100339
100370
100357
100364
100354
100360
100352
100357
100351
100355
100350
100353
100349
100351
100347
100349
100346
100348
100345
100347
100344
100362
100349
100356
100347
100353
100345
100350
100344
100348
100342
100346
100341
100344
100340
100342
100339
100341
100338
100339
100337
100378
100362
100369
100359
100365
100358
100363
100356
100360
100355
100358
100354
100357
100353
100355
100352
100353
100351
100352
100349
100344
100346
100340
100342
100338
100340
100337
100338
100336
100337
100335
100336
100335
100335
100334
100334
100333
100333
100333
100333
100355
100358
100352
100354
100350
100352
100349
100350
100348
100349
100347
100347
100346
100346
100346
100346
100345
100345
100345
100345
100346
100349
100342
100345
100341
100343
100340
100341
100339
100340
100338
100338
100337
100337
100337
100336
100336
100336
100335
100335
100352
100356
100350
100352
100348
100350
100347
100348
100346
100346
100345
100345
100344
100344
100343
100343
100343
100342
100342
100342
100348
100351
100345
100347
100343
100345
100342
100343
100341
100342
100340
100341
100340
100340
100339
100339
100338
100338
100338
100338
100350
100353
100347
100350
100345
100347
100344
100346
100343
100344
100343
100343
100342
100342
100341
100341
100341
100340
100340
100340
100350
100353
100347
100350
100345
100347
100344
100346
100343
100344
100343
100343
100342
100342
100341
100341
100341
100340
100340
100340
100348
100351
100345
100347
100343
100345
100342
100343
100341
100342
100340
100341
100340
100340
100339
100339
100338
100338
100338
100338
100352
100356
100350
100352
100348
100350
100347
100348
100346
100346
100345
100345
100344
100344
100343
100343
100343
100342
100342
100342
100346
100349
100342
100345
100341
100343
100340
100341
100339
100340
100338
100338
100337
100337
100337
100336
100336
100336
100335
100335
100355
100358
100352
100354
100350
100352
100349
100350
100348
100349
100347
100347
100346
100346
100346
100346
100345
100345
100345
100345
100344
100346
100340
100342
100338
100340
100337
100338
100336
100337
100335
100336
100335
100335
100334
100334
100333
100333
100333
100333
100336
100334
100334
100333
100332
100331
100331
100330
100330
100329
100329
100329
100328
100328
100327
100327
100326
100326
100326
100326
100335
100334
100334
100333
100332
100331
100331
100330
100330
100329
100329
100329
100328
100328
100327
100327
100326
100326
100326
100326
100335
100334
100334
100333
100332
100331
100331
100330
100330
100329
100329
100328
100328
100328
100327
100327
100326
100326
100326
100326
100335
100334
100334
100333
100332
100331
100331
100330
100330
100329
100329
100329
100328
100328
100327
100327
100326
100326
100326
100326
100335
100334
100334
100333
100332
100331
100331
100330
100330
100329
100329
100329
100328
100328
100327
100327
100326
100326
100326
100326
100335
100334
100334
100333
100332
100331
100331
100330
100330
100329
100329
100329
100328
100328
100327
100327
100326
100326
100326
100326
100335
100334
100334
100333
100332
100331
100331
100330
100330
100329
100329
100329
100328
100328
100327
100327
100326
100326
100326
100326
100335
100334
100334
100333
100332
100331
100331
100330
100330
100329
100329
100329
100328
100328
100327
100327
100326
100326
100326
100326
100335
100334
100334
100333
100332
100331
100331
100330
100330
100329
100329
100329
100328
100328
100327
100327
100326
100326
100326
100326
100335
100334
100334
100333
100332
100331
100331
100330
100330
100329
100329
100328
100328
100328
100327
100327
100326
100326
100326
100326
100335
100334
100334
100333
100332
100331
100331
100330
100330
100329
100329
100329
100328
100328
100327
100327
100326
100326
100326
100326
100336
100334
100334
100333
100332
100331
100331
100330
100330
100329
100329
100329
100328
100328
100327
100327
100326
100326
100326
100326
100336
100334
100334
100333
100332
100331
100331
100330
100330
100329
100329
100329
100328
100328
100327
100327
100326
100326
100326
100326
100335
100334
100334
100333
100332
100331
100331
100330
100330
100329
100329
100329
100328
100328
100327
100327
100326
100326
100326
100326
100335
100334
100334
100333
100332
100331
100331
100330
100330
100329
100329
100328
100328
100328
100327
100327
100326
100326
100326
100326
100335
100334
100334
100333
100332
100331
100331
100330
100330
100329
100329
100329
100328
100328
100327
100327
100326
100326
100326
100326
100335
100334
100334
100333
100332
100331
100331
100330
100330
100329
100329
100329
100328
100328
100327
100327
100326
100326
100326
100326
100335
100334
100334
100333
100332
100331
100331
100330
100330
100329
100329
100329
100328
100328
100327
100327
100326
100326
100326
100326
100335
100334
100334
100333
100332
100331
100331
100330
100330
100329
100329
100329
100328
100328
100327
100327
100326
100326
100326
100326
100335
100334
100334
100333
100332
100331
100331
100330
100330
100329
100329
100329
100328
100328
100327
100327
100326
100326
100326
100326
100335
100334
100334
100333
100332
100331
100331
100330
100330
100329
100329
100329
100328
100328
100327
100327
100326
100326
100326
100326
100335
100334
100334
100333
100332
100331
100331
100330
100330
100329
100329
100328
100328
100328
100327
100327
100326
100326
100326
100326
100335
100334
100334
100333
100332
100331
100331
100330
100330
100329
100329
100329
100328
100328
100327
100327
100326
100326
100326
100326
100336
100334
100334
100333
100332
100331
100331
100330
100330
100329
100329
100329
100328
100328
100327
100327
100326
100326
100326
100326
100344
100346
100340
100342
100338
100340
100337
100338
100336
100337
100335
100336
100335
100335
100334
100334
100333
100333
100333
100333
100355
100358
100352
100354
100350
100352
100349
100350
100348
100349
100347
100347
100346
100346
100346
100346
100345
100345
100345
100345
100346
100349
100342
100345
100341
100343
100340
100341
100339
100340
100338
100338
100337
100337
100337
100336
100336
100336
100335
100335
100352
100356
100350
100352
100348
100350
100347
100348
100346
100346
100345
100345
100344
100344
100343
100343
100343
100342
100342
100342
100348
100351
100345
100347
100343
100345
100342
100343
100341
100342
100340
100341
100340
100340
100339
100339
100338
100338
100338
100338
100350
100353
100347
100350
100345
100347
100344
100346
100343
100344
100343
100343
100342
100342
100341
100341
100341
100340
100340
100340
100350
100353
100347
100350
100345
100347
100344
100346
100343
100344
100343
100343
100342
100342
100341
100341
100341
100340
100340
100340
100348
100351
100345
100347
100343
100345
100342
100343
100341
100342
100340
100341
100340
100340
100339
100339
100338
100338
100338
100338
100352
100356
100350
100352
100348
100350
100347
100348
100346
100346
100345
100345
100344
100344
100343
100343
100343
100342
100342
100342
100346
100349
100342
100345
100341
100343
100340
100341
100339
100340
100338
100338
100337
100337
100337
100336
100336
100336
100335
100335
100355
100358
100352
100354
100350
100352
100349
100350
100348
100349
100347
100347
100346
100346
100346
100346
100345
100345
100345
100345
100344
100346
100340
100342
100338
100340
100337
100338
100336
100337
100335
100336
100335
100335
100334
100334
100333
100333
100333
100333
100378
100362
100369
100359
100365
100358
100363
100356
100360
100355
100358
100354
100357
100353
100355
100352
100353
100351
100352
100349
100362
100349
100356
100347
100353
100345
100350
100344
100348
100342
100346
100341
100344
100340
100342
100339
100341
100338
100339
100337
100370
100357
100364
100354
100360
100352
100357
100351
100355
100350
100353
100349
100351
100347
100349
100346
100348
100345
100347
100344
100363
100351
100358
100348
100354
100347
100352
100345
100349
100344
100347
100343
100346
100342
100344
100341
100342
100340
100341
100339
100367
100356
100362
100352
100358
100350
100355
100349
100353
100348
100351
100347
100349
100346
100348
100345
100346
100343
100345
100342
100364
100354
100360
100350
100356
100349
100354
100347
100351
100346
100349
100345
100347
100344
100346
100343
100344
100342
100343
100340
100364
100354
100360
100350
100356
100349
100354
100347
100351
100346
100349
100345
100347
100344
100346
100343
100344
100342
100343
100340
100367
100356
100362
100352
100358
100350
100355
100349
100353
100348
100351
100347
100349
100346
100348
100345
100346
100343
100345
100342
100363
100351
100358
100348
100354
100347
100352
100345
100349
100344
100347
100343
100346
100342
100344
100341
100342
100340
100341
100339
100370
100357
100364
100354
100360
100352
100357
100351
100355
100350
100353
100349
100351
100347
100349
100346
100348
100345
100347
100344
100362
100349
100356
100347
100353
100345
100350
100344
100348
100342
100346
100341
100344
100340
100342
100339
100341
100338
100339
100337
100378
100362
100369
100359
100365
100358
100363
100356
100360
100355
100358
100354
100357
100353
100355
100352
100353
100351
100352
100349
100371
100359
100360
100349
100350
100341
100341
100332
100332
100324
100324
100316
100315
100308
100307
100301
100299
100293
100292
100286
100284
100278
100276
100271
100269
100264
100261
100256
100254
100249
100247
100242
100239
100234
100232
100227
100224
100220
100217
100212
100210
100205
100202
100198
100195
100191
100188
100183
100180
100176
100173
100169
100166
100162
100158
100154
100151
100147
100144
100140
100137
100132
100129
100125
100122
100118
100115
100111
100107
100103
100100
100096
100093
100089
100085
100082
100078
100074
100071
100067
100064
100060
100056
100053
100049
100045
100042
100038
100035
100031
100337
100323
100325
100313
100314
100305
100305
100296
100296
100288
100287
100280
100279
100272
100271
100264
100263
100257
100255
100249
100247
100241
100240
100234
100232
100227
100225
100219
100217
100212
100210
100205
100202
100197
100195
100190
100187
100183
100180
100175
100173
100168
100165
100161
100158
100153
100151
100146
100143
100139
100136
100132
100129
100124
100121
100117
100114
100110
100107
100103
100099
100095
100092
100088
100085
100081
100077
100074
100070
100066
100063
100059
100056
100052
100048
100044
100041
100037
100034
100030
100026
100023
100019
100015
100012
100008
100005
100001
99997.7
99994.2
100356
100343
100345
100334
100335
100325
100325
100317
100317
100309
100308
100301
100300
100293
100292
100285
100284
100278
100276
100270
100268
100263
100261
100255
100253
100248
100246
100240
100238
100233
100231
100226
100223
100218
100216
100211
100209
100204
100201
100197
100194
100189
100187
100182
100179
100175
100172
100167
100165
100160
100157
100153
100150
100146
100143
100138
100135
100131
100128
100124
100121
100117
100113
100109
100106
100102
100099
100095
100091
100088
100084
100080
100077
100073
100069
100066
100062
100058
100055
100051
100048
100044
100040
100037
100033
100029
100026
100022
100019
100015
100341
100327
100329
100318
100319
100309
100309
100300
100300
100292
100292
100284
100283
100276
100275
100269
100267
100261
100259
100253
100252
100246
100244
100238
100236
100231
100229
100224
100221
100216
100214
100209
100207
100202
100199
100194
100192
100187
100184
100180
100177
100172
100170
100165
100162
100158
100155
100151
100148
100143
100140
100136
100133
100129
100126
100121
100118
100114
100111
100107
100104
100100
100096
100092
100089
100085
100082
100078
100074
100071
100067
100063
100060
100056
100053
100049
100045
100042
100038
100034
100031
100027
100023
100020
100016
100013
100009
100005
100002
99998.5
100350
100338
100340
100328
100329
100320
100320
100311
100311
100303
100303
100295
100294
100287
100286
100280
100278
100272
100270
100264
100263
100257
100255
100250
100248
100242
100240
100235
100233
100227
100225
100220
100218
100213
100210
100206
100203
100198
100196
100191
100188
100184
100181
100176
100174
100169
100166
100162
100159
100155
100152
100147
100144
100140
100137
100133
100130
100126
100122
100118
100115
100111
100108
100104
100100
100096
100093
100089
100086
100082
100078
100075
100071
100067
100064
100060
100057
100053
100049
100046
100042
100038
100035
100031
100028
100024
100020
100017
100013
100010
100346
100333
100334
100323
100324
100314
100314
100306
100305
100297
100297
100289
100289
100282
100281
100274
100273
100266
100265
100259
100257
100251
100249
100244
100242
100236
100234
100229
100227
100222
100219
100214
100212
100207
100205
100200
100197
100192
100190
100185
100182
100178
100175
100171
100168
100163
100160
100156
100153
100149
100146
100142
100138
100134
100131
100127
100124
100120
100117
100112
100109
100105
100102
100098
100095
100091
100087
100083
100080
100076
100073
100069
100065
100062
100058
100054
100051
100047
100043
100040
100036
100032
100029
100025
100022
100018
100015
100011
100007
100004
100346
100333
100334
100323
100324
100315
100315
100306
100306
100298
100297
100290
100289
100282
100281
100274
100273
100267
100265
100259
100258
100252
100250
100244
100242
100237
100235
100230
100227
100222
100220
100215
100213
100208
100205
100200
100198
100193
100190
100186
100183
100178
100176
100171
100168
100164
100161
100157
100154
100149
100146
100142
100139
100135
100132
100128
100124
100120
100117
100113
100110
100106
100102
100098
100095
100091
100088
100084
100081
100077
100073
100069
100066
100062
100059
100055
100051
100048
100044
100040
100037
100033
100029
100026
100022
100019
100015
100011
100008
100004
100350
100338
100339
100328
100329
100319
100320
100311
100311
100303
100302
100295
100294
100287
100286
100279
100278
100272
100270
100264
100262
100256
100255
100249
100247
100242
100240
100234
100232
100227
100225
100220
100217
100212
100210
100205
100203
100198
100195
100190
100188
100183
100180
100176
100173
100169
100166
100161
100158
100154
100151
100147
100144
100140
100136
100132
100129
100125
100122
100118
100115
100110
100107
100103
100100
100096
100093
100089
100085
100081
100078
100074
100071
100067
100063
100060
100056
100052
100049
100045
100042
100038
100034
100031
100027
100023
100020
100016
100013
100009
100341
100328
100329
100318
100319
100309
100309
100301
100301
100293
100292
100285
100284
100277
100276
100269
100268
100261
100260
100254
100252
100246
100245
100239
100237
100232
100229
100224
100222
100217
100215
100209
100207
100202
100200
100195
100192
100188
100185
100180
100178
100173
100170
100166
100163
100158
100156
100151
100148
100144
100141
100137
100134
100129
100126
100122
100119
100115
100112
100108
100104
100100
100097
100093
100090
100086
100082
100078
100075
100071
100068
100064
100060
100057
100053
100049
100046
100042
100039
100035
100031
100028
100024
100020
100017
100013
100010
100006
100003
99999.1
100356
100343
100345
100334
100335
100325
100325
100316
100316
100308
100308
100300
100299
100292
100291
100285
100283
100277
100276
100270
100268
100262
100260
100255
100253
100247
100245
100240
100238
100233
100230
100225
100223
100218
100216
100211
100208
100203
100201
100196
100193
100189
100186
100182
100179
100174
100171
100167
100164
100160
100157
100152
100149
100145
100142
100138
100135
100131
100127
100123
100120
100116
100113
100109
100106
100102
100098
100094
100091
100087
100084
100080
100076
100073
100069
100065
100062
100058
100054
100051
100047
100043
100040
100036
100033
100029
100025
100022
100018
100015
100337
100323
100325
100314
100315
100305
100305
100297
100296
100288
100288
100280
100280
100273
100271
100265
100263
100257
100256
100250
100248
100242
100240
100235
100233
100227
100225
100220
100218
100213
100210
100205
100203
100198
100195
100191
100188
100183
100181
100176
100173
100169
100166
100161
100159
100154
100151
100147
100144
100140
100137
100132
100129
100125
100122
100118
100115
100110
100107
100103
100100
100096
100093
100089
100085
100081
100078
100074
100071
100067
100063
100060
100056
100052
100049
100045
100042
100038
100034
100031
100027
100023
100020
100016
100012
100009
100005
100002
99998.3
99994.8
100371
100358
100360
100349
100350
100340
100340
100332
100332
100324
100323
100316
100315
100308
100307
100300
100299
100293
100291
100285
100283
100278
100276
100270
100268
100263
100261
100255
100253
100248
100246
100241
100239
100234
100231
100226
100224
100219
100216
100212
100209
100204
100202
100197
100194
100190
100187
100183
100180
100175
100172
100168
100165
100161
100158
100154
100150
100146
100143
100139
100136
100132
100129
100125
100121
100117
100114
100110
100107
100103
100099
100095
100092
100088
100085
100081
100077
100074
100070
100066
100063
100059
100056
100052
100048
100045
100041
100037
100034
100030
100316
100309
100309
100302
100302
100295
100295
100288
100287
100281
100280
100273
100273
100266
100265
100259
100258
100252
100250
100245
100243
100237
100236
100230
100228
100223
100221
100216
100213
100208
100206
100201
100199
100194
100191
100187
100184
100179
100177
100172
100169
100165
100162
100157
100155
100150
100147
100143
100140
100136
100133
100128
100125
100121
100118
100114
100111
100107
100103
100099
100096
100092
100089
100085
100082
100078
100074
100070
100067
100063
100060
100056
100052
100048
100045
100041
100038
100034
100030
100027
100023
100019
100016
100012
100008
100005
100001
99997.2
99993.2
99989.6
100349
100342
100343
100336
100336
100329
100329
100322
100321
100315
100314
100308
100307
100300
100299
100293
100292
100286
100285
100279
100277
100272
100270
100265
100263
100257
100255
100250
100248
100243
100241
100236
100233
100229
100226
100221
100219
100214
100212
100207
100204
100200
100197
100192
100190
100185
100182
100178
100175
100171
100168
100163
100160
100156
100153
100149
100146
100142
100138
100134
100131
100127
100124
100120
100116
100112
100109
100105
100102
100098
100094
100091
100087
100083
100080
100076
100073
100069
100065
100061
100058
100054
100050
100047
100043
100039
100036
100032
100028
100024
100324
100317
100317
100310
100310
100303
100302
100295
100295
100288
100288
100281
100280
100274
100273
100267
100265
100259
100258
100252
100251
100245
100243
100238
100236
100231
100229
100223
100221
100216
100214
100209
100207
100202
100199
100194
100192
100187
100184
100180
100177
100173
100170
100165
100163
100158
100155
100151
100148
100144
100141
100136
100133
100129
100126
100122
100119
100115
100111
100107
100104
100100
100097
100093
100089
100085
100082
100078
100075
100071
100067
100064
100060
100056
100053
100049
100046
100042
100038
100034
100031
100027
100023
100020
100016
100012
100009
100005
100001
99997.4
100343
100336
100336
100329
100329
100322
100322
100315
100315
100308
100307
100301
100300
100294
100293
100287
100285
100279
100278
100272
100271
100265
100263
100258
100256
100251
100249
100243
100241
100236
100234
100229
100227
100222
100219
100214
100212
100207
100205
100200
100197
100193
100190
100186
100183
100178
100175
100171
100168
100164
100161
100156
100153
100149
100146
100142
100139
100135
100132
100127
100124
100120
100117
100113
100110
100106
100102
100098
100095
100091
100088
100084
100080
100076
100073
100069
100066
100062
100058
100055
100051
100047
100044
100040
100036
100033
100029
100025
100021
100017
100331
100323
100323
100316
100316
100309
100309
100302
100302
100295
100294
100288
100287
100280
100279
100273
100272
100266
100265
100259
100257
100252
100250
100244
100243
100237
100235
100230
100228
100223
100221
100216
100213
100208
100206
100201
100199
100194
100191
100187
100184
100179
100177
100172
100169
100165
100162
100158
100155
100150
100147
100143
100140
100136
100133
100128
100125
100121
100118
100114
100111
100107
100103
100099
100096
100092
100089
100085
100081
100078
100074
100070
100067
100063
100060
100056
100052
100048
100045
100041
100038
100034
100030
100026
100023
100019
100015
100012
100008
100004
100337
100329
100330
100323
100323
100316
100316
100309
100308
100302
100301
100294
100294
100287
100286
100280
100279
100273
100271
100266
100264
100259
100257
100251
100249
100244
100242
100237
100235
100230
100227
100222
100220
100215
100213
100208
100205
100201
100198
100193
100191
100186
100183
100179
100176
100172
100169
100164
100162
100157
100154
100150
100147
100143
100140
100135
100132
100128
100125
100121
100118
100114
100110
100106
100103
100099
100096
100092
100088
100085
100081
100077
100074
100070
100066
100063
100059
100055
100052
100048
100044
100041
100037
100033
100030
100026
100022
100019
100015
100011
100337
100329
100329
100322
100322
100315
100315
100308
100308
100301
100300
100294
100293
100287
100286
100280
100278
100272
100271
100265
100264
100258
100256
100251
100249
100244
100242
100236
100234
100229
100227
100222
100220
100215
100212
100207
100205
100200
100198
100193
100190
100186
100183
100178
100176
100171
100168
100164
100161
100157
100154
100149
100146
100142
100139
100135
100132
100128
100124
100120
100117
100113
100110
100106
100102
100099
100095
100091
100088
100084
100081
100077
100073
100069
100066
100062
100059
100055
100051
100048
100044
100040
100037
100033
100029
100026
100022
100018
100014
100010
100331
100323
100323
100316
100316
100309
100309
100302
100302
100295
100295
100288
100287
100281
100280
100274
100272
100267
100265
100259
100258
100252
100250
100245
100243
100238
100236
100230
100228
100223
100221
100216
100214
100209
100206
100202
100199
100194
100192
100187
100184
100180
100177
100173
100170
100165
100162
100158
100155
100151
100148
100144
100140
100136
100133
100129
100126
100122
100119
100114
100111
100107
100104
100100
100097
100093
100089
100085
100082
100078
100075
100071
100067
100064
100060
100056
100053
100049
100045
100042
100038
100034
100031
100027
100023
100020
100016
100012
100008
100005
100343
100335
100336
100329
100329
100322
100321
100315
100314
100307
100307
100300
100299
100293
100292
100286
100285
100279
100277
100272
100270
100264
100263
100257
100255
100250
100248
100243
100241
100236
100233
100228
100226
100221
100219
100214
100211
100207
100204
100199
100197
100192
100189
100185
100182
100178
100175
100170
100167
100163
100160
100156
100153
100149
100146
100141
100138
100134
100131
100127
100124
100120
100116
100112
100109
100105
100102
100098
100094
100090
100087
100083
100080
100076
100072
100069
100065
100061
100058
100054
100050
100047
100043
100039
100036
100032
100028
100025
100021
100017
100324
100317
100317
100310
100310
100303
100303
100296
100295
100289
100288
100282
100281
100274
100273
100267
100266
100260
100258
100253
100251
100245
100244
100238
100236
100231
100229
100224
100222
100217
100214
100209
100207
100202
100200
100195
100192
100188
100185
100180
100178
100173
100170
100166
100163
100159
100156
100151
100148
100144
100141
100137
100134
100130
100126
100122
100119
100115
100112
100108
100104
100100
100097
100093
100090
100086
100083
100079
100075
100071
100068
100064
100061
100057
100053
100050
100046
100042
100039
100035
100031
100028
100024
100020
100017
100013
100009
100005
100002
99997.9
100349
100342
100342
100335
100335
100328
100328
100321
100321
100314
100313
100307
100306
100300
100299
100293
100291
100285
100284
100278
100277
100271
100269
100264
100262
100257
100255
100249
100247
100242
100240
100235
100233
100228
100225
100221
100218
100213
100211
100206
100203
100199
100196
100192
100189
100184
100182
100177
100174
100170
100167
100163
100160
100155
100152
100148
100145
100141
100138
100134
100130
100126
100123
100119
100116
100112
100108
100104
100101
100097
100094
100090
100086
100083
100079
100075
100072
100068
100064
100061
100057
100053
100050
100046
100042
100039
100035
100031
100027
100024
100316
100309
100309
100302
100302
100295
100295
100288
100288
100281
100280
100274
100273
100267
100266
100259
100258
100252
100251
100245
100243
100238
100236
100230
100229
100223
100221
100216
100214
100209
100207
100201
100199
100194
100192
100187
100184
100180
100177
100172
100170
100165
100162
100158
100155
100151
100148
100143
100141
100136
100133
100129
100126
100122
100119
100114
100111
100107
100104
100100
100097
100093
100089
100085
100082
100078
100075
100071
100067
100064
100060
100056
100053
100049
100045
100042
100038
100034
100031
100027
100023
100020
100016
100012
100009
100005
100001
99997.6
99993.7
99990
100324
100319
100318
100312
100312
100306
100306
100300
100299
100294
100293
100287
100286
100281
100280
100274
100273
100267
100266
100260
100259
100254
100252
100247
100245
100240
100238
100232
100230
100225
100223
100218
100216
100211
100209
100204
100201
100197
100194
100189
100187
100182
100180
100175
100172
100168
100165
100161
100158
100153
100150
100146
100143
100139
100136
100132
100128
100124
100121
100117
100114
100110
100106
100102
100099
100095
100092
100088
100085
100081
100077
100073
100070
100066
100063
100059
100055
100051
100048
100044
100040
100037
100033
100029
100026
100022
100018
100015
100011
100007
100324
100319
100318
100313
100312
100306
100306
100300
100299
100294
100293
100287
100286
100281
100280
100274
100273
100267
100266
100260
100259
100254
100252
100247
100245
100240
100238
100232
100230
100225
100223
100218
100216
100211
100209
100204
100201
100197
100194
100189
100187
100182
100180
100175
100172
100168
100165
100161
100158
100153
100150
100146
100143
100139
100136
100132
100128
100124
100121
100117
100114
100110
100106
100102
100099
100095
100092
100088
100085
100081
100077
100073
100070
100066
100063
100059
100055
100051
100048
100044
100041
100037
100033
100029
100026
100022
100018
100015
100011
100007
100324
100319
100318
100312
100312
100306
100306
100300
100299
100294
100293
100287
100286
100281
100280
100274
100273
100267
100266
100260
100259
100253
100252
100246
100245
100239
100238
100232
100230
100225
100223
100218
100216
100211
100209
100204
100201
100197
100194
100189
100187
100182
100179
100175
100172
100168
100165
100160
100158
100153
100150
100146
100143
100139
100136
100131
100128
100124
100121
100117
100114
100110
100106
100102
100099
100095
100092
100088
100084
100081
100077
100073
100070
100066
100062
100059
100055
100051
100048
100044
100040
100037
100033
100029
100026
100022
100018
100015
100011
100007
100324
100319
100318
100313
100312
100306
100306
100300
100299
100294
100293
100287
100286
100281
100280
100274
100273
100267
100266
100260
100259
100254
100252
100247
100245
100240
100238
100232
100230
100225
100223
100218
100216
100211
100209
100204
100201
100197
100194
100189
100187
100182
100180
100175
100172
100168
100165
100161
100158
100153
100150
100146
100143
100139
100136
100132
100128
100124
100121
100117
100114
100110
100106
100102
100099
100095
100092
100088
100085
100081
100077
100073
100070
100066
100063
100059
100055
100051
100048
100044
100041
100037
100033
100029
100026
100022
100018
100015
100011
100007
100324
100319
100318
100312
100312
100306
100306
100300
100299
100294
100293
100287
100286
100281
100280
100274
100273
100267
100266
100260
100259
100253
100252
100247
100245
100239
100238
100232
100230
100225
100223
100218
100216
100211
100209
100204
100201
100197
100194
100189
100187
100182
100179
100175
100172
100168
100165
100160
100158
100153
100150
100146
100143
100139
100136
100131
100128
100124
100121
100117
100114
100110
100106
100102
100099
100095
100092
100088
100084
100081
100077
100073
100070
100066
100062
100059
100055
100051
100048
100044
100040
100037
100033
100029
100026
100022
100018
100015
100011
100007
100324
100319
100318
100312
100312
100306
100306
100300
100299
100294
100293
100287
100286
100281
100280
100274
100273
100267
100266
100260
100259
100254
100252
100247
100245
100240
100238
100232
100230
100225
100223
100218
100216
100211
100209
100204
100201
100197
100194
100189
100187
100182
100180
100175
100172
100168
100165
100161
100158
100153
100150
100146
100143
100139
100136
100132
100128
100124
100121
100117
100114
100110
100106
100102
100099
100095
100092
100088
100085
100081
100077
100073
100070
100066
100063
100059
100055
100051
100048
100044
100040
100037
100033
100029
100026
100022
100018
100015
100011
100007
100324
100319
100318
100312
100312
100306
100306
100300
100299
100294
100293
100287
100286
100281
100280
100274
100273
100267
100266
100260
100259
100254
100252
100247
100245
100240
100238
100232
100230
100225
100223
100218
100216
100211
100209
100204
100201
100197
100194
100189
100187
100182
100180
100175
100172
100168
100165
100161
100158
100153
100150
100146
100143
100139
100136
100132
100128
100124
100121
100117
100114
100110
100106
100102
100099
100095
100092
100088
100085
100081
100077
100073
100070
100066
100063
100059
100055
100051
100048
100044
100040
100037
100033
100029
100026
100022
100018
100015
100011
100007
100324
100319
100318
100312
100312
100306
100306
100300
100299
100294
100293
100287
100286
100281
100280
100274
100273
100267
100266
100260
100259
100254
100252
100247
100245
100239
100238
100232
100230
100225
100223
100218
100216
100211
100209
100204
100201
100197
100194
100189
100187
100182
100180
100175
100172
100168
100165
100161
100158
100153
100150
100146
100143
100139
100136
100132
100128
100124
100121
100117
100114
100110
100106
100102
100099
100095
100092
100088
100084
100081
100077
100073
100070
100066
100063
100059
100055
100051
100048
100044
100040
100037
100033
100029
100026
100022
100018
100015
100011
100007
100324
100319
100318
100313
100312
100306
100306
100300
100299
100294
100293
100287
100286
100281
100280
100274
100273
100267
100266
100260
100259
100254
100252
100247
100245
100240
100238
100232
100230
100225
100223
100218
100216
100211
100209
100204
100201
100197
100194
100189
100187
100182
100180
100175
100172
100168
100165
100161
100158
100153
100150
100146
100143
100139
100136
100132
100128
100124
100121
100117
100114
100110
100106
100102
100099
100095
100092
100088
100085
100081
100077
100073
100070
100066
100063
100059
100055
100051
100048
100044
100040
100037
100033
100029
100026
100022
100018
100015
100011
100007
100324
100319
100318
100312
100312
100306
100306
100300
100299
100294
100293
100287
100286
100281
100280
100274
100273
100267
100266
100260
100259
100253
100252
100247
100245
100239
100238
100232
100230
100225
100223
100218
100216
100211
100209
100204
100201
100197
100194
100189
100187
100182
100179
100175
100172
100168
100165
100161
100158
100153
100150
100146
100143
100139
100136
100131
100128
100124
100121
100117
100114
100110
100106
100102
100099
100095
100092
100088
100084
100081
100077
100073
100070
100066
100062
100059
100055
100051
100048
100044
100040
100037
100033
100029
100026
100022
100018
100015
100011
100007
100324
100319
100318
100313
100312
100306
100306
100300
100299
100294
100293
100287
100286
100281
100280
100274
100273
100267
100266
100260
100259
100254
100252
100247
100245
100240
100238
100232
100230
100225
100223
100218
100216
100211
100209
100204
100201
100197
100194
100189
100187
100182
100180
100175
100172
100168
100165
100161
100158
100153
100150
100146
100143
100139
100136
100132
100128
100124
100121
100117
100114
100110
100106
100102
100099
100095
100092
100088
100085
100081
100077
100073
100070
100066
100063
100059
100055
100051
100048
100044
100040
100037
100033
100029
100026
100022
100018
100015
100011
100007
100324
100319
100318
100312
100312
100306
100306
100300
100299
100294
100293
100287
100286
100281
100280
100274
100273
100267
100266
100260
100259
100254
100252
100247
100245
100240
100238
100232
100230
100225
100223
100218
100216
100211
100209
100204
100201
100197
100194
100189
100187
100182
100180
100175
100172
100168
100165
100161
100158
100153
100150
100146
100143
100139
100136
100132
100128
100124
100121
100117
100114
100110
100106
100102
100099
100095
100092
100088
100085
100081
100077
100073
100070
100066
100063
100059
100055
100051
100048
100044
100040
100037
100033
100029
100026
100022
100018
100015
100011
100007
100324
100319
100318
100312
100312
100306
100306
100300
100299
100294
100293
100287
100286
100281
100280
100274
100273
100267
100266
100260
100259
100254
100252
100247
100245
100240
100238
100232
100230
100225
100223
100218
100216
100211
100209
100204
100201
100197
100194
100189
100187
100182
100180
100175
100172
100168
100165
100161
100158
100153
100150
100146
100143
100139
100136
100132
100128
100124
100121
100117
100114
100110
100106
100102
100099
100095
100092
100088
100085
100081
100077
100073
100070
100066
100063
100059
100055
100051
100048
100044
100040
100037
100033
100029
100026
100022
100018
100015
100011
100007
100324
100319
100318
100313
100312
100306
100306
100300
100299
100294
100293
100287
100286
100281
100280
100274
100273
100267
100266
100260
100259
100254
100252
100247
100245
100240
100238
100232
100230
100225
100223
100218
100216
100211
100209
100204
100201
100197
100194
100189
100187
100182
100180
100175
100172
100168
100165
100161
100158
100153
100150
100146
100143
100139
100136
100132
100128
100124
100121
100117
100114
100110
100106
100102
100099
100095
100092
100088
100085
100081
100077
100073
100070
100066
100063
100059
100055
100051
100048
100044
100041
100037
100033
100029
100026
100022
100018
100015
100011
100007
100324
100319
100318
100312
100312
100306
100306
100300
100299
100294
100293
100287
100286
100281
100280
100274
100273
100267
100266
100260
100259
100253
100252
100246
100245
100239
100238
100232
100230
100225
100223
100218
100216
100211
100209
100204
100201
100197
100194
100189
100187
100182
100179
100175
100172
100168
100165
100160
100158
100153
100150
100146
100143
100139
100136
100131
100128
100124
100121
100117
100114
100110
100106
100102
100099
100095
100092
100088
100084
100081
100077
100073
100070
100066
100062
100059
100055
100051
100048
100044
100040
100037
100033
100029
100026
100022
100018
100015
100011
100007
100324
100319
100318
100313
100312
100306
100306
100300
100299
100294
100293
100287
100286
100281
100280
100274
100273
100267
100266
100260
100259
100254
100252
100247
100245
100240
100238
100232
100230
100225
100223
100218
100216
100211
100209
100204
100201
100197
100194
100189
100187
100182
100180
100175
100172
100168
100165
100161
100158
100153
100150
100146
100143
100139
100136
100132
100128
100124
100121
100117
100114
100110
100106
100102
100099
100095
100092
100088
100085
100081
100077
100073
100070
100066
100063
100059
100055
100051
100048
100044
100041
100037
100033
100029
100026
100022
100018
100015
100011
100007
100324
100319
100318
100312
100312
100306
100306
100300
100299
100294
100293
100287
100286
100281
100280
100274
100273
100267
100266
100260
100259
100253
100252
100247
100245
100239
100238
100232
100230
100225
100223
100218
100216
100211
100209
100204
100201
100197
100194
100189
100187
100182
100179
100175
100172
100168
100165
100160
100158
100153
100150
100146
100143
100139
100136
100131
100128
100124
100121
100117
100114
100110
100106
100102
100099
100095
100092
100088
100084
100081
100077
100073
100070
100066
100062
100059
100055
100051
100048
100044
100040
100037
100033
100029
100026
100022
100018
100015
100011
100007
100324
100319
100318
100312
100312
100306
100306
100300
100299
100294
100293
100287
100286
100281
100280
100274
100273
100267
100266
100260
100259
100254
100252
100247
100245
100240
100238
100232
100230
100225
100223
100218
100216
100211
100209
100204
100201
100197
100194
100189
100187
100182
100180
100175
100172
100168
100165
100161
100158
100153
100150
100146
100143
100139
100136
100132
100128
100124
100121
100117
100114
100110
100106
100102
100099
100095
100092
100088
100085
100081
100077
100073
100070
100066
100063
100059
100055
100051
100048
100044
100040
100037
100033
100029
100026
100022
100018
100015
100011
100007
100324
100319
100318
100312
100312
100306
100306
100300
100299
100294
100293
100287
100286
100281
100280
100274
100273
100267
100266
100260
100259
100254
100252
100247
100245
100240
100238
100232
100230
100225
100223
100218
100216
100211
100209
100204
100201
100197
100194
100189
100187
100182
100180
100175
100172
100168
100165
100161
100158
100153
100150
100146
100143
100139
100136
100132
100128
100124
100121
100117
100114
100110
100106
100102
100099
100095
100092
100088
100085
100081
100077
100073
100070
100066
100063
100059
100055
100051
100048
100044
100040
100037
100033
100029
100026
100022
100018
100015
100011
100007
100324
100319
100318
100312
100312
100306
100306
100300
100299
100294
100293
100287
100286
100281
100280
100274
100273
100267
100266
100260
100259
100254
100252
100247
100245
100239
100238
100232
100230
100225
100223
100218
100216
100211
100209
100204
100201
100197
100194
100189
100187
100182
100180
100175
100172
100168
100165
100161
100158
100153
100150
100146
100143
100139
100136
100132
100128
100124
100121
100117
100114
100110
100106
100102
100099
100095
100092
100088
100084
100081
100077
100073
100070
100066
100063
100059
100055
100051
100048
100044
100040
100037
100033
100029
100026
100022
100018
100015
100011
100007
100324
100319
100318
100313
100312
100306
100306
100300
100299
100294
100293
100287
100286
100281
100280
100274
100273
100267
100266
100260
100259
100254
100252
100247
100245
100240
100238
100232
100230
100225
100223
100218
100216
100211
100209
100204
100201
100197
100194
100189
100187
100182
100180
100175
100172
100168
100165
100161
100158
100153
100150
100146
100143
100139
100136
100132
100128
100124
100121
100117
100114
100110
100106
100102
100099
100095
100092
100088
100085
100081
100077
100073
100070
100066
100063
100059
100055
100051
100048
100044
100040
100037
100033
100029
100026
100022
100018
100015
100011
100007
100324
100319
100318
100312
100312
100306
100306
100300
100299
100294
100293
100287
100286
100281
100280
100274
100273
100267
100266
100260
100259
100253
100252
100247
100245
100239
100238
100232
100230
100225
100223
100218
100216
100211
100209
100204
100201
100197
100194
100189
100187
100182
100179
100175
100172
100168
100165
100161
100158
100153
100150
100146
100143
100139
100136
100131
100128
100124
100121
100117
100114
100110
100106
100102
100099
100095
100092
100088
100084
100081
100077
100073
100070
100066
100062
100059
100055
100051
100048
100044
100040
100037
100033
100029
100026
100022
100018
100015
100011
100007
100324
100319
100318
100313
100312
100306
100306
100300
100299
100294
100293
100287
100286
100281
100280
100274
100273
100267
100266
100260
100259
100254
100252
100247
100245
100240
100238
100232
100230
100225
100223
100218
100216
100211
100209
100204
100201
100197
100194
100189
100187
100182
100180
100175
100172
100168
100165
100161
100158
100153
100150
100146
100143
100139
100136
100132
100128
100124
100121
100117
100114
100110
100106
100102
100099
100095
100092
100088
100085
100081
100077
100073
100070
100066
100063
100059
100055
100051
100048
100044
100040
100037
100033
100029
100026
100022
100018
100015
100011
100007
100324
100319
100318
100312
100312
100306
100306
100300
100299
100294
100293
100287
100286
100281
100280
100274
100273
100267
100266
100260
100259
100254
100252
100247
100245
100240
100238
100232
100230
100225
100223
100218
100216
100211
100209
100204
100201
100197
100194
100189
100187
100182
100180
100175
100172
100168
100165
100161
100158
100153
100150
100146
100143
100139
100136
100132
100128
100124
100121
100117
100114
100110
100106
100102
100099
100095
100092
100088
100085
100081
100077
100073
100070
100066
100063
100059
100055
100051
100048
100044
100040
100037
100033
100029
100026
100022
100018
100015
100011
100007
100316
100309
100309
100302
100302
100295
100295
100288
100287
100281
100280
100273
100273
100266
100265
100259
100258
100252
100250
100245
100243
100237
100236
100230
100228
100223
100221
100216
100213
100208
100206
100201
100199
100194
100191
100187
100184
100179
100177
100172
100169
100165
100162
100157
100155
100150
100147
100143
100140
100136
100133
100128
100125
100121
100118
100114
100111
100107
100103
100099
100096
100092
100089
100085
100082
100078
100074
100070
100067
100063
100060
100056
100052
100048
100045
100041
100038
100034
100030
100027
100023
100019
100016
100012
100008
100005
100001
99997.2
99993.2
99989.6
100349
100342
100343
100336
100336
100329
100329
100322
100321
100315
100314
100308
100307
100300
100299
100293
100292
100286
100285
100279
100277
100272
100270
100265
100263
100257
100255
100250
100248
100243
100241
100236
100233
100229
100226
100221
100219
100214
100212
100207
100204
100200
100197
100192
100190
100185
100182
100178
100175
100171
100168
100163
100160
100156
100153
100149
100146
100142
100138
100134
100131
100127
100124
100120
100116
100112
100109
100105
100102
100098
100094
100091
100087
100083
100080
100076
100073
100069
100065
100061
100058
100054
100050
100047
100043
100039
100036
100032
100028
100024
100324
100317
100317
100310
100310
100303
100302
100295
100295
100288
100288
100281
100280
100274
100273
100267
100265
100259
100258
100252
100251
100245
100243
100238
100236
100231
100229
100223
100221
100216
100214
100209
100207
100202
100199
100194
100192
100187
100184
100180
100177
100173
100170
100165
100163
100158
100155
100151
100148
100144
100141
100136
100133
100129
100126
100122
100119
100115
100111
100107
100104
100100
100097
100093
100089
100085
100082
100078
100075
100071
100067
100064
100060
100056
100053
100049
100046
100042
100038
100034
100031
100027
100023
100020
100016
100012
100009
100005
100001
99997.4
100343
100336
100336
100329
100329
100322
100322
100315
100315
100308
100307
100301
100300
100294
100293
100287
100285
100279
100278
100272
100271
100265
100263
100258
100256
100251
100249
100243
100241
100236
100234
100229
100227
100222
100219
100214
100212
100207
100205
100200
100197
100193
100190
100186
100183
100178
100175
100171
100168
100164
100161
100156
100153
100149
100146
100142
100139
100135
100132
100127
100124
100120
100117
100113
100110
100106
100102
100098
100095
100091
100088
100084
100080
100076
100073
100069
100066
100062
100058
100055
100051
100047
100044
100040
100036
100033
100029
100025
100021
100017
100331
100323
100323
100316
100316
100309
100309
100302
100302
100295
100294
100288
100287
100280
100279
100273
100272
100266
100265
100259
100257
100252
100250
100244
100243
100237
100235
100230
100228
100223
100221
100216
100213
100208
100206
100201
100199
100194
100191
100187
100184
100179
100177
100172
100169
100165
100162
100158
100155
100150
100147
100143
100140
100136
100133
100128
100125
100121
100118
100114
100111
100107
100103
100099
100096
100092
100089
100085
100081
100078
100074
100070
100067
100063
100060
100056
100052
100048
100045
100041
100038
100034
100030
100026
100023
100019
100015
100012
100008
100004
100337
100329
100330
100323
100323
100316
100316
100309
100308
100302
100301
100294
100294
100287
100286
100280
100279
100273
100271
100266
100264
100259
100257
100251
100249
100244
100242
100237
100235
100230
100227
100222
100220
100215
100213
100208
100205
100201
100198
100193
100191
100186
100183
100179
100176
100172
100169
100164
100162
100157
100154
100150
100147
100143
100140
100135
100132
100128
100125
100121
100118
100114
100110
100106
100103
100099
100096
100092
100088
100085
100081
100077
100074
100070
100066
100063
100059
100055
100052
100048
100044
100041
100037
100033
100030
100026
100022
100019
100015
100011
100337
100329
100329
100322
100322
100315
100315
100308
100308
100301
100300
100294
100293
100287
100286
100280
100278
100272
100271
100265
100264
100258
100256
100251
100249
100244
100242
100236
100234
100229
100227
100222
100220
100215
100212
100207
100205
100200
100198
100193
100190
100186
100183
100178
100176
100171
100168
100164
100161
100157
100154
100149
100146
100142
100139
100135
100132
100128
100124
100120
100117
100113
100110
100106
100102
100099
100095
100091
100088
100084
100081
100077
100073
100069
100066
100062
100059
100055
100051
100048
100044
100040
100037
100033
100029
100026
100022
100018
100014
100010
100331
100323
100323
100316
100316
100309
100309
100302
100302
100295
100295
100288
100287
100281
100280
100274
100272
100267
100265
100259
100258
100252
100250
100245
100243
100238
100236
100230
100228
100223
100221
100216
100214
100209
100206
100202
100199
100194
100192
100187
100184
100180
100177
100173
100170
100165
100162
100158
100155
100151
100148
100144
100140
100136
100133
100129
100126
100122
100119
100114
100111
100107
100104
100100
100097
100093
100089
100085
100082
100078
100075
100071
100067
100064
100060
100056
100053
100049
100045
100042
100038
100034
100031
100027
100023
100020
100016
100012
100008
100005
100343
100335
100336
100329
100329
100322
100321
100315
100314
100307
100307
100300
100299
100293
100292
100286
100285
100279
100277
100272
100270
100264
100263
100257
100255
100250
100248
100243
100241
100236
100233
100228
100226
100221
100219
100214
100211
100207
100204
100199
100197
100192
100189
100185
100182
100178
100175
100170
100167
100163
100160
100156
100153
100149
100146
100141
100138
100134
100131
100127
100124
100120
100116
100112
100109
100105
100102
100098
100094
100090
100087
100083
100080
100076
100072
100069
100065
100061
100058
100054
100050
100047
100043
100039
100036
100032
100028
100025
100021
100017
100324
100317
100317
100310
100310
100303
100303
100296
100295
100289
100288
100282
100281
100274
100273
100267
100266
100260
100258
100253
100251
100245
100244
100238
100236
100231
100229
100224
100222
100217
100214
100209
100207
100202
100200
100195
100192
100188
100185
100180
100178
100173
100170
100166
100163
100159
100156
100151
100148
100144
100141
100137
100134
100130
100126
100122
100119
100115
100112
100108
100104
100100
100097
100093
100090
100086
100083
100079
100075
100071
100068
100064
100061
100057
100053
100050
100046
100042
100039
100035
100031
100028
100024
100020
100017
100013
100009
100005
100002
99997.9
100349
100342
100342
100335
100335
100328
100328
100321
100321
100314
100313
100307
100306
100300
100299
100293
100291
100285
100284
100278
100277
100271
100269
100264
100262
100257
100255
100249
100247
100242
100240
100235
100233
100228
100225
100221
100218
100213
100211
100206
100203
100199
100196
100192
100189
100184
100182
100177
100174
100170
100167
100163
100160
100155
100152
100148
100145
100141
100138
100134
100130
100126
100123
100119
100116
100112
100108
100104
100101
100097
100094
100090
100086
100083
100079
100075
100072
100068
100064
100061
100057
100053
100050
100046
100042
100039
100035
100031
100027
100024
100316
100309
100309
100302
100302
100295
100295
100288
100288
100281
100280
100274
100273
100267
100266
100259
100258
100252
100251
100245
100243
100238
100236
100230
100229
100223
100221
100216
100214
100209
100207
100201
100199
100194
100192
100187
100184
100180
100177
100172
100170
100165
100162
100158
100155
100151
100148
100143
100141
100136
100133
100129
100126
100122
100119
100114
100111
100107
100104
100100
100097
100093
100089
100085
100082
100078
100075
100071
100067
100064
100060
100056
100053
100049
100045
100042
100038
100034
100031
100027
100023
100020
100016
100012
100009
100005
100001
99997.6
99993.7
99990
100371
100359
100360
100349
100350
100341
100341
100332
100332
100324
100324
100316
100315
100308
100307
100301
100299
100293
100292
100286
100284
100278
100276
100271
100269
100264
100261
100256
100254
100249
100247
100242
100239
100234
100232
100227
100224
100220
100217
100212
100210
100205
100202
100198
100195
100191
100188
100183
100180
100176
100173
100169
100166
100162
100158
100154
100151
100147
100144
100140
100137
100133
100129
100125
100122
100118
100115
100111
100107
100103
100100
100096
100093
100089
100085
100082
100078
100074
100071
100067
100064
100060
100056
100053
100049
100045
100042
100038
100035
100031
100337
100323
100325
100313
100314
100305
100305
100296
100296
100288
100287
100280
100279
100272
100271
100264
100263
100257
100255
100249
100247
100241
100240
100234
100232
100227
100225
100219
100217
100212
100210
100205
100202
100197
100195
100190
100187
100183
100180
100175
100173
100168
100165
100161
100158
100153
100151
100146
100143
100139
100136
100132
100129
100124
100121
100117
100114
100110
100107
100103
100099
100095
100092
100088
100085
100081
100077
100074
100070
100066
100063
100059
100056
100052
100048
100044
100041
100037
100034
100030
100026
100023
100019
100015
100012
100008
100005
100001
99997.7
99994.2
100356
100343
100345
100334
100335
100325
100325
100317
100317
100309
100308
100301
100300
100293
100292
100285
100284
100278
100276
100270
100268
100263
100261
100255
100253
100248
100246
100240
100238
100233
100231
100226
100223
100218
100216
100211
100209
100204
100201
100197
100194
100189
100187
100182
100179
100175
100172
100167
100165
100160
100157
100153
100150
100146
100143
100138
100135
100131
100128
100124
100121
100117
100113
100109
100106
100102
100099
100095
100091
100088
100084
100080
100077
100073
100069
100066
100062
100058
100055
100051
100048
100044
100040
100037
100033
100029
100026
100022
100019
100015
100341
100327
100329
100318
100319
100309
100309
100300
100300
100292
100292
100284
100283
100276
100275
100269
100267
100261
100259
100253
100252
100246
100244
100238
100236
100231
100229
100224
100221
100216
100214
100209
100207
100202
100199
100194
100192
100187
100184
100180
100177
100172
100170
100165
100162
100158
100155
100151
100148
100143
100140
100136
100133
100129
100126
100121
100118
100114
100111
100107
100104
100100
100096
100092
100089
100085
100082
100078
100074
100071
100067
100063
100060
100056
100053
100049
100045
100042
100038
100034
100031
100027
100023
100020
100016
100013
100009
100005
100002
99998.5
100350
100338
100340
100328
100329
100320
100320
100311
100311
100303
100303
100295
100294
100287
100286
100280
100278
100272
100270
100264
100263
100257
100255
100250
100248
100242
100240
100235
100233
100227
100225
100220
100218
100213
100210
100206
100203
100198
100196
100191
100188
100184
100181
100176
100174
100169
100166
100162
100159
100155
100152
100147
100144
100140
100137
100133
100130
100126
100122
100118
100115
100111
100108
100104
100100
100096
100093
100089
100086
100082
100078
100075
100071
100067
100064
100060
100057
100053
100049
100046
100042
100038
100035
100031
100028
100024
100020
100017
100013
100010
100346
100333
100334
100323
100324
100314
100314
100306
100305
100297
100297
100289
100289
100282
100281
100274
100273
100266
100265
100259
100257
100251
100249
100244
100242
100236
100234
100229
100227
100222
100219
100214
100212
100207
100205
100200
100197
100192
100190
100185
100182
100178
100175
100171
100168
100163
100160
100156
100153
100149
100146
100142
100138
100134
100131
100127
100124
100120
100117
100112
100109
100105
100102
100098
100095
100091
100087
100083
100080
100076
100073
100069
100065
100062
100058
100054
100051
100047
100043
100040
100036
100032
100029
100025
100022
100018
100015
100011
100007
100004
100346
100333
100334
100323
100324
100315
100315
100306
100306
100298
100297
100290
100289
100282
100281
100274
100273
100267
100265
100259
100258
100252
100250
100244
100242
100237
100235
100230
100227
100222
100220
100215
100213
100208
100205
100200
100198
100193
100190
100186
100183
100178
100176
100171
100168
100164
100161
100157
100154
100149
100146
100142
100139
100135
100132
100128
100124
100120
100117
100113
100110
100106
100102
100098
100095
100091
100088
100084
100081
100077
100073
100069
100066
100062
100059
100055
100051
100048
100044
100040
100037
100033
100029
100026
100022
100019
100015
100011
100008
100004
100350
100338
100339
100328
100329
100319
100320
100311
100311
100303
100302
100295
100294
100287
100286
100279
100278
100272
100270
100264
100262
100256
100255
100249
100247
100242
100240
100234
100232
100227
100225
100220
100217
100212
100210
100205
100203
100198
100195
100190
100188
100183
100180
100176
100173
100169
100166
100161
100158
100154
100151
100147
100144
100140
100136
100132
100129
100125
100122
100118
100115
100110
100107
100103
100100
100096
100093
100089
100085
100081
100078
100074
100071
100067
100063
100060
100056
100052
100049
100045
100042
100038
100034
100031
100027
100023
100020
100016
100013
100009
100341
100328
100329
100318
100319
100309
100309
100301
100301
100293
100292
100285
100284
100277
100276
100269
100268
100261
100260
100254
100252
100246
100245
100239
100237
100232
100229
100224
100222
100217
100215
100209
100207
100202
100200
100195
100192
100188
100185
100180
100178
100173
100170
100166
100163
100158
100156
100151
100148
100144
100141
100137
100134
100129
100126
100122
100119
100115
100112
100108
100104
100100
100097
100093
100090
100086
100082
100078
100075
100071
100068
100064
100060
100057
100053
100049
100046
100042
100039
100035
100031
100028
100024
100020
100017
100013
100010
100006
100003
99999.1
100356
100343
100345
100334
100335
100325
100325
100316
100316
100308
100308
100300
100299
100292
100291
100285
100283
100277
100276
100270
100268
100262
100260
100255
100253
100247
100245
100240
100238
100233
100230
100225
100223
100218
100216
100211
100208
100203
100201
100196
100193
100189
100186
100182
100179
100174
100171
100167
100164
100160
100157
100152
100149
100145
100142
100138
100135
100131
100127
100123
100120
100116
100113
100109
100106
100102
100098
100094
100091
100087
100084
100080
100076
100073
100069
100065
100062
100058
100054
100051
100047
100043
100040
100036
100033
100029
100025
100022
100018
100015
100337
100323
100325
100314
100315
100305
100305
100297
100296
100288
100288
100280
100280
100273
100271
100265
100263
100257
100256
100250
100248
100242
100240
100235
100233
100227
100225
100220
100218
100213
100210
100205
100203
100198
100195
100191
100188
100183
100181
100176
100173
100169
100166
100161
100159
100154
100151
100147
100144
100140
100137
100132
100129
100125
100122
100118
100115
100110
100107
100103
100100
100096
100093
100089
100085
100081
100078
100074
100071
100067
100063
100060
100056
100052
100049
100045
100042
100038
100034
100031
100027
100023
100020
100016
100012
100009
100005
100002
99998.3
99994.8
100371
100358
100360
100349
100350
100340
100340
100332
100332
100324
100323
100316
100315
100308
100307
100300
100299
100293
100291
100285
100283
100278
100276
100270
100268
100263
100261
100255
100253
100248
100246
100241
100239
100234
100231
100226
100224
100219
100216
100212
100209
100204
100202
100197
100194
100190
100187
100183
100180
100175
100172
100168
100165
100161
100158
100154
100150
100146
100143
100139
100136
100132
100129
100125
100121
100117
100114
100110
100107
100103
100099
100095
100092
100088
100085
100081
100077
100074
100070
100066
100063
100059
100056
100052
100048
100045
100041
100037
100034
100030
)
;

boundaryField
{
    upperWall
    {
        type            zeroGradient;
    }
    lowerWall
    {
        type            zeroGradient;
    }
    heatedWall
    {
        type            zeroGradient;
    }
    inlet
    {
        type            zeroGradient;
    }
    outlet
    {
        type            waveTransmissive;
        gamma           1.3;
        fieldInf        100000;
        lInf            0.3;
        value           nonuniform List<scalar> 
72
(
100023
99995.6
100011
99998.9
100007
100003
100003
100007
99999.3
100011
99996.1
100023
99992.2
100018
99998.1
100013
100003
100008
100008
100003
100013
99998.4
100018
99992.5
100006
100006
100005
100006
100005
100006
100006
100006
100006
100005
100006
100006
100006
100006
100005
100006
100005
100006
100006
100006
100006
100005
100006
100006
99992.2
100018
99998.1
100013
100003
100008
100008
100003
100013
99998.4
100018
99992.5
100023
99995.6
100011
99998.9
100007
100003
100003
100007
99999.3
100011
99996.1
100023
)
;
    }
    frontAndBack
    {
        type            empty;
    }
}


// ************************************************************************* //
