/*--------------------------------*- C++ -*----------------------------------*\
  =========                 |
  \\      /  F ield         | OpenFOAM: The Open Source CFD Toolbox
   \\    /   O peration     | Website:  https://openfoam.org
    \\  /    A nd           | Version:  7
     \\/     M anipulation  |
\*---------------------------------------------------------------------------*/
FoamFile
{
    version     2.0;
    format      ascii;
    class       volScalarField;
    location    "1.7775";
    object      p;
}
// * * * * * * * * * * * * * * * * * * * * * * * * * * * * * * * * * * * * * //

dimensions      [1 -1 -2 0 0 0 0];

internalField   nonuniform List<scalar> 
7920
(
100284
100268
100275
100265
100271
100263
100269
100262
100266
100261
100264
100260
100263
100259
100261
100258
100259
100257
100258
100256
100268
100255
100262
100252
100259
100251
100256
100250
100254
100248
100252
100247
100250
100246
100248
100245
100247
100244
100245
100243
100276
100263
100270
100260
100266
100258
100263
100257
100261
100256
100259
100254
100257
100253
100255
100252
100254
100251
100253
100250
100268
100257
100264
100254
100260
100252
100258
100251
100255
100250
100253
100249
100252
100248
100250
100247
100248
100246
100247
100245
100272
100261
100268
100258
100264
100256
100261
100255
100259
100254
100257
100253
100255
100252
100254
100251
100252
100250
100251
100248
100270
100259
100266
100256
100262
100254
100259
100253
100257
100252
100255
100251
100253
100250
100252
100249
100250
100248
100249
100247
100270
100259
100266
100256
100262
100254
100259
100253
100257
100252
100255
100251
100253
100250
100252
100249
100250
100248
100249
100247
100272
100261
100268
100258
100264
100256
100261
100255
100259
100254
100257
100253
100255
100252
100254
100251
100252
100250
100251
100248
100268
100257
100264
100254
100260
100252
100258
100251
100255
100250
100253
100249
100252
100248
100250
100247
100248
100246
100247
100245
100276
100263
100270
100260
100266
100258
100263
100257
100261
100256
100259
100254
100257
100253
100255
100252
100254
100251
100253
100250
100268
100255
100262
100252
100259
100251
100256
100250
100254
100248
100252
100247
100250
100246
100248
100245
100247
100244
100245
100243
100284
100268
100275
100265
100271
100263
100269
100262
100266
100261
100264
100260
100263
100259
100261
100258
100259
100257
100258
100256
100250
100252
100246
100248
100244
100246
100243
100245
100242
100243
100242
100242
100241
100241
100240
100240
100240
100239
100239
100239
100261
100264
100258
100260
100256
100258
100255
100256
100254
100255
100253
100254
100253
100253
100252
100252
100251
100251
100251
100251
100252
100255
100248
100251
100247
100249
100246
100247
100245
100246
100244
100245
100243
100244
100243
100243
100242
100242
100241
100242
100258
100262
100256
100258
100254
100256
100253
100254
100252
100253
100251
100251
100250
100250
100250
100250
100249
100249
100249
100249
100254
100257
100251
100253
100249
100251
100248
100249
100247
100248
100246
100247
100246
100246
100245
100245
100244
100244
100244
100244
100256
100259
100253
100256
100251
100253
100250
100252
100249
100250
100249
100249
100248
100248
100247
100247
100247
100247
100246
100246
100256
100259
100253
100256
100251
100253
100250
100252
100249
100250
100249
100249
100248
100248
100247
100247
100247
100247
100246
100246
100254
100257
100251
100253
100249
100251
100248
100249
100247
100248
100246
100247
100246
100246
100245
100245
100244
100244
100244
100244
100258
100262
100256
100258
100254
100256
100253
100254
100252
100253
100251
100251
100250
100250
100250
100250
100249
100249
100249
100249
100252
100255
100248
100251
100247
100249
100246
100247
100245
100246
100244
100245
100243
100244
100243
100243
100242
100242
100241
100242
100261
100264
100258
100260
100256
100258
100255
100256
100254
100255
100253
100254
100253
100253
100252
100252
100251
100251
100251
100251
100250
100252
100246
100248
100244
100246
100243
100245
100242
100243
100242
100242
100241
100241
100240
100240
100240
100239
100239
100239
100242
100241
100240
100239
100238
100238
100237
100237
100236
100236
100235
100235
100234
100234
100234
100233
100233
100233
100232
100232
100241
100241
100240
100239
100238
100238
100237
100237
100236
100236
100235
100235
100234
100234
100234
100233
100233
100233
100232
100232
100241
100241
100240
100239
100238
100238
100237
100237
100236
100236
100235
100235
100234
100234
100234
100233
100233
100233
100232
100232
100241
100241
100240
100239
100238
100238
100237
100237
100236
100236
100235
100235
100234
100234
100234
100233
100233
100233
100232
100232
100241
100240
100240
100239
100238
100238
100237
100237
100236
100236
100235
100235
100234
100234
100234
100233
100233
100233
100232
100232
100241
100240
100240
100239
100238
100238
100237
100237
100236
100236
100235
100235
100234
100234
100234
100233
100233
100233
100232
100232
100241
100240
100240
100239
100238
100238
100237
100237
100236
100236
100235
100235
100234
100234
100234
100233
100233
100233
100232
100232
100241
100240
100240
100239
100238
100238
100237
100237
100236
100236
100235
100235
100234
100234
100234
100233
100233
100233
100232
100232
100241
100241
100240
100239
100238
100238
100237
100237
100236
100236
100235
100235
100234
100234
100234
100233
100233
100233
100232
100232
100241
100241
100240
100239
100238
100238
100237
100237
100236
100236
100235
100235
100234
100234
100234
100233
100233
100233
100232
100232
100241
100241
100240
100239
100238
100238
100237
100237
100236
100236
100235
100235
100234
100234
100234
100233
100233
100233
100232
100232
100242
100241
100240
100239
100238
100238
100237
100237
100236
100236
100235
100235
100234
100234
100234
100233
100233
100233
100232
100232
100242
100241
100240
100239
100238
100238
100237
100237
100236
100236
100235
100235
100234
100234
100234
100233
100233
100233
100232
100232
100241
100241
100240
100239
100238
100238
100237
100237
100236
100236
100235
100235
100234
100234
100234
100233
100233
100233
100232
100232
100241
100241
100240
100239
100238
100238
100237
100237
100236
100236
100235
100235
100234
100234
100234
100233
100233
100233
100232
100232
100241
100241
100240
100239
100238
100238
100237
100237
100236
100236
100235
100235
100234
100234
100234
100233
100233
100233
100232
100232
100241
100240
100240
100239
100238
100238
100237
100237
100236
100236
100235
100235
100234
100234
100234
100233
100233
100233
100232
100232
100241
100240
100240
100239
100238
100238
100237
100237
100236
100236
100235
100235
100234
100234
100234
100233
100233
100233
100232
100232
100241
100240
100240
100239
100238
100238
100237
100237
100236
100236
100235
100235
100234
100234
100234
100233
100233
100233
100232
100232
100241
100240
100240
100239
100238
100238
100237
100237
100236
100236
100235
100235
100234
100234
100234
100233
100233
100233
100232
100232
100241
100241
100240
100239
100238
100238
100237
100237
100236
100236
100235
100235
100234
100234
100234
100233
100233
100233
100232
100232
100241
100241
100240
100239
100238
100238
100237
100237
100236
100236
100235
100235
100234
100234
100234
100233
100233
100233
100232
100232
100241
100241
100240
100239
100238
100238
100237
100237
100236
100236
100235
100235
100234
100234
100234
100233
100233
100233
100232
100232
100242
100241
100240
100239
100238
100238
100237
100237
100236
100236
100235
100235
100234
100234
100234
100233
100233
100233
100232
100232
100250
100252
100246
100248
100244
100246
100243
100245
100242
100243
100242
100242
100241
100241
100240
100240
100240
100239
100239
100239
100261
100264
100258
100260
100256
100258
100255
100256
100254
100255
100253
100254
100253
100253
100252
100252
100251
100251
100251
100251
100252
100255
100248
100251
100247
100249
100246
100247
100245
100246
100244
100245
100243
100244
100243
100243
100242
100242
100241
100242
100258
100262
100256
100258
100254
100256
100253
100254
100252
100253
100251
100251
100250
100250
100250
100250
100249
100249
100249
100249
100254
100257
100251
100253
100249
100251
100248
100249
100247
100248
100246
100247
100246
100246
100245
100245
100244
100244
100244
100244
100256
100259
100253
100256
100251
100253
100250
100252
100249
100250
100249
100249
100248
100248
100247
100247
100247
100247
100246
100246
100256
100259
100253
100256
100251
100253
100250
100252
100249
100250
100249
100249
100248
100248
100247
100247
100247
100247
100246
100246
100254
100257
100251
100253
100249
100251
100248
100249
100247
100248
100246
100247
100246
100246
100245
100245
100244
100244
100244
100244
100258
100262
100256
100258
100254
100256
100253
100254
100252
100253
100251
100251
100250
100250
100250
100250
100249
100249
100249
100249
100252
100255
100248
100251
100247
100249
100246
100247
100245
100246
100244
100245
100243
100244
100243
100243
100242
100242
100241
100242
100261
100264
100258
100260
100256
100258
100255
100256
100254
100255
100253
100254
100253
100253
100252
100252
100251
100251
100251
100251
100250
100252
100246
100248
100244
100246
100243
100245
100242
100243
100242
100242
100241
100241
100240
100240
100240
100239
100239
100239
100284
100268
100275
100265
100271
100263
100269
100262
100266
100261
100264
100260
100263
100259
100261
100258
100259
100257
100258
100256
100268
100255
100262
100252
100259
100251
100256
100250
100254
100248
100252
100247
100250
100246
100248
100245
100247
100244
100245
100243
100276
100263
100270
100260
100266
100258
100263
100257
100261
100256
100259
100254
100257
100253
100255
100252
100254
100251
100253
100250
100268
100257
100264
100254
100260
100252
100258
100251
100255
100250
100253
100249
100252
100248
100250
100247
100248
100246
100247
100245
100272
100261
100268
100258
100264
100256
100261
100255
100259
100254
100257
100253
100255
100252
100254
100251
100252
100250
100251
100248
100270
100259
100266
100256
100262
100254
100259
100253
100257
100252
100255
100251
100253
100250
100252
100249
100250
100248
100249
100247
100270
100259
100266
100256
100262
100254
100259
100253
100257
100252
100255
100251
100253
100250
100252
100249
100250
100248
100249
100247
100272
100261
100268
100258
100264
100256
100261
100255
100259
100254
100257
100253
100255
100252
100254
100251
100252
100250
100251
100248
100268
100257
100264
100254
100260
100252
100258
100251
100255
100250
100253
100249
100252
100248
100250
100247
100248
100246
100247
100245
100276
100263
100270
100260
100266
100258
100263
100257
100261
100256
100259
100254
100257
100253
100255
100252
100254
100251
100253
100250
100268
100255
100262
100252
100259
100251
100256
100250
100254
100248
100252
100247
100250
100246
100248
100245
100247
100244
100245
100243
100284
100268
100275
100265
100271
100263
100269
100262
100266
100261
100264
100260
100263
100259
100261
100258
100259
100257
100258
100256
100277
100265
100267
100256
100257
100248
100248
100240
100240
100232
100232
100225
100225
100218
100217
100211
100210
100204
100203
100198
100196
100191
100190
100185
100183
100178
100177
100172
100171
100166
100164
100160
100158
100154
100152
100148
100146
100142
100141
100137
100135
100131
100129
100126
100124
100120
100118
100115
100113
100110
100108
100104
100103
100099
100098
100094
100093
100090
100088
100085
100083
100080
100079
100076
100074
100072
100070
100067
100065
100063
100061
100059
100057
100055
100053
100051
100049
100047
100046
100044
100042
100040
100039
100037
100035
100033
100032
100030
100028
100027
100243
100230
100231
100220
100221
100212
100212
100204
100204
100196
100196
100189
100188
100182
100181
100175
100174
100168
100167
100161
100160
100154
100153
100148
100147
100142
100140
100135
100134
100129
100128
100123
100122
100117
100116
100111
100110
100106
100104
100100
100098
100094
100092
100089
100087
100083
100082
100078
100076
100073
100071
100068
100066
100063
100061
100058
100056
100053
100051
100048
100046
100044
100042
100039
100037
100035
100033
100031
100029
100026
100025
100022
100021
100018
100017
100015
100013
100011
100009
100007
100005
100004
100002
100000
99998.4
99996.6
99995.1
99993.2
99991.9
99990.2
100262
100250
100252
100241
100242
100232
100233
100224
100224
100217
100217
100209
100209
100202
100202
100195
100194
100189
100187
100182
100181
100175
100174
100169
100168
100163
100161
100156
100155
100150
100149
100144
100143
100138
100136
100132
100131
100127
100125
100121
100119
100115
100113
100110
100108
100104
100102
100099
100097
100094
100092
100089
100087
100084
100082
100079
100077
100074
100072
100069
100067
100065
100063
100060
100058
100056
100054
100052
100050
100047
100046
100043
100042
100039
100038
100035
100034
100032
100030
100028
100026
100024
100023
100021
100019
100018
100016
100014
100013
100011
100247
100234
100235
100225
100226
100216
100216
100208
100208
100200
100200
100193
100192
100186
100185
100179
100178
100172
100171
100165
100164
100159
100157
100152
100151
100146
100144
100140
100138
100134
100132
100127
100126
100122
100120
100116
100114
100110
100108
100104
100102
100099
100097
100093
100091
100088
100086
100082
100080
100077
100075
100072
100070
100067
100065
100062
100060
100057
100055
100053
100051
100048
100046
100044
100042
100039
100037
100035
100033
100031
100029
100027
100025
100023
100021
100019
100017
100015
100013
100011
100010
100008
100006
100004
100003
100001
99999.3
99997.5
99996.2
99994.5
100257
100244
100246
100235
100236
100227
100227
100219
100219
100211
100211
100204
100203
100197
100196
100190
100189
100183
100182
100176
100175
100170
100168
100163
100162
100157
100156
100151
100149
100145
100143
100139
100137
100133
100131
100127
100125
100121
100119
100115
100113
100110
100108
100104
100102
100099
100097
100093
100092
100088
100086
100083
100081
100078
100076
100073
100071
100068
100066
100064
100062
100059
100057
100055
100053
100050
100048
100046
100044
100042
100040
100038
100036
100034
100032
100030
100028
100026
100024
100022
100021
100019
100017
100015
100014
100012
100010
100009
100007
100006
100252
100239
100241
100230
100231
100221
100222
100213
100213
100206
100205
100198
100198
100191
100190
100184
100183
100177
100176
100171
100169
100164
100163
100158
100156
100151
100150
100145
100144
100139
100137
100133
100131
100127
100125
100121
100119
100115
100114
100110
100108
100104
100102
100099
100097
100093
100091
100088
100086
100083
100081
100077
100076
100072
100071
100068
100066
100063
100061
100058
100056
100053
100052
100049
100047
100045
100043
100040
100038
100036
100034
100032
100030
100028
100026
100024
100023
100020
100019
100017
100015
100013
100012
100010
100008
100006
100005
100003
100002
99999.9
100252
100239
100241
100230
100231
100222
100222
100214
100214
100206
100206
100199
100198
100192
100191
100185
100184
100178
100177
100171
100170
100165
100163
100158
100157
100152
100150
100146
100144
100139
100138
100133
100132
100127
100126
100122
100120
100116
100114
100110
100108
100105
100103
100099
100097
100094
100092
100088
100086
100083
100081
100078
100076
100073
100071
100068
100066
100063
100061
100058
100057
100054
100052
100049
100048
100045
100043
100041
100039
100037
100035
100033
100031
100029
100027
100025
100023
100021
100019
100017
100016
100014
100012
100010
100009
100007
100005
100003
100002
100000
100257
100244
100246
100235
100236
100227
100227
100219
100219
100211
100211
100204
100203
100196
100196
100189
100188
100183
100181
100176
100175
100169
100168
100163
100161
100157
100155
100150
100149
100144
100143
100138
100136
100132
100130
100126
100125
100121
100119
100115
100113
100109
100107
100104
100102
100098
100096
100093
100091
100088
100086
100083
100081
100078
100076
100073
100071
100068
100066
100063
100061
100059
100057
100054
100052
100050
100048
100046
100044
100041
100040
100037
100036
100033
100032
100029
100028
100026
100024
100022
100020
100018
100017
100015
100013
100012
100010
100008
100007
100005
100247
100234
100236
100225
100226
100216
100217
100208
100209
100201
100201
100193
100193
100186
100186
100179
100178
100172
100171
100166
100165
100159
100158
100153
100151
100146
100145
100140
100139
100134
100132
100128
100126
100122
100120
100116
100114
100110
100109
100105
100103
100099
100097
100094
100092
100088
100086
100083
100081
100078
100076
100073
100071
100068
100066
100063
100061
100058
100056
100053
100051
100049
100047
100044
100042
100040
100038
100035
100034
100031
100029
100027
100025
100023
100021
100019
100018
100016
100014
100012
100010
100008
100007
100005
100003
100001
99999.9
99998.1
99996.7
99995
100262
100250
100251
100241
100242
100232
100233
100224
100224
100216
100216
100209
100209
100202
100201
100195
100194
100188
100187
100181
100180
100175
100174
100168
100167
100162
100161
100156
100154
100150
100148
100144
100142
100138
100136
100132
100130
100126
100124
100120
100119
100115
100113
100109
100107
100104
100102
100099
100097
100093
100091
100088
100086
100083
100081
100078
100076
100074
100072
100069
100067
100064
100062
100060
100058
100055
100054
100051
100049
100047
100045
100043
100041
100039
100037
100035
100033
100031
100030
100028
100026
100024
100022
100021
100019
100017
100016
100014
100012
100011
100243
100230
100231
100221
100222
100212
100213
100204
100204
100197
100196
100189
100189
100182
100181
100175
100174
100168
100167
100162
100160
100155
100154
100149
100147
100142
100141
100136
100134
100130
100128
100124
100122
100118
100116
100112
100110
100106
100104
100101
100099
100095
100093
100089
100088
100084
100082
100079
100077
100073
100072
100068
100066
100063
100061
100058
100057
100054
100052
100049
100047
100044
100042
100040
100038
100035
100034
100031
100029
100027
100025
100023
100021
100019
100017
100015
100013
100011
100010
100008
100006
100004
100002
100001
99999
99997.2
99995.7
99993.8
99992.4
99990.8
100277
100265
100267
100256
100257
100247
100248
100239
100239
100232
100231
100224
100224
100217
100217
100210
100209
100204
100202
100197
100196
100190
100189
100184
100183
100178
100176
100171
100170
100165
100164
100159
100158
100153
100152
100147
100146
100142
100140
100136
100134
100130
100128
100125
100123
100119
100118
100114
100112
100109
100107
100104
100102
100099
100097
100094
100092
100089
100087
100084
100082
100080
100078
100075
100073
100071
100069
100067
100065
100062
100061
100058
100057
100054
100053
100051
100049
100047
100045
100043
100041
100039
100038
100036
100034
100033
100031
100029
100028
100026
100223
100216
100216
100209
100209
100202
100202
100196
100196
100189
100189
100182
100182
100176
100175
100169
100169
100163
100162
100157
100155
100150
100149
100144
100143
100138
100136
100132
100130
100126
100124
100120
100118
100114
100112
100108
100106
100102
100101
100097
100095
100091
100089
100086
100084
100080
100078
100075
100073
100070
100068
100065
100063
100060
100058
100055
100053
100050
100048
100045
100043
100041
100039
100036
100034
100032
100030
100027
100026
100023
100021
100019
100017
100015
100013
100011
100010
100008
100006
100004
100002
100000
99998.5
99996.6
99994.8
99993
99991.2
99989.4
99987.4
99985.6
100255
100249
100249
100243
100243
100236
100236
100230
100229
100223
100223
100217
100216
100210
100209
100204
100203
100197
100196
100191
100190
100185
100183
100178
100177
100172
100171
100166
100165
100160
100159
100154
100153
100148
100147
100143
100141
100137
100135
100131
100129
100126
100124
100120
100118
100115
100113
100109
100108
100104
100102
100099
100097
100094
100092
100089
100087
100084
100082
100080
100078
100075
100073
100071
100069
100066
100064
100062
100060
100058
100056
100054
100052
100050
100048
100046
100044
100042
100040
100038
100037
100035
100033
100031
100029
100027
100026
100024
100022
100020
100231
100223
100223
100217
100217
100210
100210
100203
100203
100197
100196
100190
100190
100184
100183
100177
100176
100171
100170
100164
100163
100158
100157
100152
100150
100146
100144
100140
100138
100134
100132
100128
100126
100122
100120
100116
100114
100110
100108
100104
100103
100099
100097
100093
100092
100088
100086
100083
100081
100078
100076
100072
100070
100067
100065
100062
100061
100058
100056
100053
100051
100048
100046
100044
100042
100039
100038
100035
100033
100031
100029
100027
100025
100023
100021
100019
100017
100015
100014
100012
100010
100008
100006
100004
100003
100001
99998.9
99997.1
99995.2
99993.4
100249
100242
100243
100236
100236
100229
100230
100223
100223
100216
100216
100210
100209
100203
100203
100197
100196
100191
100190
100184
100183
100178
100177
100172
100170
100166
100164
100159
100158
100153
100152
100147
100146
100142
100140
100136
100134
100130
100128
100124
100123
100119
100117
100113
100111
100108
100106
100103
100101
100097
100096
100092
100090
100087
100085
100082
100080
100078
100076
100073
100071
100068
100066
100064
100062
100059
100058
100055
100053
100051
100049
100047
100045
100043
100041
100039
100037
100035
100033
100031
100030
100028
100026
100024
100022
100021
100019
100017
100015
100013
100237
100230
100230
100223
100223
100216
100217
100210
100210
100203
100203
100197
100196
100190
100189
100184
100183
100177
100176
100171
100170
100165
100163
100158
100157
100152
100151
100146
100145
100140
100139
100134
100133
100128
100127
100122
100121
100117
100115
100111
100109
100106
100104
100100
100098
100095
100093
100089
100087
100084
100082
100079
100077
100074
100072
100069
100067
100064
100062
100060
100058
100055
100053
100050
100049
100046
100044
100042
100040
100038
100036
100034
100032
100030
100028
100026
100024
100022
100020
100018
100016
100015
100013
100011
100009
100007
100006
100004
100002
100000
100243
100236
100236
100230
100230
100223
100223
100217
100216
100210
100210
100203
100203
100197
100196
100191
100190
100184
100183
100178
100177
100171
100170
100165
100164
100159
100158
100153
100151
100147
100145
100141
100139
100135
100133
100129
100128
100124
100122
100118
100116
100112
100111
100107
100105
100102
100100
100096
100094
100091
100089
100086
100084
100081
100079
100076
100074
100071
100069
100066
100065
100062
100060
100057
100055
100053
100051
100049
100047
100044
100043
100040
100039
100036
100035
100033
100031
100029
100027
100025
100023
100021
100020
100018
100016
100014
100012
100011
100009
100007
100243
100236
100236
100229
100230
100223
100223
100216
100216
100210
100209
100203
100202
100196
100196
100190
100189
100184
100183
100177
100176
100171
100170
100165
100163
100159
100157
100152
100151
100146
100145
100141
100139
100135
100133
100129
100127
100123
100121
100117
100116
100112
100110
100106
100105
100101
100099
100096
100094
100090
100089
100085
100083
100080
100078
100075
100074
100071
100069
100066
100064
100061
100059
100057
100055
100052
100051
100048
100046
100044
100042
100040
100038
100036
100034
100032
100030
100028
100027
100025
100023
100021
100019
100017
100016
100014
100012
100010
100008
100006
100237
100230
100230
100223
100224
100217
100217
100210
100210
100204
100203
100197
100197
100191
100190
100184
100183
100178
100177
100171
100170
100165
100164
100159
100158
100153
100151
100147
100145
100141
100139
100135
100133
100129
100127
100123
100121
100117
100115
100112
100110
100106
100104
100101
100099
100095
100093
100090
100088
100085
100083
100079
100078
100074
100073
100070
100068
100065
100063
100060
100058
100055
100054
100051
100049
100047
100045
100042
100040
100038
100036
100034
100032
100030
100028
100026
100024
100022
100021
100019
100017
100015
100013
100011
100010
100008
100006
100004
100002
100000
100249
100242
100242
100236
100236
100229
100229
100222
100222
100216
100216
100209
100209
100203
100202
100196
100195
100190
100189
100184
100182
100177
100176
100171
100170
100165
100164
100159
100157
100153
100151
100147
100145
100141
100139
100135
100133
100129
100128
100124
100122
100118
100116
100113
100111
100107
100105
100102
100100
100097
100095
100092
100090
100087
100085
100082
100080
100077
100075
100072
100070
100068
100066
100063
100061
100059
100057
100055
100053
100050
100049
100046
100044
100042
100041
100038
100037
100035
100033
100031
100029
100027
100026
100024
100022
100020
100018
100016
100014
100013
100231
100223
100224
100217
100217
100210
100210
100204
100204
100197
100197
100191
100190
100184
100183
100178
100177
100171
100170
100165
100164
100158
100157
100152
100151
100146
100145
100140
100138
100134
100132
100128
100126
100122
100120
100116
100115
100111
100109
100105
100103
100099
100098
100094
100092
100088
100087
100083
100081
100078
100076
100073
100071
100068
100066
100063
100061
100058
100056
100053
100052
100049
100047
100044
100042
100040
100038
100036
100034
100031
100030
100027
100026
100023
100022
100020
100018
100016
100014
100012
100010
100008
100007
100005
100003
100001
99999.4
99997.6
99995.6
99993.8
100255
100249
100249
100242
100242
100236
100236
100229
100229
100223
100222
100216
100215
100209
100209
100203
100202
100197
100196
100190
100189
100184
100183
100178
100176
100172
100170
100166
100164
100160
100158
100154
100152
100148
100146
100142
100140
100136
100134
100130
100129
100125
100123
100119
100118
100114
100112
100109
100107
100104
100102
100098
100096
100093
100091
100088
100087
100084
100082
100079
100077
100074
100072
100070
100068
100065
100064
100061
100059
100057
100055
100053
100051
100049
100047
100045
100043
100041
100040
100038
100036
100034
100032
100030
100029
100027
100025
100023
100021
100019
100223
100216
100216
100209
100209
100203
100203
100196
100196
100189
100189
100183
100182
100176
100176
100170
100169
100163
100162
100157
100156
100151
100150
100145
100143
100138
100137
100132
100131
100126
100125
100120
100119
100114
100113
100109
100107
100103
100101
100097
100095
100092
100090
100086
100084
100081
100079
100075
100074
100070
100068
100065
100063
100060
100058
100055
100053
100050
100048
100046
100044
100041
100039
100037
100035
100032
100030
100028
100026
100024
100022
100020
100018
100016
100014
100012
100010
100008
100006
100004
100003
100001
99998.9
99997
99995.3
99993.5
99991.6
99989.8
99987.9
99986.1
100231
100226
100225
100220
100219
100214
100213
100208
100208
100202
100202
100197
100196
100191
100190
100185
100184
100179
100178
100173
100172
100167
100165
100161
100159
100155
100153
100149
100147
100143
100141
100137
100135
100131
100129
100125
100124
100120
100118
100114
100112
100109
100107
100103
100101
100098
100096
100092
100091
100087
100085
100082
100080
100077
100075
100072
100070
100067
100065
100063
100061
100058
100056
100054
100052
100049
100047
100045
100043
100041
100039
100037
100035
100033
100031
100029
100027
100025
100023
100021
100019
100017
100016
100014
100012
100010
100009
100007
100005
100003
100231
100226
100225
100220
100219
100214
100213
100208
100208
100202
100202
100197
100196
100191
100190
100185
100184
100179
100178
100173
100172
100167
100166
100161
100159
100155
100153
100149
100147
100143
100141
100137
100135
100131
100129
100125
100124
100120
100118
100114
100112
100109
100107
100103
100101
100098
100096
100092
100091
100087
100085
100082
100080
100077
100075
100072
100070
100067
100065
100063
100061
100058
100056
100054
100052
100049
100047
100045
100043
100041
100039
100037
100035
100033
100031
100029
100027
100025
100023
100021
100019
100018
100016
100014
100012
100010
100009
100007
100005
100003
100231
100226
100225
100220
100219
100214
100213
100208
100208
100202
100202
100197
100196
100191
100190
100185
100184
100179
100178
100173
100172
100167
100165
100161
100159
100155
100153
100149
100147
100143
100141
100137
100135
100131
100129
100125
100124
100120
100118
100114
100112
100109
100107
100103
100101
100098
100096
100092
100090
100087
100085
100082
100080
100077
100075
100072
100070
100067
100065
100063
100061
100058
100056
100054
100052
100049
100047
100045
100043
100041
100039
100037
100035
100033
100031
100029
100027
100025
100023
100021
100019
100017
100016
100014
100012
100010
100008
100007
100005
100003
100231
100226
100225
100220
100219
100214
100213
100208
100208
100202
100202
100197
100196
100191
100190
100185
100184
100179
100178
100173
100172
100167
100166
100161
100159
100155
100153
100149
100147
100143
100141
100137
100135
100131
100129
100125
100124
100120
100118
100114
100112
100109
100107
100103
100101
100098
100096
100092
100091
100087
100085
100082
100080
100077
100075
100072
100070
100067
100066
100063
100061
100058
100056
100054
100052
100049
100047
100045
100043
100041
100039
100037
100035
100033
100031
100029
100027
100025
100023
100021
100019
100018
100016
100014
100012
100010
100009
100007
100005
100003
100231
100226
100225
100220
100219
100214
100213
100208
100208
100202
100202
100197
100196
100191
100190
100185
100184
100179
100178
100173
100172
100167
100165
100161
100159
100155
100153
100149
100147
100143
100141
100137
100135
100131
100129
100125
100124
100120
100118
100114
100112
100109
100107
100103
100101
100098
100096
100092
100090
100087
100085
100082
100080
100077
100075
100072
100070
100067
100065
100063
100061
100058
100056
100054
100052
100049
100047
100045
100043
100041
100039
100037
100035
100033
100031
100029
100027
100025
100023
100021
100019
100017
100016
100014
100012
100010
100009
100007
100005
100003
100231
100226
100225
100220
100219
100214
100213
100208
100208
100202
100202
100197
100196
100191
100190
100185
100184
100179
100178
100173
100172
100167
100165
100161
100159
100155
100153
100149
100147
100143
100141
100137
100135
100131
100129
100125
100124
100120
100118
100114
100112
100109
100107
100103
100101
100098
100096
100092
100091
100087
100085
100082
100080
100077
100075
100072
100070
100067
100065
100063
100061
100058
100056
100054
100052
100049
100047
100045
100043
100041
100039
100037
100035
100033
100031
100029
100027
100025
100023
100021
100019
100017
100016
100014
100012
100010
100009
100007
100005
100003
100231
100226
100225
100220
100219
100214
100213
100208
100208
100202
100202
100197
100196
100191
100190
100185
100184
100179
100178
100173
100172
100167
100165
100161
100159
100155
100153
100149
100147
100143
100141
100137
100135
100131
100129
100125
100124
100120
100118
100114
100112
100109
100107
100103
100101
100098
100096
100092
100091
100087
100085
100082
100080
100077
100075
100072
100070
100067
100065
100063
100061
100058
100056
100054
100052
100049
100047
100045
100043
100041
100039
100037
100035
100033
100031
100029
100027
100025
100023
100021
100019
100017
100016
100014
100012
100010
100009
100007
100005
100003
100231
100226
100225
100220
100219
100214
100213
100208
100208
100202
100202
100197
100196
100191
100190
100185
100184
100179
100178
100173
100172
100167
100165
100161
100159
100155
100153
100149
100147
100143
100141
100137
100135
100131
100129
100125
100124
100120
100118
100114
100112
100109
100107
100103
100101
100098
100096
100092
100091
100087
100085
100082
100080
100077
100075
100072
100070
100067
100065
100063
100061
100058
100056
100054
100052
100049
100047
100045
100043
100041
100039
100037
100035
100033
100031
100029
100027
100025
100023
100021
100019
100017
100016
100014
100012
100010
100009
100007
100005
100003
100231
100226
100225
100220
100219
100214
100213
100208
100208
100202
100202
100197
100196
100191
100190
100185
100184
100179
100178
100173
100172
100167
100165
100161
100159
100155
100153
100149
100147
100143
100141
100137
100135
100131
100129
100125
100124
100120
100118
100114
100112
100109
100107
100103
100101
100098
100096
100092
100091
100087
100085
100082
100080
100077
100075
100072
100070
100067
100065
100063
100061
100058
100056
100054
100052
100049
100047
100045
100043
100041
100039
100037
100035
100033
100031
100029
100027
100025
100023
100021
100019
100017
100016
100014
100012
100010
100009
100007
100005
100003
100231
100226
100225
100220
100219
100214
100213
100208
100208
100202
100202
100197
100196
100191
100190
100185
100184
100179
100178
100173
100172
100167
100165
100161
100159
100155
100153
100149
100147
100143
100141
100137
100135
100131
100129
100125
100124
100120
100118
100114
100112
100109
100107
100103
100101
100098
100096
100092
100090
100087
100085
100082
100080
100077
100075
100072
100070
100067
100065
100063
100061
100058
100056
100054
100052
100049
100047
100045
100043
100041
100039
100037
100035
100033
100031
100029
100027
100025
100023
100021
100019
100017
100016
100014
100012
100010
100009
100007
100005
100003
100231
100226
100225
100220
100219
100214
100213
100208
100208
100202
100202
100197
100196
100191
100190
100185
100184
100179
100178
100173
100172
100167
100165
100161
100159
100155
100153
100149
100147
100143
100141
100137
100135
100131
100129
100125
100124
100120
100118
100114
100112
100109
100107
100103
100101
100098
100096
100092
100091
100087
100085
100082
100080
100077
100075
100072
100070
100067
100065
100063
100061
100058
100056
100054
100052
100049
100047
100045
100043
100041
100039
100037
100035
100033
100031
100029
100027
100025
100023
100021
100019
100017
100016
100014
100012
100010
100009
100007
100005
100003
100231
100226
100225
100220
100219
100214
100213
100208
100208
100202
100202
100197
100196
100191
100190
100185
100184
100179
100178
100173
100172
100167
100165
100161
100159
100155
100153
100149
100147
100143
100141
100137
100135
100131
100129
100125
100124
100120
100118
100114
100112
100109
100107
100103
100101
100098
100096
100092
100091
100087
100085
100082
100080
100077
100075
100072
100070
100067
100065
100063
100061
100058
100056
100054
100052
100049
100047
100045
100043
100041
100039
100037
100035
100033
100031
100029
100027
100025
100023
100021
100019
100017
100016
100014
100012
100010
100009
100007
100005
100003
100231
100226
100225
100220
100219
100214
100213
100208
100208
100202
100202
100197
100196
100191
100190
100185
100184
100179
100178
100173
100172
100167
100165
100161
100159
100155
100153
100149
100147
100143
100141
100137
100135
100131
100129
100125
100124
100120
100118
100114
100112
100109
100107
100103
100101
100098
100096
100092
100091
100087
100085
100082
100080
100077
100075
100072
100070
100067
100065
100063
100061
100058
100056
100054
100052
100049
100047
100045
100043
100041
100039
100037
100035
100033
100031
100029
100027
100025
100023
100021
100019
100017
100016
100014
100012
100010
100009
100007
100005
100003
100231
100226
100225
100220
100219
100214
100213
100208
100208
100202
100202
100197
100196
100191
100190
100185
100184
100179
100178
100173
100172
100167
100166
100161
100159
100155
100153
100149
100147
100143
100141
100137
100135
100131
100129
100125
100124
100120
100118
100114
100112
100109
100107
100103
100101
100098
100096
100092
100091
100087
100085
100082
100080
100077
100075
100072
100070
100067
100065
100063
100061
100058
100056
100054
100052
100049
100047
100045
100043
100041
100039
100037
100035
100033
100031
100029
100027
100025
100023
100021
100019
100018
100016
100014
100012
100010
100009
100007
100005
100003
100231
100226
100225
100220
100219
100214
100213
100208
100208
100202
100202
100197
100196
100191
100190
100185
100184
100179
100178
100173
100172
100167
100165
100161
100159
100155
100153
100149
100147
100143
100141
100137
100135
100131
100129
100125
100124
100120
100118
100114
100112
100109
100107
100103
100101
100098
100096
100092
100090
100087
100085
100082
100080
100077
100075
100072
100070
100067
100065
100063
100061
100058
100056
100054
100052
100049
100047
100045
100043
100041
100039
100037
100035
100033
100031
100029
100027
100025
100023
100021
100019
100017
100016
100014
100012
100010
100008
100007
100005
100003
100231
100226
100225
100220
100219
100214
100213
100208
100208
100202
100202
100197
100196
100191
100190
100185
100184
100179
100178
100173
100172
100167
100166
100161
100159
100155
100153
100149
100147
100143
100141
100137
100135
100131
100129
100125
100124
100120
100118
100114
100112
100109
100107
100103
100101
100098
100096
100092
100091
100087
100085
100082
100080
100077
100075
100072
100070
100067
100066
100063
100061
100058
100056
100054
100052
100049
100047
100045
100043
100041
100039
100037
100035
100033
100031
100029
100027
100025
100023
100021
100019
100018
100016
100014
100012
100010
100009
100007
100005
100003
100231
100226
100225
100220
100219
100214
100213
100208
100208
100202
100202
100197
100196
100191
100190
100185
100184
100179
100178
100173
100172
100167
100165
100161
100159
100155
100153
100149
100147
100143
100141
100137
100135
100131
100129
100125
100124
100120
100118
100114
100112
100109
100107
100103
100101
100098
100096
100092
100090
100087
100085
100082
100080
100077
100075
100072
100070
100067
100065
100063
100061
100058
100056
100054
100052
100049
100047
100045
100043
100041
100039
100037
100035
100033
100031
100029
100027
100025
100023
100021
100019
100017
100016
100014
100012
100010
100009
100007
100005
100003
100231
100226
100225
100220
100219
100214
100213
100208
100208
100202
100202
100197
100196
100191
100190
100185
100184
100179
100178
100173
100172
100167
100165
100161
100159
100155
100153
100149
100147
100143
100141
100137
100135
100131
100129
100125
100124
100120
100118
100114
100112
100109
100107
100103
100101
100098
100096
100092
100091
100087
100085
100082
100080
100077
100075
100072
100070
100067
100065
100063
100061
100058
100056
100054
100052
100049
100047
100045
100043
100041
100039
100037
100035
100033
100031
100029
100027
100025
100023
100021
100019
100017
100016
100014
100012
100010
100009
100007
100005
100003
100231
100226
100225
100220
100219
100214
100213
100208
100208
100202
100202
100197
100196
100191
100190
100185
100184
100179
100178
100173
100172
100167
100165
100161
100159
100155
100153
100149
100147
100143
100141
100137
100135
100131
100129
100125
100124
100120
100118
100114
100112
100109
100107
100103
100101
100098
100096
100092
100091
100087
100085
100082
100080
100077
100075
100072
100070
100067
100065
100063
100061
100058
100056
100054
100052
100049
100047
100045
100043
100041
100039
100037
100035
100033
100031
100029
100027
100025
100023
100021
100019
100017
100016
100014
100012
100010
100009
100007
100005
100003
100231
100226
100225
100220
100219
100214
100213
100208
100208
100202
100202
100197
100196
100191
100190
100185
100184
100179
100178
100173
100172
100167
100165
100161
100159
100155
100153
100149
100147
100143
100141
100137
100135
100131
100129
100125
100124
100120
100118
100114
100112
100109
100107
100103
100101
100098
100096
100092
100091
100087
100085
100082
100080
100077
100075
100072
100070
100067
100065
100063
100061
100058
100056
100054
100052
100049
100047
100045
100043
100041
100039
100037
100035
100033
100031
100029
100027
100025
100023
100021
100019
100017
100016
100014
100012
100010
100009
100007
100005
100003
100231
100226
100225
100220
100219
100214
100213
100208
100208
100202
100202
100197
100196
100191
100190
100185
100184
100179
100178
100173
100172
100167
100165
100161
100159
100155
100153
100149
100147
100143
100141
100137
100135
100131
100129
100125
100124
100120
100118
100114
100112
100109
100107
100103
100101
100098
100096
100092
100091
100087
100085
100082
100080
100077
100075
100072
100070
100067
100065
100063
100061
100058
100056
100054
100052
100049
100047
100045
100043
100041
100039
100037
100035
100033
100031
100029
100027
100025
100023
100021
100019
100017
100016
100014
100012
100010
100009
100007
100005
100003
100231
100226
100225
100220
100219
100214
100213
100208
100208
100202
100202
100197
100196
100191
100190
100185
100184
100179
100178
100173
100172
100167
100165
100161
100159
100155
100153
100149
100147
100143
100141
100137
100135
100131
100129
100125
100124
100120
100118
100114
100112
100109
100107
100103
100101
100098
100096
100092
100090
100087
100085
100082
100080
100077
100075
100072
100070
100067
100065
100063
100061
100058
100056
100054
100052
100049
100047
100045
100043
100041
100039
100037
100035
100033
100031
100029
100027
100025
100023
100021
100019
100017
100016
100014
100012
100010
100009
100007
100005
100003
100231
100226
100225
100220
100219
100214
100213
100208
100208
100202
100202
100197
100196
100191
100190
100185
100184
100179
100178
100173
100172
100167
100165
100161
100159
100155
100153
100149
100147
100143
100141
100137
100135
100131
100129
100125
100124
100120
100118
100114
100112
100109
100107
100103
100101
100098
100096
100092
100091
100087
100085
100082
100080
100077
100075
100072
100070
100067
100065
100063
100061
100058
100056
100054
100052
100049
100047
100045
100043
100041
100039
100037
100035
100033
100031
100029
100027
100025
100023
100021
100019
100017
100016
100014
100012
100010
100009
100007
100005
100003
100231
100226
100225
100220
100219
100214
100213
100208
100208
100202
100202
100197
100196
100191
100190
100185
100184
100179
100178
100173
100172
100167
100165
100161
100159
100155
100153
100149
100147
100143
100141
100137
100135
100131
100129
100125
100124
100120
100118
100114
100112
100109
100107
100103
100101
100098
100096
100092
100091
100087
100085
100082
100080
100077
100075
100072
100070
100067
100065
100063
100061
100058
100056
100054
100052
100049
100047
100045
100043
100041
100039
100037
100035
100033
100031
100029
100027
100025
100023
100021
100019
100017
100016
100014
100012
100010
100009
100007
100005
100003
100223
100216
100216
100209
100209
100202
100202
100196
100196
100189
100189
100182
100182
100176
100175
100169
100169
100163
100162
100157
100155
100150
100149
100144
100143
100138
100136
100132
100130
100126
100124
100120
100118
100114
100112
100108
100106
100102
100101
100097
100095
100091
100089
100086
100084
100080
100078
100075
100073
100070
100068
100065
100063
100060
100058
100055
100053
100050
100048
100045
100043
100041
100039
100036
100034
100032
100030
100027
100026
100023
100021
100019
100017
100015
100013
100011
100010
100008
100006
100004
100002
100000
99998.5
99996.6
99994.8
99993
99991.2
99989.4
99987.4
99985.6
100255
100249
100249
100243
100243
100236
100236
100230
100229
100223
100223
100217
100216
100210
100209
100204
100203
100197
100196
100191
100190
100185
100183
100178
100177
100172
100171
100166
100165
100160
100159
100154
100153
100148
100147
100143
100141
100137
100135
100131
100129
100126
100124
100120
100118
100115
100113
100109
100108
100104
100102
100099
100097
100094
100092
100089
100087
100084
100082
100080
100078
100075
100073
100071
100069
100066
100064
100062
100060
100058
100056
100054
100052
100050
100048
100046
100044
100042
100040
100038
100037
100035
100033
100031
100029
100027
100026
100024
100022
100020
100231
100223
100223
100217
100217
100210
100210
100203
100203
100197
100196
100190
100190
100184
100183
100177
100176
100171
100170
100164
100163
100158
100157
100152
100150
100146
100144
100140
100138
100134
100132
100128
100126
100122
100120
100116
100114
100110
100108
100104
100103
100099
100097
100093
100092
100088
100086
100083
100081
100078
100076
100072
100070
100067
100065
100062
100061
100058
100056
100053
100051
100048
100046
100044
100042
100039
100038
100035
100033
100031
100029
100027
100025
100023
100021
100019
100017
100015
100014
100012
100010
100008
100006
100004
100003
100001
99998.9
99997.1
99995.2
99993.4
100249
100242
100243
100236
100236
100229
100230
100223
100223
100216
100216
100210
100209
100203
100203
100197
100196
100191
100190
100184
100183
100178
100177
100172
100170
100166
100164
100159
100158
100153
100152
100147
100146
100142
100140
100136
100134
100130
100128
100124
100123
100119
100117
100113
100111
100108
100106
100103
100101
100097
100096
100092
100090
100087
100085
100082
100080
100078
100076
100073
100071
100068
100066
100064
100062
100059
100058
100055
100053
100051
100049
100047
100045
100043
100041
100039
100037
100035
100033
100031
100030
100028
100026
100024
100022
100021
100019
100017
100015
100013
100237
100230
100230
100223
100223
100216
100217
100210
100210
100203
100203
100197
100196
100190
100189
100184
100183
100177
100176
100171
100170
100165
100163
100158
100157
100152
100151
100146
100145
100140
100139
100134
100133
100128
100127
100122
100121
100117
100115
100111
100109
100106
100104
100100
100098
100095
100093
100089
100087
100084
100082
100079
100077
100074
100072
100069
100067
100064
100062
100060
100058
100055
100053
100050
100049
100046
100044
100042
100040
100038
100036
100034
100032
100030
100028
100026
100024
100022
100020
100018
100016
100015
100013
100011
100009
100007
100006
100004
100002
100000
100243
100236
100236
100230
100230
100223
100223
100217
100216
100210
100210
100203
100203
100197
100196
100191
100190
100184
100183
100178
100177
100171
100170
100165
100164
100159
100158
100153
100151
100147
100145
100141
100139
100135
100133
100129
100128
100124
100122
100118
100116
100112
100111
100107
100105
100102
100100
100096
100094
100091
100089
100086
100084
100081
100079
100076
100074
100071
100069
100066
100065
100062
100060
100057
100055
100053
100051
100049
100047
100044
100043
100040
100039
100036
100035
100033
100031
100029
100027
100025
100023
100021
100020
100018
100016
100014
100012
100011
100009
100007
100243
100236
100236
100229
100230
100223
100223
100216
100216
100210
100209
100203
100202
100196
100196
100190
100189
100184
100183
100177
100176
100171
100170
100165
100163
100159
100157
100152
100151
100146
100145
100141
100139
100135
100133
100129
100127
100123
100121
100117
100116
100112
100110
100106
100105
100101
100099
100096
100094
100090
100089
100085
100083
100080
100078
100075
100074
100071
100069
100066
100064
100061
100059
100057
100055
100052
100051
100048
100046
100044
100042
100040
100038
100036
100034
100032
100030
100028
100027
100025
100023
100021
100019
100017
100016
100014
100012
100010
100008
100006
100237
100230
100230
100223
100224
100217
100217
100210
100210
100204
100203
100197
100197
100191
100190
100184
100183
100178
100177
100171
100170
100165
100164
100159
100158
100153
100151
100147
100145
100141
100139
100135
100133
100129
100127
100123
100121
100117
100115
100112
100110
100106
100104
100101
100099
100095
100093
100090
100088
100085
100083
100079
100078
100074
100073
100070
100068
100065
100063
100060
100058
100055
100054
100051
100049
100047
100045
100042
100040
100038
100036
100034
100032
100030
100028
100026
100024
100022
100021
100019
100017
100015
100013
100011
100010
100008
100006
100004
100002
100000
100249
100242
100242
100236
100236
100229
100229
100222
100222
100216
100216
100209
100209
100203
100202
100196
100195
100190
100189
100184
100182
100177
100176
100171
100170
100165
100164
100159
100157
100153
100151
100147
100145
100141
100139
100135
100133
100129
100128
100124
100122
100118
100116
100113
100111
100107
100105
100102
100100
100097
100095
100092
100090
100087
100085
100082
100080
100077
100075
100072
100070
100068
100066
100063
100061
100059
100057
100055
100053
100050
100049
100046
100044
100042
100041
100038
100037
100035
100033
100031
100029
100027
100026
100024
100022
100020
100018
100016
100014
100013
100231
100223
100224
100217
100217
100210
100210
100204
100204
100197
100197
100191
100190
100184
100183
100178
100177
100171
100170
100165
100164
100158
100157
100152
100151
100146
100145
100140
100138
100134
100132
100128
100126
100122
100120
100116
100115
100111
100109
100105
100103
100099
100098
100094
100092
100088
100087
100083
100081
100078
100076
100073
100071
100068
100066
100063
100061
100058
100056
100053
100052
100049
100047
100044
100042
100040
100038
100036
100034
100031
100030
100027
100026
100023
100022
100020
100018
100016
100014
100012
100010
100008
100007
100005
100003
100001
99999.4
99997.6
99995.6
99993.8
100255
100249
100249
100242
100242
100236
100236
100229
100229
100223
100222
100216
100215
100209
100209
100203
100202
100197
100196
100190
100189
100184
100183
100178
100176
100172
100170
100166
100164
100160
100158
100154
100152
100148
100146
100142
100140
100136
100134
100130
100129
100125
100123
100119
100118
100114
100112
100109
100107
100104
100102
100098
100096
100093
100091
100088
100087
100084
100082
100079
100077
100074
100072
100070
100068
100065
100064
100061
100059
100057
100055
100053
100051
100049
100047
100045
100043
100041
100040
100038
100036
100034
100032
100030
100029
100027
100025
100023
100021
100019
100223
100216
100216
100209
100209
100203
100203
100196
100196
100189
100189
100183
100182
100176
100176
100170
100169
100163
100162
100157
100156
100151
100150
100145
100143
100138
100137
100132
100131
100126
100125
100120
100119
100114
100113
100109
100107
100103
100101
100097
100095
100092
100090
100086
100084
100081
100079
100075
100074
100070
100068
100065
100063
100060
100058
100055
100053
100050
100048
100046
100044
100041
100039
100037
100035
100032
100030
100028
100026
100024
100022
100020
100018
100016
100014
100012
100010
100008
100006
100004
100003
100001
99998.9
99997
99995.3
99993.5
99991.6
99989.8
99987.9
99986.1
100277
100265
100267
100256
100257
100248
100248
100240
100240
100232
100232
100225
100225
100218
100217
100211
100210
100204
100203
100198
100196
100191
100190
100185
100183
100178
100177
100172
100171
100166
100164
100160
100158
100154
100152
100148
100146
100142
100141
100137
100135
100131
100129
100126
100124
100120
100118
100115
100113
100110
100108
100104
100103
100099
100098
100094
100093
100090
100088
100085
100083
100080
100079
100076
100074
100072
100070
100067
100065
100063
100061
100059
100057
100055
100053
100051
100049
100047
100046
100044
100042
100040
100039
100037
100035
100033
100032
100030
100028
100027
100243
100230
100231
100220
100221
100212
100212
100204
100204
100196
100196
100189
100188
100182
100181
100175
100174
100168
100167
100161
100160
100154
100153
100148
100147
100142
100140
100135
100134
100129
100128
100123
100122
100117
100116
100111
100110
100106
100104
100100
100098
100094
100092
100089
100087
100083
100082
100078
100076
100073
100071
100068
100066
100063
100061
100058
100056
100053
100051
100048
100046
100044
100042
100039
100037
100035
100033
100031
100029
100026
100025
100022
100021
100018
100017
100015
100013
100011
100009
100007
100005
100004
100002
100000
99998.4
99996.6
99995.1
99993.2
99991.9
99990.2
100262
100250
100252
100241
100242
100232
100233
100224
100224
100217
100217
100209
100209
100202
100202
100195
100194
100189
100187
100182
100181
100175
100174
100169
100168
100163
100161
100156
100155
100150
100149
100144
100143
100138
100136
100132
100131
100127
100125
100121
100119
100115
100113
100110
100108
100104
100102
100099
100097
100094
100092
100089
100087
100084
100082
100079
100077
100074
100072
100069
100067
100065
100063
100060
100058
100056
100054
100052
100050
100047
100046
100043
100042
100039
100038
100035
100034
100032
100030
100028
100026
100024
100023
100021
100019
100018
100016
100014
100013
100011
100247
100234
100235
100225
100226
100216
100216
100208
100208
100200
100200
100193
100192
100186
100185
100179
100178
100172
100171
100165
100164
100159
100157
100152
100151
100146
100144
100140
100138
100134
100132
100127
100126
100122
100120
100116
100114
100110
100108
100104
100102
100099
100097
100093
100091
100088
100086
100082
100080
100077
100075
100072
100070
100067
100065
100062
100060
100057
100055
100053
100051
100048
100046
100044
100042
100039
100037
100035
100033
100031
100029
100027
100025
100023
100021
100019
100017
100015
100013
100011
100010
100008
100006
100004
100003
100001
99999.3
99997.5
99996.2
99994.5
100257
100244
100246
100235
100236
100227
100227
100219
100219
100211
100211
100204
100203
100197
100196
100190
100189
100183
100182
100176
100175
100170
100168
100163
100162
100157
100156
100151
100149
100145
100143
100139
100137
100133
100131
100127
100125
100121
100119
100115
100113
100110
100108
100104
100102
100099
100097
100093
100092
100088
100086
100083
100081
100078
100076
100073
100071
100068
100066
100064
100062
100059
100057
100055
100053
100050
100048
100046
100044
100042
100040
100038
100036
100034
100032
100030
100028
100026
100024
100022
100021
100019
100017
100015
100014
100012
100010
100009
100007
100006
100252
100239
100241
100230
100231
100221
100222
100213
100213
100206
100205
100198
100198
100191
100190
100184
100183
100177
100176
100171
100169
100164
100163
100158
100156
100151
100150
100145
100144
100139
100137
100133
100131
100127
100125
100121
100119
100115
100114
100110
100108
100104
100102
100099
100097
100093
100091
100088
100086
100083
100081
100077
100076
100072
100071
100068
100066
100063
100061
100058
100056
100053
100052
100049
100047
100045
100043
100040
100038
100036
100034
100032
100030
100028
100026
100024
100023
100020
100019
100017
100015
100013
100012
100010
100008
100006
100005
100003
100002
99999.9
100252
100239
100241
100230
100231
100222
100222
100214
100214
100206
100206
100199
100198
100192
100191
100185
100184
100178
100177
100171
100170
100165
100163
100158
100157
100152
100150
100146
100144
100139
100138
100133
100132
100127
100126
100122
100120
100116
100114
100110
100108
100105
100103
100099
100097
100094
100092
100088
100086
100083
100081
100078
100076
100073
100071
100068
100066
100063
100061
100058
100057
100054
100052
100049
100048
100045
100043
100041
100039
100037
100035
100033
100031
100029
100027
100025
100023
100021
100019
100017
100016
100014
100012
100010
100009
100007
100005
100003
100002
100000
100257
100244
100246
100235
100236
100227
100227
100219
100219
100211
100211
100204
100203
100196
100196
100189
100188
100183
100181
100176
100175
100169
100168
100163
100161
100157
100155
100150
100149
100144
100143
100138
100136
100132
100130
100126
100125
100121
100119
100115
100113
100109
100107
100104
100102
100098
100096
100093
100091
100088
100086
100083
100081
100078
100076
100073
100071
100068
100066
100063
100061
100059
100057
100054
100052
100050
100048
100046
100044
100041
100040
100037
100036
100033
100032
100029
100028
100026
100024
100022
100020
100018
100017
100015
100013
100012
100010
100008
100007
100005
100247
100234
100236
100225
100226
100216
100217
100208
100209
100201
100201
100193
100193
100186
100186
100179
100178
100172
100171
100166
100165
100159
100158
100153
100151
100146
100145
100140
100139
100134
100132
100128
100126
100122
100120
100116
100114
100110
100109
100105
100103
100099
100097
100094
100092
100088
100086
100083
100081
100078
100076
100073
100071
100068
100066
100063
100061
100058
100056
100053
100051
100049
100047
100044
100042
100040
100038
100035
100034
100031
100029
100027
100025
100023
100021
100019
100018
100016
100014
100012
100010
100008
100007
100005
100003
100001
99999.9
99998.1
99996.7
99995
100262
100250
100251
100241
100242
100232
100233
100224
100224
100216
100216
100209
100209
100202
100201
100195
100194
100188
100187
100181
100180
100175
100174
100168
100167
100162
100161
100156
100154
100150
100148
100144
100142
100138
100136
100132
100130
100126
100124
100120
100119
100115
100113
100109
100107
100104
100102
100099
100097
100093
100091
100088
100086
100083
100081
100078
100076
100074
100072
100069
100067
100064
100062
100060
100058
100055
100054
100051
100049
100047
100045
100043
100041
100039
100037
100035
100033
100031
100030
100028
100026
100024
100022
100021
100019
100017
100016
100014
100012
100011
100243
100230
100231
100221
100222
100212
100213
100204
100204
100197
100196
100189
100189
100182
100181
100175
100174
100168
100167
100162
100160
100155
100154
100149
100147
100142
100141
100136
100134
100130
100128
100124
100122
100118
100116
100112
100110
100106
100104
100101
100099
100095
100093
100089
100088
100084
100082
100079
100077
100073
100072
100068
100066
100063
100061
100058
100057
100054
100052
100049
100047
100044
100042
100040
100038
100035
100034
100031
100029
100027
100025
100023
100021
100019
100017
100015
100013
100011
100010
100008
100006
100004
100002
100001
99999
99997.2
99995.7
99993.8
99992.4
99990.8
100277
100265
100267
100256
100257
100247
100248
100239
100239
100232
100231
100224
100224
100217
100217
100210
100209
100204
100202
100197
100196
100190
100189
100184
100183
100178
100176
100171
100170
100165
100164
100159
100158
100153
100152
100147
100146
100142
100140
100136
100134
100130
100128
100125
100123
100119
100118
100114
100112
100109
100107
100104
100102
100099
100097
100094
100092
100089
100087
100084
100082
100080
100078
100075
100073
100071
100069
100067
100065
100062
100061
100058
100057
100054
100053
100051
100049
100047
100045
100043
100041
100039
100038
100036
100034
100033
100031
100029
100028
100026
)
;

boundaryField
{
    upperWall
    {
        type            zeroGradient;
    }
    lowerWall
    {
        type            zeroGradient;
    }
    heatedWall
    {
        type            zeroGradient;
    }
    inlet
    {
        type            zeroGradient;
    }
    outlet
    {
        type            waveTransmissive;
        gamma           1.3;
        fieldInf        100000;
        lInf            0.3;
        value           nonuniform List<scalar> 
72
(
100020
99992.6
100008
99995.8
100004
99999.9
100000
100004
99996.2
100008
99993.1
100020
99989.2
100015
99995
100010
100000
100005
100005
100000
100009
99995.3
100014
99989.5
100002
100002
100002
100002
100002
100002
100002
100002
100002
100002
100002
100002
100002
100002
100002
100002
100002
100002
100002
100002
100002
100002
100002
100002
99989.2
100015
99995
100010
100000
100005
100005
100000
100009
99995.3
100014
99989.5
100020
99992.6
100008
99995.8
100004
99999.9
100000
100004
99996.2
100008
99993.1
100020
)
;
    }
    frontAndBack
    {
        type            empty;
    }
}


// ************************************************************************* //
