/*--------------------------------*- C++ -*----------------------------------*\
  =========                 |
  \\      /  F ield         | OpenFOAM: The Open Source CFD Toolbox
   \\    /   O peration     | Website:  https://openfoam.org
    \\  /    A nd           | Version:  7
     \\/     M anipulation  |
\*---------------------------------------------------------------------------*/
FoamFile
{
    version     2.0;
    format      ascii;
    class       volScalarField;
    location    "0.84";
    object      pMean;
}
// * * * * * * * * * * * * * * * * * * * * * * * * * * * * * * * * * * * * * //

dimensions      [1 -1 -2 0 0 0 0];

internalField   nonuniform List<scalar> 
7920
(
100695
100678
100685
100674
100679
100671
100675
100668
100671
100665
100668
100662
100664
100660
100661
100657
100658
100654
100655
100651
100679
100665
100672
100661
100667
100658
100663
100655
100659
100652
100655
100650
100652
100647
100649
100644
100645
100642
100642
100639
100687
100673
100679
100668
100674
100665
100670
100662
100666
100660
100662
100657
100659
100654
100656
100651
100652
100649
100649
100646
100680
100667
100674
100663
100668
100660
100664
100657
100660
100654
100657
100651
100653
100649
100650
100646
100647
100643
100644
100640
100684
100671
100677
100666
100672
100663
100668
100660
100664
100658
100661
100655
100657
100652
100654
100650
100651
100647
100647
100644
100681
100669
100676
100665
100670
100661
100666
100659
100662
100656
100659
100653
100655
100650
100652
100648
100649
100645
100645
100642
100681
100669
100676
100665
100670
100661
100666
100659
100662
100656
100659
100653
100655
100650
100652
100648
100649
100645
100645
100642
100684
100671
100677
100666
100672
100663
100668
100660
100664
100658
100661
100655
100657
100652
100654
100650
100651
100647
100647
100644
100680
100667
100674
100663
100668
100660
100664
100657
100660
100654
100657
100651
100653
100649
100650
100646
100647
100643
100644
100640
100687
100673
100679
100668
100674
100665
100670
100662
100666
100660
100662
100657
100659
100654
100656
100651
100652
100649
100649
100646
100679
100665
100672
100661
100667
100658
100663
100655
100659
100652
100655
100650
100652
100647
100649
100644
100645
100642
100642
100639
100695
100678
100685
100674
100679
100671
100675
100668
100671
100665
100668
100662
100664
100660
100661
100657
100658
100654
100655
100651
100660
100661
100655
100656
100652
100652
100649
100649
100647
100646
100645
100644
100642
100641
100640
100639
100638
100636
100636
100635
100671
100673
100667
100668
100663
100664
100661
100661
100658
100658
100656
100655
100654
100653
100652
100650
100649
100648
100647
100646
100662
100664
100657
100658
100654
100655
100652
100652
100649
100649
100647
100646
100645
100644
100643
100641
100640
100639
100638
100637
100668
100670
100664
100665
100661
100662
100659
100659
100656
100656
100654
100653
100652
100650
100649
100648
100647
100646
100645
100644
100664
100666
100660
100661
100657
100657
100654
100654
100652
100651
100649
100648
100647
100646
100645
100644
100643
100641
100640
100639
100666
100668
100662
100663
100659
100659
100656
100656
100654
100653
100652
100651
100649
100648
100647
100646
100645
100643
100643
100642
100666
100668
100662
100663
100659
100659
100656
100656
100654
100653
100652
100651
100649
100648
100647
100646
100645
100643
100643
100642
100664
100666
100660
100661
100657
100657
100654
100654
100652
100651
100649
100648
100647
100646
100645
100644
100643
100641
100640
100639
100668
100670
100664
100665
100661
100662
100659
100659
100656
100656
100654
100653
100652
100650
100649
100648
100647
100646
100645
100644
100662
100664
100657
100658
100654
100655
100652
100652
100649
100649
100647
100646
100645
100644
100643
100641
100640
100639
100638
100637
100671
100673
100667
100668
100663
100664
100661
100661
100658
100658
100656
100655
100654
100653
100652
100650
100649
100648
100647
100646
100660
100661
100655
100656
100652
100652
100649
100649
100647
100646
100645
100644
100642
100641
100640
100639
100638
100636
100636
100635
100651
100649
100648
100646
100645
100643
100642
100641
100640
100638
100637
100636
100635
100634
100633
100632
100631
100629
100628
100627
100651
100649
100648
100646
100645
100643
100642
100641
100640
100638
100638
100636
100635
100634
100633
100632
100631
100629
100628
100627
100651
100649
100648
100646
100645
100643
100642
100641
100640
100638
100637
100636
100635
100634
100633
100632
100631
100629
100628
100627
100651
100649
100648
100646
100645
100643
100642
100641
100640
100638
100638
100636
100635
100634
100633
100632
100631
100629
100628
100627
100651
100649
100648
100646
100645
100643
100642
100641
100640
100638
100638
100636
100635
100634
100633
100632
100631
100629
100628
100627
100651
100649
100648
100646
100645
100643
100642
100641
100640
100638
100638
100636
100635
100634
100633
100632
100631
100629
100628
100627
100651
100649
100648
100646
100645
100643
100642
100641
100640
100638
100638
100636
100635
100634
100633
100632
100631
100629
100628
100627
100651
100649
100648
100646
100645
100643
100642
100641
100640
100638
100638
100636
100635
100634
100633
100632
100631
100629
100628
100627
100651
100649
100648
100646
100645
100643
100642
100641
100640
100638
100638
100636
100635
100634
100633
100632
100631
100629
100628
100627
100651
100649
100648
100646
100645
100643
100642
100641
100640
100638
100637
100636
100635
100634
100633
100632
100631
100629
100628
100627
100651
100649
100648
100646
100645
100643
100642
100641
100640
100638
100638
100636
100635
100634
100633
100632
100631
100629
100628
100627
100651
100649
100648
100646
100645
100643
100642
100641
100640
100638
100637
100636
100635
100634
100633
100632
100631
100629
100628
100627
100651
100649
100648
100646
100645
100643
100642
100641
100640
100638
100637
100636
100635
100634
100633
100632
100631
100629
100628
100627
100651
100649
100648
100646
100645
100643
100642
100641
100640
100638
100638
100636
100635
100634
100633
100632
100631
100629
100628
100627
100651
100649
100648
100646
100645
100643
100642
100641
100640
100638
100637
100636
100635
100634
100633
100632
100631
100629
100628
100627
100651
100649
100648
100646
100645
100643
100642
100641
100640
100638
100638
100636
100635
100634
100633
100632
100631
100629
100628
100627
100651
100649
100648
100646
100645
100643
100642
100641
100640
100638
100638
100636
100635
100634
100633
100632
100631
100629
100628
100627
100651
100649
100648
100646
100645
100643
100642
100641
100640
100638
100638
100636
100635
100634
100633
100632
100631
100629
100628
100627
100651
100649
100648
100646
100645
100643
100642
100641
100640
100638
100638
100636
100635
100634
100633
100632
100631
100629
100628
100627
100651
100649
100648
100646
100645
100643
100642
100641
100640
100638
100638
100636
100635
100634
100633
100632
100631
100629
100628
100627
100651
100649
100648
100646
100645
100643
100642
100641
100640
100638
100638
100636
100635
100634
100633
100632
100631
100629
100628
100627
100651
100649
100648
100646
100645
100643
100642
100641
100640
100638
100637
100636
100635
100634
100633
100632
100631
100629
100628
100627
100651
100649
100648
100646
100645
100643
100642
100641
100640
100638
100638
100636
100635
100634
100633
100632
100631
100629
100628
100627
100651
100649
100648
100646
100645
100643
100642
100641
100640
100638
100637
100636
100635
100634
100633
100632
100631
100629
100628
100627
100660
100661
100655
100656
100652
100652
100649
100649
100647
100646
100645
100644
100642
100641
100640
100639
100638
100636
100636
100635
100671
100673
100667
100668
100663
100664
100661
100661
100658
100658
100656
100655
100654
100653
100652
100650
100649
100648
100647
100646
100662
100664
100657
100658
100654
100655
100652
100652
100649
100649
100647
100646
100645
100644
100643
100641
100640
100639
100638
100637
100668
100670
100664
100665
100661
100662
100659
100659
100656
100656
100654
100653
100652
100650
100649
100648
100647
100646
100645
100644
100664
100666
100660
100661
100657
100657
100654
100654
100652
100651
100649
100648
100647
100646
100645
100644
100643
100641
100640
100639
100666
100668
100662
100663
100659
100659
100656
100656
100654
100653
100652
100651
100649
100648
100647
100646
100645
100643
100643
100642
100666
100668
100662
100663
100659
100659
100656
100656
100654
100653
100652
100651
100649
100648
100647
100646
100645
100643
100643
100642
100664
100666
100660
100661
100657
100657
100654
100654
100652
100651
100649
100648
100647
100646
100645
100644
100643
100641
100640
100639
100668
100670
100664
100665
100661
100662
100659
100659
100656
100656
100654
100653
100652
100650
100649
100648
100647
100646
100645
100644
100662
100664
100657
100658
100654
100655
100652
100652
100649
100649
100647
100646
100645
100644
100643
100641
100640
100639
100638
100637
100671
100673
100667
100668
100663
100664
100661
100661
100658
100658
100656
100655
100654
100653
100652
100650
100649
100648
100647
100646
100660
100661
100655
100656
100652
100652
100649
100649
100647
100646
100645
100644
100642
100641
100640
100639
100638
100636
100636
100635
100695
100678
100685
100674
100679
100671
100675
100668
100671
100665
100668
100662
100664
100660
100661
100657
100658
100654
100655
100651
100679
100665
100672
100661
100667
100658
100663
100655
100659
100652
100655
100650
100652
100647
100649
100644
100645
100642
100642
100639
100687
100673
100679
100668
100674
100665
100670
100662
100666
100660
100662
100657
100659
100654
100656
100651
100652
100649
100649
100646
100680
100667
100674
100663
100668
100660
100664
100657
100660
100654
100657
100651
100653
100649
100650
100646
100647
100643
100644
100640
100684
100671
100677
100666
100672
100663
100668
100660
100664
100658
100661
100655
100657
100652
100654
100650
100651
100647
100647
100644
100681
100669
100676
100665
100670
100661
100666
100659
100662
100656
100659
100653
100655
100650
100652
100648
100649
100645
100645
100642
100681
100669
100676
100665
100670
100661
100666
100659
100662
100656
100659
100653
100655
100650
100652
100648
100649
100645
100645
100642
100684
100671
100677
100666
100672
100663
100668
100660
100664
100658
100661
100655
100657
100652
100654
100650
100651
100647
100647
100644
100680
100667
100674
100663
100668
100660
100664
100657
100660
100654
100657
100651
100653
100649
100650
100646
100647
100643
100644
100640
100687
100673
100679
100668
100674
100665
100670
100662
100666
100660
100662
100657
100659
100654
100656
100651
100652
100649
100649
100646
100679
100665
100672
100661
100667
100658
100663
100655
100659
100652
100655
100650
100652
100647
100649
100644
100645
100642
100642
100639
100695
100678
100685
100674
100679
100671
100675
100668
100671
100665
100668
100662
100664
100660
100661
100657
100658
100654
100655
100651
100671
100654
100654
100639
100638
100624
100623
100610
100608
100596
100593
100582
100579
100568
100565
100554
100551
100540
100537
100527
100523
100513
100509
100499
100495
100486
100481
100472
100467
100458
100453
100445
100439
100431
100426
100417
100412
100403
100398
100389
100384
100376
100370
100362
100356
100348
100342
100334
100328
100320
100314
100306
100300
100292
100285
100278
100271
100264
100257
100250
100243
100235
100229
100221
100215
100207
100200
100193
100186
100179
100172
100164
100158
100150
100143
100136
100129
100122
100115
100108
100101
100093
100086
100079
100072
100065
100058
100051
100044
100037
100637
100619
100619
100603
100602
100588
100587
100574
100572
100560
100558
100546
100543
100532
100529
100518
100515
100505
100501
100491
100487
100477
100473
100464
100459
100450
100446
100436
100432
100423
100418
100409
100404
100395
100390
100381
100376
100368
100362
100354
100348
100340
100334
100326
100320
100312
100306
100298
100292
100284
100278
100270
100264
100256
100250
100242
100236
100228
100222
100214
100208
100200
100193
100186
100179
100172
100165
100157
100151
100143
100136
100129
100122
100115
100108
100101
100094
100086
100079
100072
100065
100058
100051
100044
100037
100029
100022
100015
100008
100001
100656
100639
100639
100623
100623
100609
100607
100594
100592
100580
100578
100566
100563
100552
100549
100539
100535
100525
100521
100511
100507
100498
100493
100484
100479
100470
100466
100457
100452
100443
100438
100429
100424
100415
100410
100402
100396
100388
100382
100374
100368
100360
100354
100346
100340
100332
100326
100318
100312
100304
100298
100290
100284
100276
100270
100262
100256
100248
100242
100234
100228
100220
100213
100206
100199
100192
100185
100178
100171
100163
100157
100149
100142
100135
100128
100121
100114
100106
100099
100092
100085
100078
100071
100064
100057
100050
100043
100035
100028
100021
100641
100623
100623
100607
100607
100593
100591
100578
100576
100564
100562
100550
100547
100536
100533
100523
100519
100509
100505
100495
100491
100482
100477
100468
100463
100454
100450
100441
100436
100427
100422
100413
100408
100399
100394
100386
100380
100372
100366
100358
100352
100344
100338
100330
100324
100316
100310
100302
100296
100288
100282
100274
100268
100260
100254
100246
100240
100232
100226
100218
100212
100204
100197
100190
100183
100176
100169
100162
100155
100147
100141
100133
100126
100119
100112
100105
100098
100090
100084
100076
100069
100062
100055
100048
100041
100034
100027
100019
100013
100006
100650
100633
100633
100618
100617
100603
100602
100589
100587
100575
100572
100561
100558
100547
100544
100533
100530
100519
100516
100506
100502
100492
100488
100478
100474
100465
100460
100451
100446
100437
100432
100424
100419
100410
100405
100396
100391
100382
100377
100369
100363
100355
100349
100341
100335
100327
100321
100313
100307
100299
100293
100285
100279
100271
100265
100257
100251
100243
100236
100229
100222
100215
100208
100200
100194
100186
100180
100172
100165
100158
100151
100144
100137
100129
100123
100115
100108
100101
100094
100087
100080
100073
100066
100058
100051
100044
100037
100030
100023
100016
100646
100628
100628
100613
100612
100598
100596
100583
100581
100569
100567
100555
100553
100542
100538
100528
100524
100514
100510
100500
100496
100487
100483
100473
100469
100459
100455
100446
100441
100432
100427
100418
100413
100405
100399
100391
100385
100377
100372
100363
100358
100349
100344
100335
100330
100322
100316
100308
100302
100294
100288
100280
100273
100266
100259
100252
100245
100237
100231
100223
100217
100209
100203
100195
100188
100181
100174
100167
100160
100153
100146
100138
100132
100124
100117
100110
100103
100096
100089
100081
100074
100067
100060
100053
100046
100039
100032
100025
100018
100011
100646
100628
100628
100613
100612
100598
100597
100584
100582
100570
100567
100556
100553
100542
100539
100528
100525
100514
100511
100501
100497
100487
100483
100473
100469
100460
100455
100446
100441
100432
100427
100419
100414
100405
100400
100391
100386
100377
100372
100363
100358
100350
100344
100336
100330
100322
100316
100308
100302
100294
100288
100280
100274
100266
100260
100252
100245
100238
100231
100224
100217
100209
100203
100195
100189
100181
100175
100167
100160
100153
100146
100139
100132
100124
100118
100110
100103
100096
100089
100082
100075
100067
100060
100053
100046
100039
100032
100025
100018
100011
100650
100633
100633
100618
100617
100603
100601
100589
100587
100574
100572
100560
100558
100547
100543
100533
100529
100519
100515
100505
100502
100492
100488
100478
100474
100465
100460
100451
100446
100437
100432
100423
100418
100410
100404
100396
100391
100382
100377
100368
100363
100354
100349
100341
100335
100327
100321
100313
100307
100299
100293
100285
100279
100271
100264
100257
100250
100243
100236
100228
100222
100214
100208
100200
100194
100186
100179
100172
100165
100158
100151
100143
100137
100129
100122
100115
100108
100101
100094
100087
100080
100072
100065
100058
100051
100044
100037
100030
100023
100016
100641
100623
100623
100608
100607
100593
100591
100578
100576
100564
100562
100550
100548
100537
100533
100523
100519
100509
100505
100495
100491
100482
100478
100468
100464
100454
100450
100441
100436
100427
100422
100413
100408
100400
100394
100386
100381
100372
100367
100358
100353
100344
100339
100331
100325
100317
100311
100303
100297
100289
100283
100275
100268
100261
100254
100247
100240
100233
100226
100218
100212
100204
100198
100190
100184
100176
100169
100162
100155
100148
100141
100133
100127
100119
100112
100105
100098
100091
100084
100076
100070
100062
100055
100048
100041
100034
100027
100020
100013
100006
100656
100638
100639
100623
100622
100608
100607
100594
100592
100580
100577
100566
100563
100552
100549
100538
100535
100525
100521
100511
100507
100497
100493
100484
100479
100470
100465
100456
100452
100443
100438
100429
100424
100415
100410
100401
100396
100388
100382
100374
100368
100360
100354
100346
100340
100332
100326
100318
100312
100304
100298
100290
100284
100276
100270
100262
100256
100248
100242
100234
100227
100220
100213
100206
100199
100191
100185
100177
100171
100163
100156
100149
100142
100135
100128
100120
100114
100106
100099
100092
100085
100078
100071
100064
100057
100049
100042
100035
100028
100021
100637
100619
100619
100603
100603
100589
100587
100574
100572
100560
100558
100546
100543
100532
100529
100519
100515
100505
100501
100491
100487
100478
100473
100464
100460
100450
100446
100437
100432
100423
100418
100409
100404
100396
100390
100382
100376
100368
100362
100354
100349
100340
100335
100326
100321
100312
100307
100299
100292
100285
100278
100271
100264
100257
100250
100242
100236
100228
100222
100214
100208
100200
100194
100186
100179
100172
100165
100158
100151
100143
100137
100129
100122
100115
100108
100101
100094
100087
100080
100072
100065
100058
100051
100044
100037
100030
100023
100016
100009
100002
100671
100654
100654
100638
100638
100624
100622
100609
100607
100595
100593
100581
100578
100567
100564
100554
100550
100540
100536
100526
100522
100513
100508
100499
100495
100485
100481
100472
100467
100458
100453
100444
100439
100430
100425
100417
100411
100403
100397
100389
100383
100375
100369
100361
100355
100347
100341
100333
100327
100319
100313
100305
100299
100291
100285
100277
100271
100263
100257
100249
100243
100235
100228
100221
100214
100207
100200
100193
100186
100178
100172
100164
100157
100150
100143
100136
100129
100121
100114
100107
100100
100093
100086
100079
100072
100065
100058
100050
100043
100036
100617
100605
100604
100592
100591
100579
100577
100566
100564
100553
100551
100540
100537
100527
100524
100514
100510
100500
100497
100487
100483
100473
100469
100460
100456
100446
100442
100433
100428
100419
100414
100406
100401
100392
100387
100378
100373
100365
100359
100351
100345
100337
100331
100323
100317
100309
100303
100295
100289
100281
100275
100267
100261
100253
100247
100239
100233
100225
100219
100211
100205
100197
100190
100183
100176
100169
100162
100154
100148
100140
100133
100126
100119
100112
100105
100097
100091
100083
100076
100069
100062
100055
100048
100040
100033
100026
100019
100012
100005
99997.4
100650
100638
100637
100625
100624
100613
100611
100600
100597
100587
100584
100573
100571
100560
100557
100547
100544
100534
100530
100520
100516
100507
100503
100493
100489
100480
100475
100466
100462
100453
100448
100439
100434
100425
100420
100412
100406
100398
100392
100384
100379
100370
100365
100356
100351
100343
100337
100329
100323
100315
100308
100301
100294
100287
100280
100272
100266
100258
100252
100244
100238
100230
100224
100216
100209
100202
100195
100188
100181
100173
100167
100159
100152
100145
100138
100131
100124
100116
100109
100102
100095
100088
100081
100074
100067
100059
100052
100045
100038
100031
100625
100612
100611
100600
100598
100587
100585
100574
100572
100561
100558
100548
100545
100534
100531
100521
100518
100508
100504
100495
100491
100481
100477
100468
100463
100454
100450
100441
100436
100427
100422
100413
100408
100400
100395
100386
100381
100372
100367
100358
100353
100345
100339
100331
100325
100317
100311
100303
100297
100289
100283
100275
100269
100261
100255
100247
100240
100233
100226
100219
100212
100205
100198
100190
100184
100176
100170
100162
100155
100148
100141
100134
100127
100119
100112
100105
100098
100091
100084
100077
100070
100062
100055
100048
100041
100034
100027
100019
100012
100005
100643
100631
100630
100619
100617
100606
100604
100593
100591
100580
100578
100567
100564
100554
100551
100540
100537
100527
100523
100514
100510
100500
100496
100487
100482
100473
100469
100460
100455
100446
100441
100433
100427
100419
100414
100405
100400
100391
100386
100378
100372
100364
100358
100350
100344
100336
100330
100322
100316
100308
100302
100294
100288
100280
100274
100266
100260
100252
100245
100238
100231
100224
100217
100209
100203
100195
100189
100181
100174
100167
100160
100153
100146
100138
100132
100124
100117
100110
100103
100096
100089
100081
100074
100067
100060
100053
100046
100039
100031
100024
100631
100619
100618
100606
100605
100593
100591
100580
100578
100567
100565
100554
100551
100541
100538
100528
100524
100514
100511
100501
100497
100488
100483
100474
100470
100461
100456
100447
100442
100433
100429
100420
100415
100406
100401
100392
100387
100379
100373
100365
100359
100351
100345
100337
100331
100323
100317
100309
100303
100295
100289
100281
100275
100267
100261
100253
100247
100239
100233
100225
100219
100211
100204
100197
100190
100183
100176
100168
100162
100154
100147
100140
100133
100126
100119
100112
100105
100097
100090
100083
100076
100069
100062
100054
100047
100040
100033
100026
100019
100011
100637
100625
100624
100612
100611
100600
100598
100587
100585
100574
100571
100561
100558
100547
100544
100534
100531
100521
100517
100507
100504
100494
100490
100481
100476
100467
100463
100453
100449
100440
100435
100426
100421
100413
100407
100399
100394
100385
100380
100371
100366
100357
100352
100344
100338
100330
100324
100316
100310
100302
100296
100288
100282
100274
100267
100260
100253
100246
100239
100231
100225
100217
100211
100203
100197
100189
100182
100175
100168
100161
100154
100146
100140
100132
100125
100118
100111
100104
100097
100089
100082
100075
100068
100061
100054
100047
100039
100032
100025
100018
100637
100625
100624
100612
100611
100599
100598
100586
100584
100573
100571
100560
100558
100547
100544
100534
100530
100521
100517
100507
100503
100494
100490
100480
100476
100467
100462
100453
100449
100440
100435
100426
100421
100412
100407
100399
100393
100385
100379
100371
100365
100357
100352
100343
100338
100329
100324
100315
100309
100302
100295
100288
100281
100273
100267
100259
100253
100245
100239
100231
100225
100217
100211
100203
100196
100189
100182
100175
100168
100160
100154
100146
100139
100132
100125
100118
100111
100103
100096
100089
100082
100075
100068
100061
100054
100046
100039
100032
100025
100018
100631
100619
100618
100606
100605
100593
100592
100581
100578
100567
100565
100554
100552
100541
100538
100528
100524
100515
100511
100501
100497
100488
100484
100474
100470
100461
100456
100447
100443
100434
100429
100420
100415
100406
100401
100393
100387
100379
100373
100365
100359
100351
100346
100337
100332
100323
100318
100310
100304
100296
100289
100282
100275
100268
100261
100253
100247
100239
100233
100225
100219
100211
100205
100197
100190
100183
100176
100169
100162
100154
100148
100140
100133
100126
100119
100112
100105
100098
100091
100083
100076
100069
100062
100055
100048
100040
100033
100026
100019
100012
100643
100631
100630
100618
100617
100606
100604
100593
100591
100580
100577
100567
100564
100553
100550
100540
100537
100527
100523
100513
100510
100500
100496
100487
100482
100473
100469
100459
100455
100446
100441
100432
100427
100419
100413
100405
100400
100391
100386
100377
100372
100363
100358
100350
100344
100336
100330
100322
100316
100308
100302
100294
100288
100280
100273
100266
100259
100252
100245
100237
100231
100223
100217
100209
100203
100195
100188
100181
100174
100167
100160
100152
100146
100138
100131
100124
100117
100110
100103
100095
100088
100081
100074
100067
100060
100053
100045
100038
100031
100024
100625
100613
100611
100600
100598
100587
100585
100574
100572
100561
100559
100548
100545
100535
100532
100521
100518
100508
100504
100495
100491
100481
100477
100468
100464
100454
100450
100441
100436
100427
100422
100414
100409
100400
100395
100386
100381
100372
100367
100359
100353
100345
100339
100331
100325
100317
100311
100303
100297
100289
100283
100275
100269
100261
100255
100247
100241
100233
100227
100219
100212
100205
100198
100191
100184
100176
100170
100162
100155
100148
100141
100134
100127
100120
100113
100105
100098
100091
100084
100077
100070
100063
100055
100048
100041
100034
100027
100020
100012
100005
100649
100638
100637
100625
100624
100612
100610
100599
100597
100586
100584
100573
100570
100560
100557
100547
100543
100533
100530
100520
100516
100506
100502
100493
100489
100480
100475
100466
100461
100452
100448
100439
100434
100425
100420
100411
100406
100398
100392
100384
100378
100370
100364
100356
100350
100342
100336
100328
100322
100314
100308
100300
100294
100286
100280
100272
100266
100258
100252
100244
100237
100230
100223
100216
100209
100201
100195
100187
100181
100173
100166
100159
100152
100145
100138
100130
100123
100116
100109
100102
100095
100088
100081
100073
100066
100059
100052
100045
100037
100030
100617
100605
100604
100592
100591
100579
100578
100566
100564
100553
100551
100540
100537
100527
100524
100514
100510
100500
100497
100487
100483
100474
100470
100460
100456
100447
100442
100433
100428
100420
100415
100406
100401
100392
100387
100378
100373
100365
100359
100351
100345
100337
100331
100323
100317
100309
100303
100295
100289
100281
100275
100267
100261
100253
100247
100239
100233
100225
100219
100211
100205
100197
100190
100183
100176
100169
100162
100155
100148
100140
100134
100126
100119
100112
100105
100098
100091
100083
100076
100069
100062
100055
100048
100041
100033
100026
100019
100012
100005
99997.6
100625
100615
100612
100603
100600
100591
100589
100579
100576
100567
100564
100554
100551
100542
100538
100529
100525
100516
100512
100503
100499
100490
100486
100476
100472
100463
100459
100450
100445
100436
100431
100423
100418
100409
100404
100395
100390
100382
100376
100368
100362
100354
100348
100340
100334
100326
100320
100312
100306
100298
100292
100284
100278
100270
100264
100256
100250
100242
100236
100228
100222
100214
100207
100200
100193
100186
100179
100171
100165
100157
100150
100143
100136
100129
100122
100114
100108
100100
100093
100086
100079
100072
100065
100057
100050
100043
100036
100029
100021
100014
100625
100615
100612
100603
100601
100591
100589
100579
100576
100567
100564
100554
100551
100542
100538
100529
100525
100516
100512
100503
100499
100490
100486
100476
100472
100463
100459
100450
100445
100436
100431
100423
100418
100409
100404
100395
100390
100382
100376
100368
100362
100354
100348
100340
100334
100326
100320
100312
100306
100298
100292
100284
100278
100270
100264
100256
100250
100242
100236
100228
100222
100214
100207
100200
100193
100186
100179
100171
100165
100157
100150
100143
100136
100129
100122
100115
100108
100100
100093
100086
100079
100072
100065
100057
100050
100043
100036
100029
100021
100014
100625
100615
100612
100603
100600
100591
100589
100579
100576
100566
100564
100554
100551
100541
100538
100529
100525
100516
100512
100503
100499
100490
100486
100476
100472
100463
100459
100450
100445
100436
100431
100423
100418
100409
100404
100395
100390
100382
100376
100368
100362
100354
100348
100340
100334
100326
100320
100312
100306
100298
100292
100284
100278
100270
100264
100256
100250
100242
100236
100228
100222
100214
100207
100200
100193
100186
100179
100171
100165
100157
100150
100143
100136
100129
100122
100114
100107
100100
100093
100086
100079
100072
100064
100057
100050
100043
100036
100029
100021
100014
100625
100615
100612
100603
100601
100591
100589
100579
100576
100567
100564
100554
100551
100542
100538
100529
100525
100516
100512
100503
100499
100490
100486
100476
100472
100463
100459
100450
100445
100436
100431
100423
100418
100409
100404
100395
100390
100382
100376
100368
100362
100354
100348
100340
100334
100326
100320
100312
100306
100298
100292
100284
100278
100270
100264
100256
100250
100242
100236
100228
100222
100214
100207
100200
100193
100186
100179
100171
100165
100157
100150
100143
100136
100129
100122
100114
100108
100100
100093
100086
100079
100072
100065
100057
100050
100043
100036
100029
100021
100014
100625
100615
100612
100603
100600
100591
100589
100579
100576
100566
100564
100554
100551
100541
100538
100529
100525
100516
100512
100503
100499
100490
100486
100476
100472
100463
100459
100450
100445
100436
100431
100423
100418
100409
100404
100395
100390
100382
100376
100368
100362
100354
100348
100340
100334
100326
100320
100312
100306
100298
100292
100284
100278
100270
100264
100256
100250
100242
100236
100228
100222
100214
100207
100200
100193
100186
100179
100171
100165
100157
100150
100143
100136
100129
100122
100114
100107
100100
100093
100086
100079
100072
100064
100057
100050
100043
100036
100029
100021
100014
100625
100615
100612
100603
100600
100591
100589
100579
100576
100567
100564
100554
100551
100541
100538
100529
100525
100516
100512
100503
100499
100490
100486
100476
100472
100463
100459
100450
100445
100436
100431
100423
100418
100409
100404
100395
100390
100382
100376
100368
100362
100354
100348
100340
100334
100326
100320
100312
100306
100298
100292
100284
100278
100270
100264
100256
100250
100242
100236
100228
100222
100214
100207
100200
100193
100186
100179
100171
100165
100157
100150
100143
100136
100129
100122
100114
100108
100100
100093
100086
100079
100072
100064
100057
100050
100043
100036
100029
100021
100014
100625
100615
100612
100603
100600
100591
100589
100579
100576
100567
100564
100554
100551
100541
100538
100529
100525
100516
100512
100503
100499
100490
100486
100476
100472
100463
100459
100450
100445
100436
100431
100423
100418
100409
100404
100395
100390
100382
100376
100368
100362
100354
100348
100340
100334
100326
100320
100312
100306
100298
100292
100284
100278
100270
100264
100256
100250
100242
100236
100228
100222
100214
100207
100200
100193
100186
100179
100171
100165
100157
100150
100143
100136
100129
100122
100114
100107
100100
100093
100086
100079
100072
100064
100057
100050
100043
100036
100029
100021
100014
100625
100615
100612
100603
100600
100591
100589
100579
100576
100567
100564
100554
100551
100541
100538
100529
100525
100516
100512
100503
100499
100490
100486
100476
100472
100463
100459
100450
100445
100436
100431
100423
100418
100409
100404
100395
100390
100382
100376
100368
100362
100354
100348
100340
100334
100326
100320
100312
100306
100298
100292
100284
100278
100270
100264
100256
100250
100242
100236
100228
100222
100214
100207
100200
100193
100186
100179
100171
100165
100157
100150
100143
100136
100129
100122
100114
100107
100100
100093
100086
100079
100072
100064
100057
100050
100043
100036
100029
100021
100014
100625
100615
100612
100603
100600
100591
100589
100579
100576
100567
100564
100554
100551
100541
100538
100529
100525
100516
100512
100503
100499
100490
100486
100476
100472
100463
100459
100450
100445
100436
100431
100423
100418
100409
100404
100395
100390
100382
100376
100368
100362
100354
100348
100340
100334
100326
100320
100312
100306
100298
100292
100284
100278
100270
100264
100256
100250
100242
100236
100228
100222
100214
100207
100200
100193
100186
100179
100171
100165
100157
100150
100143
100136
100129
100122
100114
100108
100100
100093
100086
100079
100072
100064
100057
100050
100043
100036
100029
100021
100014
100625
100615
100612
100603
100600
100591
100589
100579
100576
100566
100564
100554
100551
100541
100538
100529
100525
100516
100512
100503
100499
100490
100486
100476
100472
100463
100459
100450
100445
100436
100431
100423
100418
100409
100404
100395
100390
100382
100376
100368
100362
100354
100348
100340
100334
100326
100320
100312
100306
100298
100292
100284
100278
100270
100264
100256
100250
100242
100236
100228
100222
100214
100207
100200
100193
100186
100179
100171
100165
100157
100150
100143
100136
100129
100122
100114
100107
100100
100093
100086
100079
100072
100064
100057
100050
100043
100036
100029
100021
100014
100625
100615
100612
100603
100600
100591
100589
100579
100576
100567
100564
100554
100551
100541
100538
100529
100525
100516
100512
100503
100499
100490
100486
100476
100472
100463
100459
100450
100445
100436
100431
100423
100418
100409
100404
100395
100390
100382
100376
100368
100362
100354
100348
100340
100334
100326
100320
100312
100306
100298
100292
100284
100278
100270
100264
100256
100250
100242
100236
100228
100222
100214
100207
100200
100193
100186
100179
100171
100165
100157
100150
100143
100136
100129
100122
100114
100108
100100
100093
100086
100079
100072
100064
100057
100050
100043
100036
100029
100021
100014
100625
100615
100612
100603
100600
100591
100589
100579
100576
100567
100564
100554
100551
100541
100538
100529
100525
100516
100512
100503
100499
100490
100486
100476
100472
100463
100459
100450
100445
100436
100431
100423
100418
100409
100404
100395
100390
100382
100376
100368
100362
100354
100348
100340
100334
100326
100320
100312
100306
100298
100292
100284
100278
100270
100264
100256
100250
100242
100236
100228
100222
100214
100207
100200
100193
100186
100179
100171
100165
100157
100150
100143
100136
100129
100122
100114
100107
100100
100093
100086
100079
100072
100064
100057
100050
100043
100036
100029
100021
100014
100625
100615
100612
100603
100600
100591
100589
100579
100576
100567
100564
100554
100551
100542
100538
100529
100525
100516
100512
100503
100499
100490
100486
100476
100472
100463
100459
100450
100445
100436
100431
100423
100418
100409
100404
100395
100390
100382
100376
100368
100362
100354
100348
100340
100334
100326
100320
100312
100306
100298
100292
100284
100278
100270
100264
100256
100250
100242
100236
100228
100222
100214
100207
100200
100193
100186
100179
100171
100165
100157
100150
100143
100136
100129
100122
100114
100108
100100
100093
100086
100079
100072
100065
100057
100050
100043
100036
100029
100021
100014
100625
100615
100612
100603
100601
100591
100589
100579
100576
100567
100564
100554
100551
100542
100538
100529
100525
100516
100512
100503
100499
100490
100486
100476
100472
100463
100459
100450
100445
100436
100431
100423
100418
100409
100404
100395
100390
100382
100376
100368
100362
100354
100348
100340
100334
100326
100320
100312
100306
100298
100292
100284
100278
100270
100264
100256
100250
100242
100236
100228
100222
100214
100207
100200
100193
100186
100179
100171
100165
100157
100150
100143
100136
100129
100122
100115
100108
100100
100093
100086
100079
100072
100065
100057
100050
100043
100036
100029
100021
100014
100625
100615
100612
100603
100600
100591
100589
100579
100576
100566
100564
100554
100551
100541
100538
100529
100525
100516
100512
100503
100499
100490
100486
100476
100472
100463
100459
100450
100445
100436
100431
100423
100418
100409
100404
100395
100390
100382
100376
100368
100362
100354
100348
100340
100334
100326
100320
100312
100306
100298
100292
100284
100278
100270
100264
100256
100250
100242
100236
100228
100222
100214
100207
100200
100193
100186
100179
100171
100165
100157
100150
100143
100136
100129
100122
100114
100107
100100
100093
100086
100079
100072
100064
100057
100050
100043
100036
100029
100021
100014
100625
100615
100612
100603
100601
100591
100589
100579
100576
100567
100564
100554
100551
100542
100538
100529
100525
100516
100512
100503
100499
100490
100486
100476
100472
100463
100459
100450
100445
100436
100431
100423
100418
100409
100404
100395
100390
100382
100376
100368
100362
100354
100348
100340
100334
100326
100320
100312
100306
100298
100292
100284
100278
100270
100264
100256
100250
100242
100236
100228
100222
100214
100207
100200
100193
100186
100179
100171
100165
100157
100150
100143
100136
100129
100122
100114
100108
100100
100093
100086
100079
100072
100065
100057
100050
100043
100036
100029
100021
100014
100625
100615
100612
100603
100600
100591
100589
100579
100576
100566
100564
100554
100551
100541
100538
100529
100525
100516
100512
100503
100499
100490
100486
100476
100472
100463
100459
100450
100445
100436
100431
100423
100418
100409
100404
100395
100390
100382
100376
100368
100362
100354
100348
100340
100334
100326
100320
100312
100306
100298
100292
100284
100278
100270
100264
100256
100250
100242
100236
100228
100222
100214
100207
100200
100193
100186
100179
100171
100165
100157
100150
100143
100136
100129
100122
100114
100107
100100
100093
100086
100079
100072
100064
100057
100050
100043
100036
100029
100021
100014
100625
100615
100612
100603
100600
100591
100589
100579
100576
100567
100564
100554
100551
100541
100538
100529
100525
100516
100512
100503
100499
100490
100486
100476
100472
100463
100459
100450
100445
100436
100431
100423
100418
100409
100404
100395
100390
100382
100376
100368
100362
100354
100348
100340
100334
100326
100320
100312
100306
100298
100292
100284
100278
100270
100264
100256
100250
100242
100236
100228
100222
100214
100207
100200
100193
100186
100179
100171
100165
100157
100150
100143
100136
100129
100122
100114
100108
100100
100093
100086
100079
100072
100064
100057
100050
100043
100036
100029
100021
100014
100625
100615
100612
100603
100600
100591
100589
100579
100576
100567
100564
100554
100551
100541
100538
100529
100525
100516
100512
100503
100499
100490
100486
100476
100472
100463
100459
100450
100445
100436
100431
100423
100418
100409
100404
100395
100390
100382
100376
100368
100362
100354
100348
100340
100334
100326
100320
100312
100306
100298
100292
100284
100278
100270
100264
100256
100250
100242
100236
100228
100222
100214
100207
100200
100193
100186
100179
100171
100165
100157
100150
100143
100136
100129
100122
100114
100107
100100
100093
100086
100079
100072
100064
100057
100050
100043
100036
100029
100021
100014
100625
100615
100612
100603
100600
100591
100589
100579
100576
100567
100564
100554
100551
100541
100538
100529
100525
100516
100512
100503
100499
100490
100486
100476
100472
100463
100459
100450
100445
100436
100431
100423
100418
100409
100404
100395
100390
100382
100376
100368
100362
100354
100348
100340
100334
100326
100320
100312
100306
100298
100292
100284
100278
100270
100264
100256
100250
100242
100236
100228
100222
100214
100207
100200
100193
100186
100179
100171
100165
100157
100150
100143
100136
100129
100122
100114
100107
100100
100093
100086
100079
100072
100064
100057
100050
100043
100036
100029
100021
100014
100625
100615
100612
100603
100600
100591
100589
100579
100576
100567
100564
100554
100551
100541
100538
100529
100525
100516
100512
100503
100499
100490
100486
100476
100472
100463
100459
100450
100445
100436
100431
100423
100418
100409
100404
100395
100390
100382
100376
100368
100362
100354
100348
100340
100334
100326
100320
100312
100306
100298
100292
100284
100278
100270
100264
100256
100250
100242
100236
100228
100222
100214
100207
100200
100193
100186
100179
100171
100165
100157
100150
100143
100136
100129
100122
100114
100108
100100
100093
100086
100079
100072
100064
100057
100050
100043
100036
100029
100021
100014
100625
100615
100612
100603
100600
100591
100589
100579
100576
100566
100564
100554
100551
100541
100538
100529
100525
100516
100512
100503
100499
100490
100486
100476
100472
100463
100459
100450
100445
100436
100431
100423
100418
100409
100404
100395
100390
100382
100376
100368
100362
100354
100348
100340
100334
100326
100320
100312
100306
100298
100292
100284
100278
100270
100264
100256
100250
100242
100236
100228
100222
100214
100207
100200
100193
100186
100179
100171
100165
100157
100150
100143
100136
100129
100122
100114
100107
100100
100093
100086
100079
100072
100064
100057
100050
100043
100036
100029
100021
100014
100625
100615
100612
100603
100600
100591
100589
100579
100576
100567
100564
100554
100551
100541
100538
100529
100525
100516
100512
100503
100499
100490
100486
100476
100472
100463
100459
100450
100445
100436
100431
100423
100418
100409
100404
100395
100390
100382
100376
100368
100362
100354
100348
100340
100334
100326
100320
100312
100306
100298
100292
100284
100278
100270
100264
100256
100250
100242
100236
100228
100222
100214
100207
100200
100193
100186
100179
100171
100165
100157
100150
100143
100136
100129
100122
100114
100108
100100
100093
100086
100079
100072
100064
100057
100050
100043
100036
100029
100021
100014
100625
100615
100612
100603
100600
100591
100589
100579
100576
100567
100564
100554
100551
100541
100538
100529
100525
100516
100512
100503
100499
100490
100486
100476
100472
100463
100459
100450
100445
100436
100431
100423
100418
100409
100404
100395
100390
100382
100376
100368
100362
100354
100348
100340
100334
100326
100320
100312
100306
100298
100292
100284
100278
100270
100264
100256
100250
100242
100236
100228
100222
100214
100207
100200
100193
100186
100179
100171
100165
100157
100150
100143
100136
100129
100122
100114
100107
100100
100093
100086
100079
100072
100064
100057
100050
100043
100036
100029
100021
100014
100617
100605
100604
100592
100591
100579
100577
100566
100564
100553
100551
100540
100537
100527
100524
100514
100510
100500
100497
100487
100483
100473
100469
100460
100456
100447
100442
100433
100428
100419
100414
100406
100401
100392
100387
100378
100373
100365
100359
100351
100345
100337
100331
100323
100317
100309
100303
100295
100289
100281
100275
100267
100261
100253
100247
100239
100233
100225
100219
100211
100205
100197
100190
100183
100176
100169
100162
100154
100148
100140
100133
100126
100119
100112
100105
100097
100091
100083
100076
100069
100062
100055
100048
100040
100033
100026
100019
100012
100005
99997.4
100650
100638
100637
100625
100624
100613
100611
100600
100597
100587
100584
100573
100571
100560
100557
100547
100544
100534
100530
100520
100516
100507
100503
100493
100489
100480
100475
100466
100462
100453
100448
100439
100434
100425
100420
100412
100406
100398
100392
100384
100379
100370
100365
100356
100351
100343
100337
100329
100323
100315
100308
100301
100294
100287
100280
100272
100266
100258
100252
100244
100238
100230
100224
100216
100209
100202
100195
100188
100181
100173
100167
100159
100152
100145
100138
100131
100124
100116
100109
100102
100095
100088
100081
100074
100067
100059
100052
100045
100038
100031
100625
100612
100611
100600
100598
100587
100585
100574
100572
100561
100558
100548
100545
100534
100531
100521
100518
100508
100504
100495
100491
100481
100477
100468
100463
100454
100450
100441
100436
100427
100422
100413
100408
100400
100395
100386
100381
100372
100367
100358
100353
100345
100339
100331
100325
100317
100311
100303
100297
100289
100283
100275
100269
100261
100255
100247
100240
100233
100226
100219
100212
100205
100198
100190
100184
100176
100170
100162
100155
100148
100141
100134
100127
100119
100112
100105
100098
100091
100084
100077
100070
100062
100055
100048
100041
100034
100027
100019
100012
100005
100643
100631
100630
100619
100617
100606
100604
100593
100591
100580
100578
100567
100564
100554
100551
100540
100537
100527
100523
100514
100510
100500
100496
100487
100482
100473
100469
100460
100455
100446
100441
100433
100427
100419
100414
100405
100400
100391
100386
100378
100372
100364
100358
100350
100344
100336
100330
100322
100316
100308
100302
100294
100288
100280
100274
100266
100260
100252
100245
100238
100231
100224
100217
100209
100203
100195
100189
100181
100174
100167
100160
100153
100146
100138
100132
100124
100117
100110
100103
100096
100089
100081
100074
100067
100060
100053
100046
100039
100031
100024
100631
100619
100618
100606
100605
100593
100591
100580
100578
100567
100565
100554
100551
100541
100538
100528
100524
100514
100511
100501
100497
100488
100483
100474
100470
100461
100456
100447
100442
100433
100429
100420
100415
100406
100401
100392
100387
100379
100373
100365
100359
100351
100345
100337
100331
100323
100317
100309
100303
100295
100289
100281
100275
100267
100261
100253
100247
100239
100233
100225
100219
100211
100204
100197
100190
100183
100176
100168
100162
100154
100147
100140
100133
100126
100119
100112
100105
100097
100090
100083
100076
100069
100062
100054
100047
100040
100033
100026
100019
100011
100637
100625
100624
100612
100611
100600
100598
100587
100585
100574
100571
100561
100558
100547
100544
100534
100531
100521
100517
100507
100504
100494
100490
100481
100476
100467
100463
100453
100449
100440
100435
100426
100421
100413
100407
100399
100394
100385
100380
100371
100366
100357
100352
100344
100338
100330
100324
100316
100310
100302
100296
100288
100282
100274
100267
100260
100253
100246
100239
100231
100225
100217
100211
100203
100197
100189
100182
100175
100168
100161
100154
100146
100140
100132
100125
100118
100111
100104
100097
100089
100082
100075
100068
100061
100054
100047
100039
100032
100025
100018
100637
100625
100624
100612
100611
100599
100598
100586
100584
100573
100571
100560
100558
100547
100544
100534
100530
100521
100517
100507
100503
100494
100490
100480
100476
100467
100462
100453
100449
100440
100435
100426
100421
100412
100407
100399
100393
100385
100379
100371
100365
100357
100352
100343
100338
100329
100324
100315
100309
100302
100295
100288
100281
100273
100267
100259
100253
100245
100239
100231
100225
100217
100211
100203
100196
100189
100182
100175
100168
100160
100154
100146
100139
100132
100125
100118
100111
100103
100096
100089
100082
100075
100068
100061
100054
100046
100039
100032
100025
100018
100631
100619
100618
100606
100605
100593
100592
100581
100578
100567
100565
100554
100552
100541
100538
100528
100524
100515
100511
100501
100497
100488
100484
100474
100470
100461
100456
100447
100443
100434
100429
100420
100415
100406
100401
100393
100387
100379
100373
100365
100359
100351
100346
100337
100332
100323
100318
100310
100304
100296
100289
100282
100275
100268
100261
100253
100247
100239
100233
100225
100219
100211
100205
100197
100190
100183
100176
100169
100162
100154
100148
100140
100133
100126
100119
100112
100105
100098
100091
100083
100076
100069
100062
100055
100048
100040
100033
100026
100019
100012
100643
100631
100630
100618
100617
100606
100604
100593
100591
100580
100577
100567
100564
100553
100550
100540
100537
100527
100523
100513
100510
100500
100496
100487
100482
100473
100469
100459
100455
100446
100441
100432
100427
100419
100413
100405
100400
100391
100386
100377
100372
100363
100358
100350
100344
100336
100330
100322
100316
100308
100302
100294
100288
100280
100273
100266
100259
100252
100245
100237
100231
100223
100217
100209
100203
100195
100188
100181
100174
100167
100160
100152
100146
100138
100131
100124
100117
100110
100103
100095
100088
100081
100074
100067
100060
100053
100045
100038
100031
100024
100625
100613
100611
100600
100598
100587
100585
100574
100572
100561
100559
100548
100545
100535
100532
100521
100518
100508
100504
100495
100491
100481
100477
100468
100464
100454
100450
100441
100436
100427
100422
100414
100409
100400
100395
100386
100381
100372
100367
100359
100353
100345
100339
100331
100325
100317
100311
100303
100297
100289
100283
100275
100269
100261
100255
100247
100241
100233
100227
100219
100212
100205
100198
100191
100184
100176
100170
100162
100155
100148
100141
100134
100127
100120
100113
100105
100098
100091
100084
100077
100070
100063
100055
100048
100041
100034
100027
100020
100012
100005
100649
100638
100637
100625
100624
100612
100610
100599
100597
100586
100584
100573
100570
100560
100557
100547
100543
100533
100530
100520
100516
100506
100502
100493
100489
100480
100475
100466
100461
100452
100448
100439
100434
100425
100420
100411
100406
100398
100392
100384
100378
100370
100364
100356
100350
100342
100336
100328
100322
100314
100308
100300
100294
100286
100280
100272
100266
100258
100252
100244
100237
100230
100223
100216
100209
100201
100195
100187
100181
100173
100166
100159
100152
100145
100138
100130
100123
100116
100109
100102
100095
100088
100081
100073
100066
100059
100052
100045
100037
100030
100617
100605
100604
100592
100591
100579
100578
100566
100564
100553
100551
100540
100537
100527
100524
100514
100510
100500
100497
100487
100483
100474
100470
100460
100456
100447
100442
100433
100428
100420
100415
100406
100401
100392
100387
100378
100373
100365
100359
100351
100345
100337
100331
100323
100317
100309
100303
100295
100289
100281
100275
100267
100261
100253
100247
100239
100233
100225
100219
100211
100205
100197
100190
100183
100176
100169
100162
100155
100148
100140
100134
100126
100119
100112
100105
100098
100091
100083
100076
100069
100062
100055
100048
100041
100033
100026
100019
100012
100005
99997.6
100671
100654
100654
100639
100638
100624
100623
100610
100608
100596
100593
100582
100579
100568
100565
100554
100551
100540
100537
100527
100523
100513
100509
100499
100495
100486
100481
100472
100467
100458
100453
100445
100439
100431
100426
100417
100412
100403
100398
100389
100384
100376
100370
100362
100356
100348
100342
100334
100328
100320
100314
100306
100300
100292
100285
100278
100271
100264
100257
100250
100243
100235
100229
100221
100215
100207
100200
100193
100186
100179
100172
100164
100158
100150
100143
100136
100129
100122
100115
100108
100101
100093
100086
100079
100072
100065
100058
100051
100044
100037
100637
100619
100619
100603
100602
100588
100587
100574
100572
100560
100558
100546
100543
100532
100529
100518
100515
100505
100501
100491
100487
100477
100473
100464
100459
100450
100446
100436
100432
100423
100418
100409
100404
100395
100390
100381
100376
100368
100362
100354
100348
100340
100334
100326
100320
100312
100306
100298
100292
100284
100278
100270
100264
100256
100250
100242
100236
100228
100222
100214
100208
100200
100193
100186
100179
100172
100165
100157
100151
100143
100136
100129
100122
100115
100108
100101
100094
100086
100079
100072
100065
100058
100051
100044
100037
100029
100022
100015
100008
100001
100656
100639
100639
100623
100623
100609
100607
100594
100592
100580
100578
100566
100563
100552
100549
100539
100535
100525
100521
100511
100507
100498
100493
100484
100479
100470
100466
100457
100452
100443
100438
100429
100424
100415
100410
100402
100396
100388
100382
100374
100368
100360
100354
100346
100340
100332
100326
100318
100312
100304
100298
100290
100284
100276
100270
100262
100256
100248
100242
100234
100228
100220
100213
100206
100199
100192
100185
100178
100171
100163
100157
100149
100142
100135
100128
100121
100114
100106
100099
100092
100085
100078
100071
100064
100057
100050
100043
100035
100028
100021
100641
100623
100623
100607
100607
100593
100591
100578
100576
100564
100562
100550
100547
100536
100533
100523
100519
100509
100505
100495
100491
100482
100477
100468
100463
100454
100450
100441
100436
100427
100422
100413
100408
100399
100394
100386
100380
100372
100366
100358
100352
100344
100338
100330
100324
100316
100310
100302
100296
100288
100282
100274
100268
100260
100254
100246
100240
100232
100226
100218
100212
100204
100197
100190
100183
100176
100169
100162
100155
100147
100141
100133
100126
100119
100112
100105
100098
100090
100084
100076
100069
100062
100055
100048
100041
100034
100027
100019
100013
100006
100650
100633
100633
100618
100617
100603
100602
100589
100587
100575
100572
100561
100558
100547
100544
100533
100530
100519
100516
100506
100502
100492
100488
100478
100474
100465
100460
100451
100446
100437
100432
100424
100419
100410
100405
100396
100391
100382
100377
100369
100363
100355
100349
100341
100335
100327
100321
100313
100307
100299
100293
100285
100279
100271
100265
100257
100251
100243
100236
100229
100222
100215
100208
100200
100194
100186
100180
100172
100165
100158
100151
100144
100137
100129
100123
100115
100108
100101
100094
100087
100080
100073
100066
100058
100051
100044
100037
100030
100023
100016
100646
100628
100628
100613
100612
100598
100596
100583
100581
100569
100567
100555
100553
100542
100538
100528
100524
100514
100510
100500
100496
100487
100483
100473
100469
100459
100455
100446
100441
100432
100427
100418
100413
100405
100399
100391
100385
100377
100372
100363
100358
100349
100344
100335
100330
100322
100316
100308
100302
100294
100288
100280
100273
100266
100259
100252
100245
100237
100231
100223
100217
100209
100203
100195
100188
100181
100174
100167
100160
100153
100146
100138
100132
100124
100117
100110
100103
100096
100089
100081
100074
100067
100060
100053
100046
100039
100032
100025
100018
100011
100646
100628
100628
100613
100612
100598
100597
100584
100582
100570
100567
100556
100553
100542
100539
100528
100525
100514
100511
100501
100497
100487
100483
100473
100469
100460
100455
100446
100441
100432
100427
100419
100414
100405
100400
100391
100386
100377
100372
100363
100358
100350
100344
100336
100330
100322
100316
100308
100302
100294
100288
100280
100274
100266
100260
100252
100245
100238
100231
100224
100217
100209
100203
100195
100189
100181
100175
100167
100160
100153
100146
100139
100132
100124
100118
100110
100103
100096
100089
100082
100075
100067
100060
100053
100046
100039
100032
100025
100018
100011
100650
100633
100633
100618
100617
100603
100601
100589
100587
100574
100572
100560
100558
100547
100543
100533
100529
100519
100515
100505
100502
100492
100488
100478
100474
100465
100460
100451
100446
100437
100432
100423
100418
100410
100404
100396
100391
100382
100377
100368
100363
100354
100349
100341
100335
100327
100321
100313
100307
100299
100293
100285
100279
100271
100264
100257
100250
100243
100236
100228
100222
100214
100208
100200
100194
100186
100179
100172
100165
100158
100151
100143
100137
100129
100122
100115
100108
100101
100094
100087
100080
100072
100065
100058
100051
100044
100037
100030
100023
100016
100641
100623
100623
100608
100607
100593
100591
100578
100577
100564
100562
100550
100548
100537
100533
100523
100519
100509
100505
100495
100491
100482
100478
100468
100464
100454
100450
100441
100436
100427
100422
100413
100408
100400
100394
100386
100381
100372
100367
100358
100353
100344
100339
100331
100325
100317
100311
100303
100297
100289
100283
100275
100268
100261
100254
100247
100240
100233
100226
100218
100212
100204
100198
100190
100184
100176
100169
100162
100155
100148
100141
100133
100127
100119
100112
100105
100098
100091
100084
100076
100070
100062
100055
100048
100041
100034
100027
100020
100013
100006
100656
100638
100639
100623
100622
100608
100607
100594
100592
100580
100577
100566
100563
100552
100549
100538
100535
100525
100521
100511
100507
100497
100493
100484
100479
100470
100465
100456
100452
100443
100438
100429
100424
100415
100410
100401
100396
100388
100382
100374
100368
100360
100354
100346
100340
100332
100326
100318
100312
100304
100298
100290
100284
100276
100270
100262
100256
100248
100242
100234
100227
100220
100213
100206
100199
100191
100185
100177
100171
100163
100156
100149
100142
100135
100128
100120
100114
100106
100099
100092
100085
100078
100071
100064
100057
100049
100042
100035
100028
100021
100637
100619
100619
100603
100603
100589
100587
100574
100572
100560
100558
100546
100543
100532
100529
100519
100515
100505
100501
100491
100487
100478
100473
100464
100460
100450
100446
100437
100432
100423
100418
100409
100404
100396
100390
100382
100376
100368
100362
100354
100349
100340
100335
100326
100321
100312
100307
100299
100292
100285
100278
100271
100264
100257
100250
100242
100236
100228
100222
100214
100208
100200
100194
100186
100179
100172
100165
100158
100151
100143
100137
100129
100122
100115
100108
100101
100094
100087
100080
100072
100065
100058
100051
100044
100037
100030
100023
100016
100009
100002
100671
100654
100654
100638
100638
100624
100622
100609
100607
100595
100593
100581
100578
100567
100564
100554
100550
100540
100536
100526
100522
100513
100508
100499
100495
100485
100481
100472
100467
100458
100453
100444
100439
100430
100425
100417
100411
100403
100397
100389
100383
100375
100369
100361
100355
100347
100341
100333
100327
100319
100313
100305
100299
100291
100285
100277
100271
100263
100257
100249
100243
100235
100228
100221
100214
100207
100200
100193
100186
100178
100172
100164
100157
100150
100143
100136
100129
100121
100114
100107
100100
100093
100086
100079
100072
100065
100058
100050
100043
100036
)
;

boundaryField
{
    upperWall
    {
        type            calculated;
        value           nonuniform List<scalar> 
660
(
100695
100660
100651
100651
100660
100695
100678
100661
100649
100649
100661
100678
100685
100655
100648
100648
100655
100685
100674
100656
100646
100646
100656
100674
100679
100652
100645
100645
100652
100679
100671
100652
100643
100643
100652
100671
100675
100649
100642
100642
100649
100675
100668
100649
100641
100641
100649
100668
100671
100647
100640
100640
100647
100671
100665
100646
100638
100638
100646
100665
100668
100645
100637
100637
100645
100668
100662
100644
100636
100636
100644
100662
100664
100642
100635
100635
100642
100664
100660
100641
100634
100634
100641
100660
100661
100640
100633
100633
100640
100661
100657
100639
100632
100632
100639
100657
100658
100638
100631
100631
100638
100658
100654
100636
100629
100629
100636
100654
100655
100636
100628
100628
100636
100655
100651
100635
100627
100627
100635
100651
100671
100617
100625
100625
100617
100671
100654
100605
100615
100615
100605
100654
100654
100604
100612
100612
100604
100654
100638
100592
100603
100603
100592
100638
100638
100591
100600
100600
100591
100638
100624
100579
100591
100591
100579
100624
100622
100578
100589
100589
100578
100622
100609
100566
100579
100579
100566
100609
100607
100564
100576
100576
100564
100607
100595
100553
100567
100567
100553
100595
100593
100551
100564
100564
100551
100593
100581
100540
100554
100554
100540
100581
100578
100537
100551
100551
100537
100578
100567
100527
100541
100541
100527
100567
100564
100524
100538
100538
100524
100564
100554
100514
100529
100529
100514
100554
100550
100510
100525
100525
100510
100550
100540
100500
100516
100516
100500
100540
100536
100497
100512
100512
100497
100536
100526
100487
100503
100503
100487
100526
100522
100483
100499
100499
100483
100522
100513
100474
100490
100490
100474
100513
100508
100470
100486
100486
100470
100508
100499
100460
100476
100476
100460
100499
100495
100456
100472
100472
100456
100495
100485
100447
100463
100463
100447
100485
100481
100442
100459
100459
100442
100481
100472
100433
100450
100450
100433
100472
100467
100428
100445
100445
100428
100467
100458
100420
100436
100436
100420
100458
100453
100415
100431
100431
100415
100453
100444
100406
100423
100423
100406
100444
100439
100401
100418
100418
100401
100439
100430
100392
100409
100409
100392
100430
100425
100387
100404
100404
100387
100425
100417
100378
100395
100395
100378
100417
100411
100373
100390
100390
100373
100411
100403
100365
100382
100382
100365
100403
100397
100359
100376
100376
100359
100397
100389
100351
100368
100368
100351
100389
100383
100345
100362
100362
100345
100383
100375
100337
100354
100354
100337
100375
100369
100331
100348
100348
100331
100369
100361
100323
100340
100340
100323
100361
100355
100317
100334
100334
100317
100355
100347
100309
100326
100326
100309
100347
100341
100303
100320
100320
100303
100341
100333
100295
100312
100312
100295
100333
100327
100289
100306
100306
100289
100327
100319
100281
100298
100298
100281
100319
100313
100275
100292
100292
100275
100313
100305
100267
100284
100284
100267
100305
100299
100261
100278
100278
100261
100299
100291
100253
100270
100270
100253
100291
100285
100247
100264
100264
100247
100285
100277
100239
100256
100256
100239
100277
100271
100233
100250
100250
100233
100271
100263
100225
100242
100242
100225
100263
100257
100219
100236
100236
100219
100257
100249
100211
100228
100228
100211
100249
100243
100205
100222
100222
100205
100243
100235
100197
100214
100214
100197
100235
100228
100190
100207
100207
100190
100228
100221
100183
100200
100200
100183
100221
100214
100176
100193
100193
100176
100214
100207
100169
100186
100186
100169
100207
100200
100162
100179
100179
100162
100200
100193
100155
100171
100171
100155
100193
100186
100148
100165
100165
100148
100186
100178
100140
100157
100157
100140
100178
100172
100134
100150
100150
100134
100172
100164
100126
100143
100143
100126
100164
100157
100119
100136
100136
100119
100157
100150
100112
100129
100129
100112
100150
100143
100105
100122
100122
100105
100143
100136
100098
100114
100114
100098
100136
100129
100091
100107
100107
100091
100129
100121
100083
100100
100100
100083
100121
100114
100076
100093
100093
100076
100114
100107
100069
100086
100086
100069
100107
100100
100062
100079
100079
100062
100100
100093
100055
100072
100072
100055
100093
100086
100048
100064
100064
100048
100086
100079
100041
100057
100057
100041
100079
100072
100033
100050
100050
100033
100072
100065
100026
100043
100043
100026
100065
100058
100019
100036
100036
100019
100058
100050
100012
100029
100029
100012
100050
100043
100005
100021
100021
100005
100043
100036
99997.6
100014
100014
99997.6
100036
)
;
    }
    lowerWall
    {
        type            calculated;
        value           nonuniform List<scalar> 
120
(
100695
100660
100651
100651
100660
100695
100678
100661
100649
100649
100661
100678
100685
100655
100648
100648
100655
100685
100674
100656
100646
100646
100656
100674
100679
100652
100645
100645
100652
100679
100671
100652
100643
100643
100652
100671
100675
100649
100642
100642
100649
100675
100668
100649
100641
100641
100649
100668
100671
100647
100640
100640
100647
100671
100665
100646
100638
100638
100646
100665
100668
100645
100637
100637
100645
100668
100662
100644
100636
100636
100644
100662
100664
100642
100635
100635
100642
100664
100660
100641
100634
100634
100641
100660
100661
100640
100633
100633
100640
100661
100657
100639
100632
100632
100639
100657
100658
100638
100631
100631
100638
100658
100654
100636
100629
100629
100636
100654
100655
100636
100628
100628
100636
100655
100651
100635
100627
100627
100635
100651
)
;
    }
    heatedWall
    {
        type            calculated;
        value           nonuniform List<scalar> 
540
(
100671
100617
100625
100625
100617
100671
100654
100605
100615
100615
100605
100654
100654
100604
100612
100612
100604
100654
100639
100592
100603
100603
100592
100639
100638
100591
100600
100600
100591
100638
100624
100579
100591
100591
100579
100624
100623
100577
100589
100589
100577
100623
100610
100566
100579
100579
100566
100610
100608
100564
100576
100576
100564
100608
100596
100553
100567
100567
100553
100596
100593
100551
100564
100564
100551
100593
100582
100540
100554
100554
100540
100582
100579
100537
100551
100551
100537
100579
100568
100527
100542
100542
100527
100568
100565
100524
100538
100538
100524
100565
100554
100514
100529
100529
100514
100554
100551
100510
100525
100525
100510
100551
100540
100500
100516
100516
100500
100540
100537
100497
100512
100512
100497
100537
100527
100487
100503
100503
100487
100527
100523
100483
100499
100499
100483
100523
100513
100473
100490
100490
100473
100513
100509
100469
100486
100486
100469
100509
100499
100460
100476
100476
100460
100499
100495
100456
100472
100472
100456
100495
100486
100446
100463
100463
100447
100486
100481
100442
100459
100459
100442
100481
100472
100433
100450
100450
100433
100472
100467
100428
100445
100445
100428
100467
100458
100419
100436
100436
100419
100458
100453
100414
100431
100431
100414
100453
100445
100406
100423
100423
100406
100445
100439
100401
100418
100418
100401
100439
100431
100392
100409
100409
100392
100431
100426
100387
100404
100404
100387
100426
100417
100378
100395
100395
100378
100417
100412
100373
100390
100390
100373
100412
100403
100365
100382
100382
100365
100403
100398
100359
100376
100376
100359
100398
100389
100351
100368
100368
100351
100389
100384
100345
100362
100362
100345
100384
100376
100337
100354
100354
100337
100376
100370
100331
100348
100348
100331
100370
100362
100323
100340
100340
100323
100362
100356
100317
100334
100334
100317
100356
100348
100309
100326
100326
100309
100348
100342
100303
100320
100320
100303
100342
100334
100295
100312
100312
100295
100334
100328
100289
100306
100306
100289
100328
100320
100281
100298
100298
100281
100320
100314
100275
100292
100292
100275
100314
100306
100267
100284
100284
100267
100306
100300
100261
100278
100278
100261
100300
100292
100253
100270
100270
100253
100292
100285
100247
100264
100264
100247
100285
100278
100239
100256
100256
100239
100278
100271
100233
100250
100250
100233
100271
100264
100225
100242
100242
100225
100264
100257
100219
100236
100236
100219
100257
100250
100211
100228
100228
100211
100250
100243
100205
100222
100222
100205
100243
100235
100197
100214
100214
100197
100235
100229
100190
100207
100207
100190
100229
100221
100183
100200
100200
100183
100221
100215
100176
100193
100193
100176
100215
100207
100169
100186
100186
100169
100207
100200
100162
100179
100179
100162
100200
100193
100154
100171
100171
100154
100193
100186
100148
100165
100165
100148
100186
100179
100140
100157
100157
100140
100179
100172
100133
100150
100150
100133
100172
100164
100126
100143
100143
100126
100164
100158
100119
100136
100136
100119
100158
100150
100112
100129
100129
100112
100150
100143
100105
100122
100122
100105
100143
100136
100097
100114
100114
100097
100136
100129
100091
100108
100108
100091
100129
100122
100083
100100
100100
100083
100122
100115
100076
100093
100093
100076
100115
100108
100069
100086
100086
100069
100108
100101
100062
100079
100079
100062
100101
100093
100055
100072
100072
100055
100093
100086
100048
100065
100065
100048
100086
100079
100040
100057
100057
100040
100079
100072
100033
100050
100050
100033
100072
100065
100026
100043
100043
100026
100065
100058
100019
100036
100036
100019
100058
100051
100012
100029
100029
100012
100051
100044
100005
100021
100021
100005
100044
100037
99997.4
100014
100014
99997.4
100037
)
;
    }
    inlet
    {
        type            calculated;
        value           nonuniform List<scalar> 
72
(
100695
100679
100687
100680
100684
100681
100681
100684
100680
100687
100679
100695
100660
100671
100662
100668
100664
100666
100666
100664
100668
100662
100671
100660
100651
100651
100651
100651
100651
100651
100651
100651
100651
100651
100651
100651
100651
100651
100651
100651
100651
100651
100651
100651
100651
100651
100651
100651
100660
100671
100662
100668
100664
100666
100666
100664
100668
100662
100671
100660
100695
100679
100687
100680
100684
100681
100681
100684
100680
100687
100679
100695
)
;
    }
    outlet
    {
        type            calculated;
        value           nonuniform List<scalar> 
72
(
100028
100001
100016
100004
100012
100008
100008
100012
100004
100016
100001
100027
99998.1
100023
100004
100018
100009
100013
100013
100009
100018
100004
100023
99998.2
100011
100011
100011
100011
100011
100011
100011
100011
100011
100011
100011
100011
100011
100011
100011
100011
100011
100011
100011
100011
100011
100011
100011
100011
99998.1
100023
100004
100018
100009
100013
100013
100009
100018
100004
100023
99998.2
100028
100001
100016
100004
100012
100008
100008
100012
100004
100016
100001
100027
)
;
    }
    frontAndBack
    {
        type            empty;
    }
}


// ************************************************************************* //
