/*--------------------------------*- C++ -*----------------------------------*\
  =========                 |
  \\      /  F ield         | OpenFOAM: The Open Source CFD Toolbox
   \\    /   O peration     | Website:  https://openfoam.org
    \\  /    A nd           | Version:  7
     \\/     M anipulation  |
\*---------------------------------------------------------------------------*/
FoamFile
{
    version     2.0;
    format      ascii;
    class       volScalarField;
    location    "0.02";
    object      k;
}
// * * * * * * * * * * * * * * * * * * * * * * * * * * * * * * * * * * * * * //

dimensions      [0 2 -2 0 0 0 0];

internalField   nonuniform List<scalar> 
8640
(
20.7558
18.5558
17.3988
17.2312
17.1686
17.1654
17.1364
17.143
17.1304
17.1397
17.1291
17.1375
17.1281
17.135
17.1269
17.1328
17.1256
17.1305
17.1243
17.1283
17.1231
17.1265
17.1222
17.1251
17.1217
17.1317
17.1322
17.128
17.136
17.1414
17.134
17.1351
17.127
17.1333
17.1348
17.1308
17.1385
17.1417
17.1336
17.1402
17.1424
17.1406
17.1413
17.1413
17.141
17.1411
17.1402
17.1396
17.1375
17.1363
17.1343
17.1329
17.1312
17.1298
17.1291
17.127
17.1251
17.1189
17.1114
17.2255
6.34656
3.12475
1.43017
1.01746
0.946827
0.926282
0.915735
0.913568
0.909521
0.9103
0.908589
0.90972
0.908237
0.909174
0.907884
0.908666
0.907549
0.908183
0.907216
0.907726
0.90691
0.907325
0.906643
0.90698
0.90648
0.906919
0.906656
0.90693
0.906781
0.907455
0.907532
0.907418
0.906966
0.906981
0.906802
0.906893
0.906729
0.906802
0.906498
0.906652
0.906668
0.906611
0.906372
0.906332
0.905915
0.905809
0.90539
0.905056
0.904608
0.904243
0.903789
0.903415
0.902988
0.902096
0.902233
0.901644
0.916756
0.924187
0.97086
1.11254
5.93925
2.84018
1.13672
0.769482
0.705023
0.699254
0.694122
0.694558
0.692733
0.693879
0.692391
0.693358
0.692042
0.692844
0.691695
0.692355
0.691361
0.691897
0.691036
0.691463
0.690734
0.691078
0.690461
0.690734
0.690271
0.690527
0.690176
0.690379
0.690129
0.690308
0.690275
0.690439
0.690236
0.690347
0.690106
0.690173
0.689921
0.689958
0.689904
0.689906
0.689587
0.689549
0.689184
0.689063
0.688679
0.688392
0.688003
0.687674
0.687284
0.686959
0.686562
0.686228
0.685832
0.685508
0.685074
0.684769
0.68434
0.684094
0.684068
0.684092
5.94077
2.82715
1.13058
0.768016
0.704659
0.699097
0.694044
0.694485
0.692667
0.693815
0.692333
0.6933
0.691987
0.692788
0.691641
0.692299
0.691307
0.691841
0.690981
0.691407
0.690678
0.691021
0.690405
0.690677
0.690215
0.69047
0.69012
0.690322
0.690073
0.690252
0.690219
0.690383
0.690181
0.690292
0.690051
0.690119
0.689867
0.689904
0.689851
0.689853
0.689534
0.689496
0.689131
0.68901
0.688627
0.688341
0.687952
0.687623
0.687234
0.686906
0.68651
0.686167
0.685782
0.685437
0.685064
0.684701
0.684396
0.683841
0.683549
0.681313
5.93997
2.82662
1.13042
0.767729
0.704293
0.698737
0.693693
0.694157
0.692354
0.693511
0.69203
0.692998
0.691685
0.692487
0.691339
0.691999
0.691006
0.691541
0.690681
0.691108
0.690379
0.690723
0.690107
0.69038
0.689917
0.690173
0.689822
0.690024
0.689775
0.689953
0.689919
0.690083
0.689881
0.689992
0.68975
0.689818
0.689565
0.689603
0.689555
0.689557
0.689231
0.689193
0.688827
0.688705
0.688323
0.688036
0.687646
0.687319
0.686929
0.686604
0.686209
0.685872
0.685487
0.685142
0.684752
0.684405
0.68406
0.683621
0.683331
0.681436
5.94138
2.82478
1.12958
0.767626
0.704423
0.698888
0.693857
0.694313
0.692507
0.69366
0.69218
0.693149
0.691836
0.692639
0.691491
0.692151
0.691159
0.691694
0.690834
0.69126
0.690531
0.690875
0.690259
0.690531
0.690068
0.690324
0.689973
0.690175
0.689926
0.690104
0.690071
0.690234
0.690033
0.690143
0.689902
0.68997
0.689717
0.689755
0.689707
0.68971
0.689383
0.689346
0.68898
0.688859
0.688475
0.688189
0.6878
0.687471
0.687083
0.686756
0.686363
0.686022
0.685642
0.685298
0.68493
0.684573
0.684281
0.683796
0.683532
0.681488
5.94138
2.82478
1.12958
0.767626
0.704423
0.698888
0.693857
0.694313
0.692507
0.69366
0.69218
0.693149
0.691836
0.692639
0.691491
0.692151
0.691159
0.691694
0.690834
0.69126
0.690531
0.690875
0.690258
0.690531
0.690068
0.690324
0.689973
0.690175
0.689926
0.690104
0.690071
0.690234
0.690033
0.690143
0.689902
0.68997
0.689717
0.689755
0.689707
0.68971
0.689383
0.689346
0.68898
0.688858
0.688477
0.688189
0.6878
0.687472
0.687083
0.686756
0.686363
0.686022
0.685642
0.685298
0.68493
0.684573
0.684282
0.683796
0.683531
0.681486
5.93997
2.82662
1.13042
0.767729
0.704293
0.698737
0.693693
0.694157
0.692355
0.693511
0.69203
0.692998
0.691685
0.692487
0.691339
0.691999
0.691006
0.691541
0.690681
0.691108
0.690379
0.690723
0.690107
0.69038
0.689917
0.690173
0.689822
0.690024
0.689775
0.689953
0.689919
0.690083
0.689881
0.689992
0.68975
0.689818
0.689565
0.689602
0.689555
0.689557
0.689231
0.689193
0.688828
0.688706
0.688322
0.688035
0.687646
0.687318
0.686929
0.686604
0.686209
0.685872
0.685487
0.685143
0.684755
0.684409
0.684064
0.683628
0.683338
0.681442
5.94077
2.82715
1.13058
0.768016
0.704659
0.699097
0.694044
0.694484
0.692667
0.693815
0.692333
0.6933
0.691987
0.692788
0.691641
0.692299
0.691307
0.691841
0.690981
0.691407
0.690679
0.691021
0.690405
0.690677
0.690215
0.69047
0.69012
0.690322
0.690073
0.690252
0.690219
0.690383
0.690181
0.690292
0.690051
0.690119
0.689867
0.689904
0.689851
0.689853
0.689534
0.689496
0.689132
0.68901
0.688627
0.688341
0.687952
0.687623
0.687234
0.686907
0.686511
0.686169
0.685783
0.685438
0.685064
0.684702
0.684398
0.683845
0.683553
0.681316
5.93925
2.84018
1.13672
0.769482
0.705023
0.699254
0.694122
0.694558
0.692733
0.693879
0.692391
0.693357
0.692041
0.692844
0.691694
0.692355
0.691361
0.691897
0.691036
0.691463
0.690734
0.691078
0.690461
0.690734
0.690271
0.690527
0.690176
0.690378
0.690129
0.690308
0.690274
0.690438
0.690236
0.690347
0.690105
0.690173
0.689921
0.689958
0.689904
0.689906
0.689587
0.689549
0.689184
0.689063
0.688679
0.688392
0.688003
0.687674
0.687284
0.68696
0.686563
0.686229
0.685832
0.685509
0.685076
0.684773
0.684344
0.6841
0.684071
0.684084
6.34656
3.12474
1.43016
1.01745
0.946818
0.926274
0.915725
0.91356
0.909518
0.910297
0.908587
0.909718
0.908234
0.909172
0.907882
0.908663
0.907546
0.908181
0.907214
0.907724
0.906908
0.907323
0.906636
0.90697
0.906473
0.906915
0.906653
0.906896
0.906725
0.907435
0.907513
0.907403
0.906982
0.906989
0.906801
0.90689
0.906726
0.906799
0.906498
0.906653
0.906667
0.90661
0.906372
0.906331
0.905912
0.905806
0.905387
0.905054
0.904607
0.904241
0.903787
0.903414
0.902984
0.902156
0.902274
0.901576
0.916579
0.923867
0.970407
1.11182
20.7558
18.5558
17.3988
17.2313
17.1686
17.1654
17.1364
17.143
17.1304
17.1397
17.1291
17.1375
17.1281
17.135
17.1269
17.1328
17.1256
17.1305
17.1243
17.1283
17.1231
17.1265
17.1222
17.1251
17.1217
17.1317
17.1322
17.128
17.136
17.1414
17.134
17.1352
17.127
17.1336
17.1352
17.1309
17.1386
17.1418
17.1338
17.1404
17.1425
17.1407
17.1413
17.1413
17.1409
17.141
17.1401
17.1396
17.1375
17.1363
17.1343
17.1329
17.1312
17.1298
17.1291
17.1271
17.1252
17.1191
17.1111
17.2267
0.603259
0.862625
0.880557
0.88037
0.876929
0.877526
0.875319
0.876382
0.874338
0.875381
0.873386
0.874293
0.872379
0.873124
0.871343
0.871938
0.870297
0.870744
0.869409
0.869822
0.868549
0.868807
0.867643
0.86783
0.867206
0.867473
0.866868
0.867045
0.866367
0.86652
0.865807
0.865884
0.865137
0.865158
0.864582
0.864483
0.863844
0.863602
0.862845
0.862522
0.861807
0.861334
0.860594
0.860039
0.859273
0.858683
0.857925
0.857299
0.856545
0.855893
0.855158
0.854466
0.853775
0.853001
0.852402
0.851353
0.850661
0.849098
0.844364
0.851451
0.393913
0.602148
0.631369
0.633236
0.632945
0.632575
0.632197
0.631478
0.631273
0.630838
0.630774
0.630594
0.630698
0.630598
0.632298
0.63298
0.632766
0.632273
0.632877
0.633224
0.633029
0.63261
0.632922
0.633014
0.63161
0.632592
0.633257
0.631609
0.632692
0.633172
0.631734
0.632695
0.633487
0.633048
0.63307
0.632057
0.633147
0.633663
0.632232
0.633276
0.633916
0.632501
0.63345
0.634206
0.633465
0.633781
0.633846
0.63318
0.63398
0.634183
0.633577
0.633537
0.633233
0.633224
0.633024
0.633732
0.633917
0.633831
0.633778
0.633495
0.392788
0.599486
0.629364
0.631439
0.631254
0.630899
0.630566
0.629809
0.629662
0.629271
0.62926
0.629165
0.629322
0.629223
0.630921
0.631599
0.631385
0.63089
0.631516
0.631874
0.631681
0.631264
0.631663
0.631954
0.6319
0.631828
0.630443
0.631301
0.631987
0.630429
0.631434
0.631848
0.630504
0.631573
0.632214
0.630705
0.6318
0.632362
0.63094
0.631985
0.632629
0.631207
0.632191
0.632794
0.631535
0.632534
0.632926
0.631529
0.632537
0.632906
0.632305
0.632257
0.63178
0.632361
0.63253
0.632339
0.631754
0.632162
0.632243
0.631171
0.392388
0.599681
0.629926
0.632031
0.631844
0.63149
0.631144
0.630393
0.630226
0.62981
0.629782
0.629662
0.629812
0.629712
0.631411
0.632088
0.631874
0.631377
0.632004
0.632361
0.632168
0.63175
0.632149
0.632435
0.632382
0.63231
0.630921
0.631786
0.632472
0.630909
0.631923
0.632339
0.630985
0.632055
0.632697
0.631187
0.632283
0.632845
0.631421
0.632468
0.633112
0.631691
0.632678
0.63326
0.631991
0.632993
0.633405
0.632011
0.633022
0.633391
0.632795
0.632747
0.632272
0.632667
0.632906
0.632542
0.632659
0.632766
0.63259
0.632007
0.392597
0.599505
0.629581
0.631651
0.63146
0.631086
0.630753
0.630006
0.629854
0.629453
0.629438
0.629336
0.629491
0.629393
0.631053
0.631706
0.631491
0.630996
0.631672
0.632015
0.63184
0.63147
0.631846
0.632122
0.632068
0.631996
0.630608
0.631473
0.63216
0.630597
0.631607
0.63202
0.63067
0.631742
0.632384
0.630874
0.631969
0.632531
0.631108
0.632146
0.632818
0.632255
0.632216
0.631409
0.63248
0.633052
0.632962
0.632777
0.633007
0.633102
0.632483
0.632433
0.631951
0.632612
0.632803
0.632242
0.632401
0.632529
0.632271
0.631614
0.392479
0.599597
0.629773
0.631851
0.631661
0.631296
0.630955
0.630199
0.63004
0.629636
0.629612
0.629501
0.629654
0.629555
0.631265
0.63195
0.631737
0.631241
0.631858
0.632209
0.632015
0.631596
0.631995
0.632281
0.632228
0.632155
0.630767
0.631633
0.63232
0.630756
0.631766
0.632179
0.630829
0.631901
0.632543
0.631033
0.632128
0.632691
0.631267
0.632313
0.632957
0.631538
0.632523
0.633101
0.631836
0.632837
0.633248
0.631857
0.632865
0.633234
0.632645
0.632596
0.632111
0.632798
0.633003
0.632373
0.632603
0.632762
0.632523
0.63187
0.392479
0.599597
0.629773
0.631851
0.631661
0.631296
0.630955
0.630199
0.63004
0.629636
0.629612
0.629501
0.629654
0.629555
0.631257
0.631938
0.631724
0.631227
0.63185
0.632206
0.632013
0.631596
0.631995
0.632281
0.632228
0.632155
0.630767
0.631632
0.632318
0.630755
0.631769
0.632185
0.630831
0.631901
0.632543
0.631033
0.632128
0.632691
0.631267
0.632305
0.632978
0.632415
0.632375
0.631567
0.632638
0.633211
0.633122
0.632941
0.633169
0.633263
0.632656
0.632605
0.632114
0.632798
0.633004
0.63238
0.632612
0.632772
0.632532
0.631867
0.392597
0.599506
0.629581
0.631652
0.63146
0.631086
0.630751
0.629998
0.629848
0.629454
0.629438
0.629336
0.629491
0.629393
0.631091
0.631769
0.631556
0.631061
0.631687
0.632045
0.631852
0.631435
0.631834
0.632121
0.632067
0.631995
0.630608
0.631476
0.632157
0.630582
0.631628
0.632077
0.630686
0.631745
0.632389
0.630876
0.63197
0.632532
0.631108
0.632154
0.632798
0.631378
0.632366
0.632938
0.631666
0.632664
0.633075
0.631688
0.6327
0.63307
0.63249
0.63244
0.631939
0.632608
0.6328
0.632232
0.632399
0.632531
0.632269
0.631606
0.392388
0.599682
0.629927
0.632031
0.631844
0.63149
0.631144
0.630393
0.630226
0.62981
0.629782
0.629662
0.629812
0.629712
0.631415
0.632094
0.63188
0.631384
0.632007
0.632362
0.632169
0.63175
0.632149
0.632435
0.632382
0.63231
0.630921
0.631784
0.632469
0.630906
0.631924
0.632343
0.630985
0.632055
0.632697
0.631187
0.632283
0.632846
0.631421
0.632467
0.633112
0.631689
0.632678
0.633263
0.631992
0.632996
0.633406
0.63201
0.633021
0.633391
0.632795
0.632747
0.632272
0.632666
0.632908
0.632543
0.632659
0.632766
0.63259
0.632007
0.392788
0.599486
0.629364
0.63144
0.631254
0.630899
0.630566
0.629809
0.629663
0.629271
0.62926
0.629165
0.629322
0.629223
0.630857
0.631513
0.631291
0.630772
0.631474
0.631837
0.631664
0.631298
0.631674
0.631955
0.631901
0.631829
0.630443
0.631299
0.631985
0.630428
0.63144
0.631859
0.630508
0.631574
0.632214
0.630705
0.6318
0.632362
0.63094
0.631985
0.63263
0.631208
0.632202
0.63276
0.631475
0.632478
0.632912
0.631524
0.632535
0.632905
0.632304
0.632256
0.631779
0.63236
0.63253
0.632338
0.631751
0.632167
0.632254
0.631168
0.393913
0.602148
0.631369
0.633237
0.632945
0.632575
0.632198
0.631478
0.631273
0.630838
0.630774
0.630594
0.630698
0.630599
0.632321
0.633018
0.632804
0.63231
0.632896
0.633229
0.633033
0.632611
0.632922
0.633014
0.63161
0.632594
0.633252
0.631601
0.632693
0.633184
0.631738
0.632693
0.63348
0.633041
0.633063
0.632053
0.633145
0.633663
0.632232
0.633276
0.633916
0.632501
0.63345
0.634205
0.633463
0.63378
0.633845
0.633178
0.633978
0.634182
0.633576
0.633524
0.633009
0.633404
0.633595
0.633267
0.63346
0.633648
0.633478
0.63357
0.603258
0.862625
0.880558
0.880372
0.87693
0.877526
0.875319
0.876382
0.874338
0.875382
0.873386
0.874293
0.872379
0.873124
0.871342
0.871937
0.870296
0.870744
0.869409
0.869823
0.86855
0.868808
0.867651
0.86784
0.867218
0.867484
0.866872
0.867047
0.866369
0.866521
0.865808
0.865883
0.865118
0.865141
0.864585
0.864485
0.863847
0.863604
0.862848
0.862525
0.861809
0.861335
0.860595
0.86004
0.859273
0.858683
0.857926
0.857301
0.856546
0.855895
0.85516
0.854468
0.853777
0.853005
0.852405
0.851359
0.850666
0.849105
0.844318
0.851517
0.0067302
0.01289
0.01269
0.0131512
0.0125234
0.0129059
0.0123724
0.0127057
0.0122332
0.0125059
0.0120834
0.0122986
0.0119208
0.0120848
0.0117478
0.0118678
0.0115686
0.0116522
0.0113899
0.0114455
0.0112142
0.0112461
0.0110532
0.0110704
0.0108951
0.0109005
0.0107387
0.0107347
0.010587
0.0105748
0.0104406
0.0104194
0.0102958
0.0102654
0.0101495
0.0101089
0.0100004
0.00995046
0.00984786
0.009789
0.00969203
0.00962649
0.00953432
0.00946425
0.00937634
0.00930329
0.00921946
0.00914437
0.00906487
0.00898824
0.00891386
0.00883589
0.00876779
0.00868947
0.00862873
0.00855137
0.00849522
0.00842464
0.00835414
0.0083131
0.000191887
0.000383933
0.000397414
0.000409196
0.000401473
0.000409132
0.00040285
0.000407676
0.000402898
0.000406454
0.000403111
0.000405728
0.00040344
0.000406203
0.00040727
0.00040895
0.000406598
0.000407838
0.000408448
0.000409195
0.000408042
0.000409219
0.000410528
0.000410655
0.000408519
0.000410735
0.000412046
0.000410402
0.000412415
0.000414209
0.000412503
0.000414763
0.000417926
0.000418745
0.000418697
0.000417865
0.000420385
0.000422795
0.000421644
0.000424578
0.000427448
0.000426811
0.000429505
0.000434036
0.000435619
0.000438053
0.000440067
0.000442026
0.000444866
0.000448085
0.000449683
0.000452908
0.000455245
0.000458998
0.000461805
0.000466861
0.000468367
0.000470581
0.000467258
0.000466694
0.000179389
0.000358291
0.000372242
0.000394771
0.000382738
0.000392896
0.000382297
0.000389834
0.000382192
0.000388097
0.000382695
0.000387172
0.000383337
0.000387077
0.000386046
0.000389242
0.000386932
0.000388578
0.000387931
0.000390148
0.000389464
0.000391361
0.00039246
0.000393628
0.000392835
0.000393994
0.000393323
0.000396046
0.000397882
0.00039706
0.000399291
0.000401619
0.000400714
0.0004037
0.000406204
0.000405656
0.000408597
0.000411714
0.000411243
0.000414661
0.000419053
0.000419655
0.000422385
0.000426954
0.000428181
0.00043208
0.000435751
0.000437916
0.000441922
0.000446474
0.000449053
0.00045358
0.000456664
0.000462443
0.000465794
0.000471914
0.000472917
0.000478605
0.000478032
0.000483238
0.000185579
0.000371401
0.000386367
0.000417008
0.000408132
0.000419098
0.000408947
0.000416432
0.000409115
0.000414796
0.000409702
0.000413886
0.000410352
0.000413423
0.000412445
0.00041558
0.000413804
0.000415184
0.000414835
0.000416787
0.000416204
0.000417896
0.000419103
0.000420135
0.000419507
0.000420449
0.000419608
0.000422305
0.000424196
0.000423127
0.000425461
0.000427795
0.000426743
0.000429814
0.000432393
0.000431671
0.000434736
0.000437953
0.000437323
0.000440865
0.000445477
0.000445946
0.000448702
0.000453469
0.000454621
0.000458677
0.000462445
0.000464541
0.000468662
0.000473283
0.000475941
0.000480457
0.000483948
0.000489199
0.000493894
0.000499201
0.000505443
0.000510621
0.00052109
0.000524832
0.000180944
0.00036231
0.000376137
0.000402055
0.000390134
0.000401778
0.000390303
0.000398935
0.000390515
0.000397216
0.000391269
0.000396256
0.000392118
0.000395835
0.000394373
0.000397867
0.000395787
0.000397484
0.000396967
0.000399113
0.000398448
0.000400341
0.000401321
0.000402626
0.000402094
0.000403045
0.000402289
0.000405012
0.000406889
0.000405973
0.000408245
0.000410584
0.000409626
0.000412645
0.000415194
0.000414587
0.000417572
0.000420737
0.000420215
0.000423654
0.00042814
0.00043022
0.000432509
0.000434556
0.000438142
0.000442031
0.000444796
0.000448159
0.000451465
0.000455756
0.000458306
0.000462812
0.000465987
0.000471749
0.000475496
0.000480959
0.000484279
0.000490501
0.000493098
0.000496847
0.000182981
0.000366663
0.00038083
0.00040928
0.000398699
0.000410325
0.000399547
0.000407727
0.000400013
0.000406181
0.000400803
0.000405313
0.000401582
0.000404871
0.000403724
0.000407
0.000405151
0.000406649
0.000406186
0.000408185
0.000407567
0.000409303
0.00041036
0.000411874
0.000411591
0.000412255
0.000411123
0.000413757
0.000415613
0.000414599
0.000416883
0.000419203
0.000418196
0.000421244
0.000423822
0.000423157
0.000426182
0.00042938
0.000428807
0.000432291
0.000436915
0.000437661
0.000440503
0.000444872
0.000446025
0.000450035
0.000453756
0.000455883
0.000459971
0.000464545
0.000467179
0.000471665
0.000475017
0.000480689
0.000485064
0.000490123
0.000495313
0.000500618
0.000507746
0.000510682
0.000182981
0.000366662
0.00038083
0.00040928
0.000398701
0.000410327
0.000399553
0.000407732
0.000400019
0.000406186
0.000400805
0.000405314
0.000401582
0.00040487
0.000403711
0.000406983
0.000405134
0.00040663
0.000406169
0.000408171
0.00040756
0.000409302
0.00041035
0.000412148
0.000412202
0.000412631
0.000411149
0.000413757
0.000415611
0.000414596
0.000416886
0.00041921
0.000418198
0.000421245
0.000423821
0.000423156
0.000426182
0.000429379
0.000428806
0.000432286
0.000436834
0.000438915
0.000441208
0.000443248
0.000446869
0.000450797
0.000453569
0.00045695
0.000460281
0.000464582
0.00046719
0.000471674
0.000475021
0.000480691
0.000485071
0.000490141
0.00049534
0.000500652
0.000507757
0.000510692
0.000180945
0.00036231
0.000376138
0.000402055
0.000390131
0.000401775
0.000390293
0.000398923
0.000390504
0.00039721
0.000391266
0.000396253
0.000392117
0.000395849
0.000394456
0.000397972
0.000395877
0.000397567
0.000396985
0.000399142
0.00039847
0.000400318
0.000401337
0.000402599
0.000402028
0.000403018
0.000402287
0.000405018
0.000406886
0.000405952
0.000408274
0.000410664
0.000409651
0.000412651
0.000415203
0.000414592
0.000417575
0.000420738
0.000420216
0.000423675
0.000428169
0.000428783
0.00043155
0.00043609
0.000437315
0.000441307
0.000444959
0.000447111
0.000451158
0.000455712
0.000458313
0.000462822
0.000465966
0.000471735
0.00047548
0.00048093
0.000484265
0.000490477
0.000493078
0.000496786
0.000185577
0.000371401
0.000386367
0.000417008
0.000408134
0.0004191
0.000408954
0.000416437
0.00040912
0.0004148
0.000409703
0.000413886
0.000410352
0.000413423
0.000412451
0.000415588
0.000413817
0.000415198
0.000414846
0.000416795
0.000416207
0.000417896
0.000419088
0.000420168
0.000419566
0.000420476
0.000419613
0.000422304
0.000424193
0.000423124
0.000425464
0.000427803
0.000426746
0.000429815
0.000432394
0.000431673
0.000434737
0.000437954
0.000437324
0.000440865
0.000445477
0.000445944
0.000448701
0.00045347
0.000454629
0.000458694
0.000462445
0.000464538
0.000468661
0.000473283
0.000475941
0.000480453
0.000483942
0.000489192
0.000493892
0.000499195
0.00050543
0.000510604
0.000521059
0.000524802
0.000179389
0.000358292
0.000372242
0.00039477
0.000382735
0.000392892
0.000382288
0.000389827
0.000382184
0.00038809
0.000382692
0.00038717
0.000383336
0.000386986
0.000385776
0.000389003
0.000386791
0.000389161
0.000389121
0.000390765
0.000389534
0.000391396
0.000392475
0.000393625
0.000392834
0.000393995
0.000393324
0.000396047
0.000397882
0.000397061
0.000399301
0.000401637
0.000400723
0.000403704
0.000406206
0.000405658
0.000408599
0.000411715
0.000411243
0.000414661
0.000419055
0.000419656
0.000422402
0.000426917
0.000428048
0.000431906
0.000435721
0.000437907
0.000441916
0.000446467
0.000449046
0.000453571
0.000456653
0.00046243
0.000465776
0.000471885
0.000472878
0.000478551
0.000477998
0.000483164
0.000191886
0.00038393
0.000397409
0.000409191
0.00040147
0.000409133
0.000402853
0.000407677
0.000402899
0.000406454
0.000403111
0.000405728
0.00040344
0.000406199
0.000407304
0.000409004
0.000406656
0.000407872
0.000408202
0.000408931
0.00040802
0.000409222
0.000410533
0.000410659
0.000408521
0.000410737
0.000412036
0.000410392
0.000412422
0.000414228
0.000412511
0.000414759
0.000417902
0.000418739
0.000418692
0.00041785
0.000420374
0.000422786
0.000421628
0.000424597
0.000427324
0.000426641
0.000429446
0.000434076
0.000435613
0.000438051
0.000440086
0.000442029
0.000444863
0.000448079
0.000449677
0.000452897
0.000455187
0.000459095
0.000462124
0.000466517
0.000467917
0.000470293
0.00046695
0.000466638
0.00673021
0.01289
0.01269
0.0131512
0.0125234
0.0129059
0.0123724
0.0127057
0.0122332
0.0125058
0.0120834
0.0122986
0.0119208
0.0120848
0.0117478
0.0118678
0.0115686
0.0116522
0.0113899
0.0114455
0.0112142
0.0112461
0.0110532
0.0110704
0.0108951
0.0109005
0.0107387
0.0107347
0.010587
0.0105748
0.0104406
0.0104194
0.0102958
0.0102654
0.0101495
0.0101089
0.0100004
0.00995046
0.00984785
0.00978899
0.00969203
0.00962649
0.00953433
0.00946427
0.00937636
0.00930333
0.0092195
0.00914445
0.00906493
0.00898835
0.00891393
0.00883606
0.00876789
0.00868978
0.00862894
0.00855195
0.00849565
0.00842569
0.00835473
0.00831542
0.0067302
0.01289
0.01269
0.0131512
0.0125234
0.0129059
0.0123724
0.0127057
0.0122332
0.0125058
0.0120834
0.0122986
0.0119208
0.0120847
0.0117478
0.0118678
0.0115686
0.0116522
0.0113899
0.0114455
0.0112141
0.0112461
0.0110532
0.0110704
0.010895
0.0109005
0.0107386
0.0107347
0.0105869
0.0105748
0.0104406
0.0104194
0.0102958
0.0102654
0.0101495
0.0101089
0.0100004
0.00995045
0.00984784
0.00978898
0.00969202
0.00962647
0.00953431
0.00946424
0.00937633
0.00930327
0.00921944
0.00914436
0.00906486
0.00898822
0.00891384
0.00883587
0.00876777
0.00868946
0.00862871
0.00855135
0.00849521
0.00842462
0.00835413
0.0083131
0.000191889
0.000383936
0.000397415
0.000409198
0.000401474
0.000409133
0.000402852
0.000407678
0.0004029
0.000406457
0.000403114
0.000405731
0.000403443
0.000406205
0.000407275
0.000408959
0.0004066
0.000407846
0.000408495
0.000409241
0.000408049
0.000409219
0.000410528
0.000410655
0.000408517
0.000410733
0.000412049
0.000410399
0.000412413
0.000414217
0.000412504
0.000414771
0.000417888
0.000418783
0.000418759
0.000417819
0.000420368
0.00042279
0.000421633
0.000424599
0.00042733
0.000426652
0.000429456
0.000434087
0.000435644
0.000438044
0.000440042
0.000442023
0.000444868
0.000448098
0.000449695
0.000452915
0.000455247
0.000458998
0.000461808
0.000466865
0.000468373
0.000470585
0.000467261
0.000466695
0.000179381
0.000358292
0.000372239
0.000394773
0.000382737
0.000392897
0.000382297
0.000389836
0.000382194
0.000388101
0.000382696
0.000387173
0.000383338
0.00038708
0.000386046
0.000389241
0.000386922
0.000388705
0.000388104
0.000390194
0.000389466
0.000391359
0.000392455
0.000393624
0.000392828
0.000393989
0.000393318
0.000396038
0.000397879
0.000397055
0.000399288
0.000401625
0.000400715
0.000403696
0.000406205
0.000405657
0.000408596
0.000411719
0.000411246
0.000414662
0.00041906
0.000419662
0.000422394
0.000426946
0.000428128
0.000432001
0.000435744
0.000437923
0.000441928
0.00044648
0.000449064
0.000453593
0.000456677
0.000462439
0.000465787
0.000471909
0.000472907
0.000478615
0.000478059
0.000483254
0.00018558
0.000371403
0.000386369
0.000417013
0.000408136
0.000419102
0.000408951
0.000416437
0.000409121
0.000414802
0.000409708
0.000413892
0.000410358
0.000413423
0.000412381
0.000415488
0.000413698
0.000415927
0.000416733
0.000418001
0.000416351
0.000417946
0.000419047
0.000420302
0.000419833
0.000420615
0.000419631
0.0004223
0.000424194
0.000423124
0.00042546
0.000427803
0.000426744
0.00042981
0.000432394
0.000431672
0.000434735
0.000437959
0.000437328
0.000440868
0.00044548
0.00044594
0.000448694
0.000453458
0.000454595
0.000458654
0.00046245
0.000464536
0.000468647
0.000473285
0.000475945
0.000480464
0.000483957
0.000489202
0.000493896
0.000499205
0.000505448
0.000510625
0.000521094
0.000524838
0.000180944
0.000362312
0.00037614
0.00040206
0.00039014
0.000401782
0.000390307
0.000398939
0.00039052
0.000397222
0.000391274
0.000396262
0.000392123
0.000395839
0.000394374
0.00039787
0.000395788
0.000397485
0.000396966
0.000399115
0.000398446
0.000400339
0.000401318
0.000402604
0.000402059
0.000403025
0.00040228
0.000405002
0.000406883
0.000405967
0.000408241
0.000410589
0.000409626
0.00041264
0.000415195
0.000414587
0.00041757
0.000420741
0.000420218
0.000423675
0.000428172
0.000428783
0.000431544
0.000436107
0.000437345
0.000441346
0.00044499
0.000447128
0.000451167
0.000455725
0.000458313
0.00046282
0.000465992
0.000471752
0.000475497
0.000480972
0.000484274
0.000490488
0.00049309
0.000496843
0.000182983
0.000366665
0.000380831
0.000409284
0.000398703
0.000410329
0.000399551
0.000407731
0.000400018
0.000406186
0.000400809
0.000405318
0.000401587
0.000404878
0.000403766
0.000407066
0.000405192
0.000406683
0.000406224
0.000408221
0.000407588
0.000409316
0.00041036
0.000411862
0.000411567
0.000412238
0.000411119
0.000413751
0.000415611
0.000414595
0.000416878
0.000419204
0.000418195
0.000421241
0.000423823
0.000423157
0.00042618
0.000429385
0.000428812
0.000432297
0.000436912
0.000437632
0.000440464
0.000444868
0.000446009
0.000450009
0.000453755
0.000455887
0.000459973
0.00046455
0.000467181
0.000471668
0.000475025
0.000480694
0.000485071
0.000490128
0.000495316
0.000500622
0.000507752
0.000510688
0.000182982
0.000366665
0.000380831
0.000409284
0.000398704
0.000410331
0.000399557
0.000407737
0.000400024
0.000406191
0.000400811
0.00040532
0.000401587
0.000404878
0.000403766
0.000407067
0.000405193
0.000406682
0.000406222
0.000408219
0.000407588
0.000409315
0.00041036
0.000411854
0.000411551
0.000412229
0.000411117
0.000413749
0.000415608
0.000414592
0.000416885
0.000419218
0.0004182
0.00042125
0.000423851
0.00042321
0.000425877
0.000430379
0.000432079
0.000434722
0.00043683
0.000439241
0.000440075
0.000443255
0.000447435
0.000449345
0.000453042
0.000457312
0.000459839
0.000463939
0.000467143
0.000471735
0.000475315
0.000480869
0.000485212
0.000490318
0.000495512
0.000500802
0.000507908
0.000510738
0.000180945
0.000362312
0.00037614
0.00040206
0.000390136
0.000401779
0.000390297
0.000398928
0.000390509
0.000397215
0.00039127
0.000396259
0.000392122
0.000395874
0.000394547
0.000398079
0.000395964
0.000397649
0.00039702
0.000399152
0.000398475
0.000400317
0.000401323
0.000402596
0.000402031
0.000403013
0.00040228
0.000405004
0.000406886
0.000405969
0.000408244
0.000410592
0.000409629
0.000412651
0.000415225
0.000414641
0.000417276
0.000421719
0.000423414
0.000425997
0.000427993
0.000430376
0.000431619
0.00043506
0.00043875
0.000440618
0.000444284
0.000448513
0.000451028
0.000455122
0.000458255
0.000462865
0.000466294
0.000471835
0.000475525
0.000481039
0.000484401
0.000490622
0.000493202
0.000496854
0.000185579
0.000371403
0.000386369
0.000417013
0.000408138
0.000419104
0.000408958
0.000416443
0.000409125
0.000414806
0.000409709
0.000413892
0.000410358
0.000413422
0.000412375
0.000415478
0.00041371
0.000415324
0.000415084
0.000416801
0.00041618
0.000417918
0.00041905
0.000420304
0.000419825
0.00042061
0.000419631
0.000422298
0.00042419
0.000423114
0.00042546
0.000427813
0.000426734
0.000429809
0.000432427
0.000431728
0.000434425
0.000438981
0.000440646
0.000443293
0.000445414
0.000447879
0.000448819
0.000452091
0.00045611
0.000457981
0.000461711
0.000466001
0.000468516
0.00047265
0.000475912
0.000480534
0.000484185
0.000489768
0.000494466
0.000499526
0.000505914
0.000511124
0.000521545
0.000524976
0.000179382
0.000358292
0.000372239
0.000394772
0.000382735
0.000392893
0.000382289
0.000389829
0.000382186
0.000388094
0.000382693
0.000387172
0.000383337
0.00038711
0.00038613
0.000389323
0.000386976
0.000388614
0.000387942
0.000390146
0.000389462
0.000391362
0.000392456
0.000393606
0.000392735
0.000393898
0.000393306
0.000396037
0.000397878
0.000397056
0.000399294
0.000401635
0.00040072
0.000403707
0.000406234
0.000405709
0.000408309
0.00041268
0.000414347
0.000416896
0.000418979
0.000421373
0.000422327
0.000425507
0.000429518
0.000431377
0.000435003
0.000439239
0.000441786
0.000445885
0.000448958
0.000453737
0.000457257
0.00046259
0.000465818
0.000472037
0.000473769
0.000479111
0.000477752
0.0004832
0.000191887
0.000383932
0.00039741
0.000409194
0.000401471
0.000409134
0.000402855
0.000407679
0.000402901
0.000406457
0.000403114
0.000405731
0.000403442
0.000406202
0.000407307
0.000409008
0.000406655
0.000407874
0.000408254
0.000408988
0.000408023
0.000409221
0.000410532
0.000410659
0.000408519
0.000410733
0.00041203
0.000410384
0.000412413
0.000414227
0.000412509
0.000414754
0.000417904
0.000418738
0.000418691
0.000417851
0.000420371
0.000422788
0.000421643
0.000424591
0.000427442
0.000426799
0.00042959
0.000433953
0.00043408
0.000436972
0.000440344
0.000441235
0.00044432
0.000448041
0.000449675
0.000452903
0.000455196
0.000459092
0.000462122
0.000466529
0.000467937
0.000470306
0.000466958
0.000466642
0.0067302
0.01289
0.01269
0.0131512
0.0125234
0.0129059
0.0123724
0.0127057
0.0122332
0.0125058
0.0120834
0.0122986
0.0119208
0.0120847
0.0117478
0.0118678
0.0115686
0.0116522
0.0113899
0.0114455
0.0112141
0.0112461
0.0110532
0.0110704
0.010895
0.0109005
0.0107386
0.0107346
0.0105869
0.0105748
0.0104406
0.0104193
0.0102958
0.0102654
0.0101494
0.0101089
0.0100004
0.00995044
0.00984783
0.00978897
0.009692
0.00962647
0.00953431
0.00946425
0.00937634
0.00930331
0.00921949
0.00914443
0.00906491
0.00898833
0.00891391
0.00883605
0.00876788
0.00868977
0.00862892
0.00855194
0.00849564
0.00842568
0.00835472
0.00831543
0.60326
0.862624
0.880555
0.880369
0.876928
0.877525
0.875318
0.876381
0.874337
0.875381
0.873385
0.874292
0.872378
0.873123
0.871341
0.871936
0.870296
0.870743
0.869408
0.869821
0.868549
0.868807
0.867643
0.86783
0.867206
0.867473
0.866859
0.867036
0.866366
0.86652
0.865807
0.865882
0.865117
0.865141
0.864584
0.864485
0.863846
0.863604
0.862848
0.862524
0.861808
0.861335
0.860595
0.86004
0.859273
0.858683
0.857925
0.8573
0.856545
0.855894
0.855159
0.854466
0.853776
0.853001
0.852402
0.851353
0.850662
0.849098
0.844365
0.851451
0.393913
0.602148
0.631369
0.633237
0.632945
0.632575
0.632198
0.631478
0.631273
0.630838
0.630774
0.630594
0.630698
0.630598
0.632298
0.63298
0.632766
0.632273
0.632877
0.633225
0.63303
0.63261
0.632922
0.633014
0.63161
0.632593
0.633257
0.631608
0.632694
0.633179
0.631736
0.632696
0.633487
0.633047
0.633069
0.632056
0.633146
0.633663
0.632232
0.633276
0.633916
0.632502
0.63345
0.634206
0.633464
0.63378
0.633845
0.63318
0.633981
0.634184
0.633578
0.633536
0.633225
0.633217
0.633026
0.633734
0.633919
0.633833
0.633779
0.633495
0.392788
0.599486
0.629364
0.63144
0.631254
0.630899
0.630566
0.629809
0.629662
0.629271
0.62926
0.629165
0.629322
0.629223
0.630921
0.631598
0.631385
0.63089
0.631516
0.631874
0.631681
0.631265
0.631663
0.631954
0.6319
0.631828
0.630443
0.6313
0.631986
0.630429
0.631437
0.631854
0.630506
0.631574
0.632214
0.630705
0.6318
0.632362
0.63094
0.631985
0.632629
0.631208
0.632195
0.632781
0.63151
0.632509
0.63292
0.631528
0.632537
0.632906
0.632309
0.632261
0.631784
0.632354
0.632521
0.632329
0.631741
0.632169
0.63226
0.631177
0.392388
0.599681
0.629927
0.632032
0.631844
0.63149
0.631144
0.630393
0.630226
0.62981
0.629782
0.629662
0.629812
0.629712
0.631373
0.632024
0.631809
0.631313
0.63199
0.632332
0.632156
0.631785
0.632161
0.632437
0.632383
0.632311
0.630921
0.631785
0.632471
0.630908
0.631926
0.632344
0.630987
0.632056
0.632697
0.631187
0.632283
0.632846
0.631421
0.632468
0.633112
0.63169
0.63268
0.633257
0.631979
0.632983
0.633403
0.632009
0.633021
0.633391
0.632795
0.632747
0.632272
0.632667
0.632907
0.632542
0.632659
0.632767
0.632591
0.632006
0.392597
0.599505
0.629582
0.631652
0.63146
0.631086
0.630753
0.630006
0.629854
0.629453
0.629438
0.629336
0.629491
0.629393
0.631053
0.631705
0.631491
0.630996
0.631673
0.632016
0.63184
0.63147
0.631846
0.632122
0.632068
0.631996
0.630608
0.631472
0.632158
0.630596
0.631609
0.632025
0.630672
0.631742
0.632384
0.630874
0.631969
0.632532
0.631108
0.632153
0.632798
0.631375
0.632363
0.632948
0.631679
0.632682
0.63309
0.631694
0.632704
0.633073
0.632477
0.632428
0.631953
0.632611
0.632801
0.632259
0.632415
0.632538
0.632275
0.631609
0.392479
0.599597
0.629773
0.631851
0.631661
0.631296
0.630955
0.630199
0.63004
0.629636
0.629612
0.629501
0.629654
0.629555
0.631291
0.631995
0.631782
0.631284
0.631879
0.632214
0.632019
0.631597
0.631995
0.632281
0.632228
0.632156
0.630767
0.631632
0.632318
0.630756
0.631766
0.632178
0.630828
0.631901
0.632543
0.631033
0.632128
0.632691
0.63127
0.632315
0.632957
0.631537
0.632524
0.6331
0.631824
0.63282
0.633244
0.631854
0.632863
0.633232
0.632637
0.632588
0.632112
0.632798
0.633004
0.632373
0.632604
0.632763
0.632524
0.631869
0.392479
0.599597
0.629773
0.631851
0.631661
0.631296
0.630955
0.630199
0.63004
0.629636
0.629612
0.629501
0.629654
0.629555
0.631291
0.631996
0.631782
0.631285
0.631879
0.632215
0.632019
0.631597
0.631995
0.632281
0.632228
0.632156
0.630767
0.631631
0.632317
0.630754
0.631771
0.63219
0.630833
0.631908
0.632562
0.631067
0.631971
0.632765
0.632094
0.632717
0.632875
0.632615
0.631942
0.632563
0.633127
0.631781
0.63273
0.633225
0.632543
0.632523
0.632406
0.632396
0.632292
0.632926
0.633093
0.632534
0.632743
0.632892
0.632645
0.631882
0.392597
0.599506
0.629582
0.631652
0.63146
0.631086
0.630751
0.629998
0.629848
0.629455
0.629438
0.629336
0.629491
0.629393
0.631125
0.631826
0.631613
0.631118
0.631716
0.632053
0.631858
0.631436
0.631834
0.632121
0.632067
0.631995
0.630607
0.631472
0.632159
0.630596
0.63161
0.632025
0.630672
0.631749
0.632402
0.630908
0.631812
0.632606
0.631937
0.632559
0.632716
0.632456
0.631779
0.632402
0.63297
0.63162
0.632569
0.633066
0.632381
0.632356
0.632196
0.632193
0.632157
0.632678
0.632815
0.632329
0.632484
0.632612
0.632344
0.631647
0.392388
0.599682
0.629927
0.632032
0.631844
0.63149
0.631144
0.630393
0.630226
0.62981
0.629782
0.629662
0.629812
0.629712
0.631369
0.632018
0.631803
0.631307
0.631987
0.632332
0.632156
0.631785
0.632161
0.632437
0.632383
0.632311
0.63092
0.631783
0.632467
0.630901
0.631927
0.632353
0.630985
0.632059
0.632715
0.63122
0.632125
0.632919
0.63225
0.632873
0.633029
0.632769
0.632092
0.632716
0.633286
0.631935
0.632885
0.633379
0.632692
0.632677
0.632596
0.632582
0.632432
0.633088
0.633271
0.63268
0.632946
0.633109
0.63288
0.632117
0.392788
0.599486
0.629365
0.63144
0.631255
0.630899
0.630566
0.629809
0.629663
0.629271
0.62926
0.629165
0.629322
0.629223
0.630943
0.631637
0.631424
0.630927
0.631535
0.631879
0.631685
0.631265
0.631665
0.631924
0.631675
0.631604
0.630415
0.631295
0.631983
0.630426
0.631438
0.631858
0.630507
0.63158
0.632232
0.630739
0.631643
0.632437
0.631772
0.632385
0.632539
0.632279
0.631604
0.632234
0.632799
0.631454
0.632403
0.632892
0.632216
0.632187
0.631938
0.632378
0.632682
0.632618
0.632618
0.632623
0.632604
0.632501
0.632217
0.631437
0.393913
0.602148
0.63137
0.633237
0.632945
0.632575
0.632198
0.631478
0.631273
0.630838
0.630774
0.630594
0.630698
0.630598
0.632321
0.633019
0.632805
0.632311
0.632896
0.63323
0.633033
0.632611
0.632922
0.633014
0.63161
0.632596
0.633251
0.631597
0.63269
0.633182
0.631737
0.632693
0.63348
0.633041
0.633063
0.632053
0.633145
0.633663
0.632235
0.633278
0.633916
0.632504
0.633495
0.634038
0.632749
0.633743
0.634172
0.632783
0.633789
0.634159
0.633572
0.633522
0.633008
0.633403
0.633602
0.633276
0.633472
0.633662
0.633487
0.633575
0.603259
0.862625
0.880558
0.880371
0.876929
0.877525
0.875318
0.876381
0.874338
0.875381
0.873385
0.874292
0.872378
0.873123
0.871341
0.871936
0.870296
0.870744
0.869409
0.869822
0.868549
0.868807
0.867649
0.867838
0.867208
0.867473
0.866868
0.867045
0.866366
0.866519
0.865806
0.865883
0.865135
0.865157
0.864581
0.864482
0.863843
0.863601
0.862844
0.862521
0.861805
0.861333
0.860593
0.860037
0.859269
0.858681
0.857925
0.857298
0.856544
0.855893
0.855158
0.854466
0.853776
0.853004
0.852404
0.851357
0.850664
0.849104
0.844319
0.851516
20.7558
18.5557
17.3988
17.2312
17.1686
17.1654
17.1364
17.143
17.1304
17.1397
17.1291
17.1375
17.1281
17.135
17.1269
17.1328
17.1256
17.1305
17.1243
17.1283
17.1231
17.1265
17.1222
17.1251
17.1217
17.1317
17.1322
17.128
17.136
17.1414
17.134
17.1352
17.127
17.1336
17.1352
17.1309
17.1386
17.1418
17.1338
17.1404
17.1425
17.1407
17.1413
17.1413
17.1409
17.141
17.1401
17.1396
17.1375
17.1363
17.1343
17.1329
17.1312
17.1298
17.1291
17.127
17.1251
17.1189
17.1114
17.2255
6.34656
3.12475
1.43017
1.01746
0.946827
0.926282
0.915734
0.913566
0.909521
0.9103
0.90859
0.90972
0.908237
0.909174
0.907884
0.908665
0.907549
0.908183
0.907217
0.907727
0.90691
0.907325
0.906643
0.906981
0.90648
0.90692
0.906656
0.90693
0.906781
0.907455
0.907532
0.907418
0.906966
0.906983
0.906815
0.906905
0.906732
0.906804
0.906502
0.906657
0.906671
0.906614
0.906376
0.906334
0.905916
0.905808
0.90539
0.905056
0.904608
0.904242
0.903788
0.903414
0.902987
0.902096
0.902234
0.901644
0.916753
0.924182
0.970855
1.11254
5.93925
2.84018
1.13672
0.769482
0.705024
0.699254
0.694122
0.694558
0.692733
0.693879
0.692391
0.693358
0.692041
0.692844
0.691694
0.692355
0.691361
0.691897
0.691036
0.691463
0.690734
0.691078
0.690461
0.690734
0.69027
0.690527
0.690176
0.690378
0.690129
0.690308
0.690275
0.690438
0.690236
0.690347
0.690105
0.690173
0.68992
0.689958
0.689904
0.689906
0.689587
0.689549
0.689184
0.689062
0.688678
0.688392
0.688002
0.687673
0.687284
0.686959
0.686562
0.686228
0.685832
0.685507
0.685073
0.684769
0.68434
0.684094
0.684068
0.684091
5.94077
2.82715
1.13058
0.768016
0.704659
0.699097
0.694044
0.694484
0.692667
0.693815
0.692333
0.6933
0.691987
0.692788
0.69164
0.692299
0.691307
0.691841
0.690981
0.691407
0.690679
0.691021
0.690405
0.690677
0.690215
0.69047
0.69012
0.690322
0.690073
0.690252
0.690218
0.690382
0.690181
0.690292
0.690051
0.690119
0.689867
0.689904
0.689851
0.689853
0.689534
0.689496
0.689131
0.68901
0.688627
0.688341
0.687952
0.687623
0.687233
0.686906
0.68651
0.686167
0.685782
0.685436
0.685064
0.6847
0.684395
0.68384
0.683549
0.681312
5.93997
2.82662
1.13042
0.767729
0.704293
0.698737
0.693693
0.694157
0.692354
0.693511
0.69203
0.692998
0.691685
0.692487
0.691339
0.691999
0.691006
0.691541
0.690681
0.691108
0.69038
0.690723
0.690107
0.69038
0.689917
0.690173
0.689822
0.690024
0.689774
0.689953
0.689919
0.690083
0.689881
0.689992
0.68975
0.689818
0.689565
0.689602
0.689555
0.689557
0.689231
0.689193
0.688827
0.688705
0.688322
0.688035
0.687646
0.687317
0.686928
0.686603
0.686209
0.685872
0.685487
0.685141
0.684752
0.684405
0.684059
0.683621
0.683331
0.681436
5.94138
2.82478
1.12958
0.767627
0.704423
0.698888
0.693857
0.694313
0.692507
0.69366
0.69218
0.693149
0.691836
0.692639
0.691491
0.692151
0.691159
0.691694
0.690834
0.69126
0.690532
0.690875
0.690259
0.690531
0.690068
0.690324
0.689973
0.690175
0.689926
0.690104
0.69007
0.690234
0.690032
0.690143
0.689902
0.68997
0.689717
0.689754
0.689707
0.689709
0.689383
0.689345
0.68898
0.688859
0.688475
0.688189
0.6878
0.687471
0.687082
0.686756
0.686362
0.686021
0.685642
0.685298
0.68493
0.684573
0.684281
0.683796
0.683531
0.681488
5.94138
2.82478
1.12958
0.767627
0.704423
0.698888
0.693857
0.694313
0.692507
0.69366
0.69218
0.693149
0.691836
0.692639
0.691491
0.692151
0.691159
0.691694
0.690834
0.69126
0.690531
0.690875
0.690259
0.690531
0.690068
0.690324
0.689973
0.690175
0.689926
0.690104
0.69007
0.690234
0.690032
0.690143
0.689902
0.68997
0.689717
0.689754
0.689708
0.689711
0.689383
0.689346
0.688978
0.688858
0.688476
0.688188
0.687799
0.687472
0.687082
0.686755
0.686363
0.686022
0.685642
0.685298
0.68493
0.684572
0.684281
0.683796
0.683531
0.681486
5.93997
2.82662
1.13042
0.767729
0.704293
0.698737
0.693693
0.694157
0.692354
0.693511
0.69203
0.692998
0.691685
0.692487
0.691339
0.691999
0.691006
0.691542
0.690681
0.691108
0.690379
0.690723
0.690107
0.69038
0.689917
0.690173
0.689822
0.690024
0.689774
0.689953
0.689919
0.690083
0.689881
0.689992
0.68975
0.689818
0.689565
0.689602
0.689556
0.689558
0.689231
0.689193
0.688825
0.688704
0.688323
0.688034
0.687645
0.687319
0.686928
0.686603
0.686209
0.685872
0.685487
0.685143
0.684755
0.684409
0.684064
0.683628
0.683338
0.681442
5.94077
2.82715
1.13058
0.768016
0.704659
0.699097
0.694044
0.694484
0.692667
0.693815
0.692333
0.6933
0.691987
0.692788
0.69164
0.692299
0.691307
0.691841
0.690981
0.691407
0.690679
0.691021
0.690405
0.690677
0.690215
0.69047
0.69012
0.690322
0.690073
0.690252
0.690219
0.690383
0.690181
0.690292
0.690051
0.690119
0.689866
0.689904
0.689859
0.689861
0.689534
0.689496
0.689129
0.689009
0.688628
0.68834
0.687951
0.687625
0.687234
0.686906
0.686511
0.686168
0.685783
0.685438
0.685064
0.684702
0.684398
0.683845
0.683553
0.681316
5.93925
2.84018
1.13672
0.769482
0.705023
0.699254
0.694121
0.694558
0.692733
0.693879
0.692391
0.693358
0.692041
0.692844
0.691694
0.692355
0.691361
0.691897
0.691036
0.691463
0.690734
0.691078
0.690461
0.690734
0.69027
0.690527
0.690176
0.690378
0.690129
0.690308
0.690274
0.690438
0.690236
0.690346
0.690105
0.690173
0.68992
0.689958
0.689912
0.689914
0.689587
0.689549
0.689182
0.689061
0.68868
0.688391
0.688002
0.687675
0.687284
0.686959
0.686562
0.686229
0.685833
0.685509
0.685075
0.684773
0.684344
0.6841
0.684071
0.684084
6.34656
3.12474
1.43016
1.01745
0.946817
0.926274
0.915726
0.91356
0.909518
0.910297
0.908587
0.909718
0.908234
0.909171
0.907882
0.908663
0.907546
0.908181
0.907214
0.907724
0.906908
0.907323
0.906636
0.90697
0.906473
0.906915
0.906652
0.906896
0.906724
0.907435
0.907512
0.907402
0.906982
0.906987
0.906798
0.906887
0.906724
0.906795
0.906482
0.906648
0.906662
0.906601
0.906373
0.906328
0.905911
0.905805
0.905386
0.905053
0.904606
0.90424
0.903786
0.903413
0.902983
0.902155
0.902272
0.901574
0.91658
0.923871
0.970412
1.11183
20.7558
18.5558
17.3989
17.2313
17.1687
17.1654
17.1364
17.143
17.1304
17.1397
17.1291
17.1375
17.1281
17.135
17.1269
17.1328
17.1256
17.1305
17.1243
17.1283
17.1231
17.1265
17.1222
17.1251
17.1217
17.1317
17.1321
17.128
17.136
17.1414
17.134
17.1351
17.127
17.1333
17.1348
17.1308
17.1385
17.1417
17.1336
17.1402
17.1424
17.1406
17.1413
17.1413
17.141
17.1411
17.1402
17.1396
17.1375
17.1363
17.1343
17.1329
17.1312
17.1298
17.1291
17.127
17.1252
17.1191
17.1111
17.2267
166.236
168.561
168.401
168.326
168.365
168.506
168.382
167.93
167.108
166.385
165.894
165.629
165.501
165.445
165.419
165.409
165.404
165.403
165.402
165.402
165.402
165.402
165.402
165.402
165.402
165.402
165.402
165.402
165.402
165.402
165.402
165.402
165.402
165.402
165.402
165.402
165.402
165.402
165.402
165.402
165.402
165.402
165.402
165.402
165.404
165.404
165.407
165.408
165.411
165.412
165.414
165.415
165.414
165.415
165.414
165.415
165.415
165.415
165.404
165.443
35.3318
35.2137
35.0245
34.9024
34.7748
34.6568
34.4545
34.2314
33.9893
33.8241
33.7324
33.6907
33.6746
33.6684
33.666
33.665
33.6646
33.6645
33.6645
33.6644
33.6644
33.6644
33.6644
33.6644
33.6644
33.6644
33.6644
33.6644
33.6644
33.6644
33.6644
33.6644
33.6644
33.6644
33.6644
33.6644
33.6644
33.6644
33.6644
33.6644
33.6644
33.6644
33.6645
33.6645
33.6646
33.6646
33.6649
33.665
33.6654
33.6656
33.666
33.6662
33.6666
33.6668
33.6673
33.6674
33.6678
33.6679
33.6639
33.9087
11.2985
11.421
11.3036
11.2273
11.1527
11.0879
10.9829
10.8667
10.7416
10.6583
10.6136
10.5948
10.5886
10.5867
10.5861
10.5859
10.5859
10.5859
10.5859
10.5859
10.5859
10.5859
10.5859
10.5859
10.5859
10.5859
10.5859
10.5859
10.5859
10.5859
10.5859
10.5859
10.5859
10.5859
10.5859
10.5859
10.5859
10.5859
10.5859
10.5859
10.5859
10.5859
10.5859
10.5859
10.5859
10.5859
10.586
10.586
10.5861
10.5862
10.5864
10.5865
10.5866
10.5867
10.5867
10.5868
10.5869
10.587
10.5878
10.8109
10.0092
10.2247
10.1191
10.0497
9.98334
9.92506
9.8282
9.71931
9.60136
9.52252
9.48016
9.46244
9.45663
9.45485
9.45438
9.45424
9.4542
9.45419
9.45419
9.45419
9.45419
9.45419
9.45419
9.45419
9.45419
9.45419
9.45419
9.45419
9.45419
9.45419
9.45419
9.45419
9.45419
9.45419
9.45419
9.45419
9.45419
9.45419
9.45419
9.45419
9.45419
9.45419
9.45419
9.4542
9.45421
9.45423
9.45428
9.45432
9.45444
9.45452
9.45468
9.45476
9.45486
9.45492
9.45496
9.45501
9.45512
9.45517
9.45609
9.78709
9.9426
10.1591
10.0538
9.98491
9.91875
9.86071
9.76431
9.65609
9.53888
9.46064
9.41863
9.40109
9.39536
9.3936
9.39314
9.39301
9.39297
9.39296
9.39296
9.39296
9.39296
9.39296
9.39296
9.39296
9.39296
9.39296
9.39296
9.39296
9.39296
9.39296
9.39296
9.39296
9.39296
9.39296
9.39296
9.39296
9.39296
9.39296
9.39296
9.39296
9.39296
9.39296
9.39296
9.39296
9.39298
9.393
9.39305
9.39309
9.39321
9.39329
9.39344
9.39352
9.39363
9.39368
9.39371
9.39376
9.39387
9.39392
9.39506
9.65831
9.95878
10.1767
10.0717
10.0026
9.93656
9.87858
9.78216
9.67377
9.55633
9.47788
9.43576
9.41816
9.4124
9.41063
9.41015
9.41002
9.40998
9.40997
9.40997
9.40997
9.40997
9.40996
9.40996
9.40996
9.40996
9.40996
9.40996
9.40996
9.40996
9.40996
9.40996
9.40996
9.40996
9.40996
9.40996
9.40996
9.40996
9.40997
9.40997
9.40997
9.40997
9.40997
9.40997
9.40997
9.40999
9.41
9.41006
9.4101
9.41022
9.4103
9.41045
9.41053
9.41064
9.41069
9.41073
9.41078
9.4109
9.41095
9.4119
9.72993
9.95872
10.1768
10.0718
10.0028
9.93669
9.87866
9.78222
9.67381
9.55636
9.4779
9.43578
9.41819
9.41244
9.41067
9.41019
9.41006
9.41002
9.41001
9.41001
9.41
9.41
9.41
9.41
9.41
9.41
9.41
9.41
9.41
9.41
9.41
9.41
9.41
9.41
9.41
9.41
9.41
9.41
9.41
9.41
9.41
9.41001
9.41001
9.41001
9.41001
9.41003
9.41004
9.4101
9.41014
9.41026
9.41034
9.4105
9.41058
9.41068
9.41074
9.41078
9.41083
9.41094
9.41099
9.41197
9.73001
9.94304
10.1582
10.0528
9.984
9.91795
9.85999
9.7637
9.65559
9.53847
9.46032
9.41841
9.40094
9.39524
9.39349
9.39302
9.39289
9.39286
9.39285
9.39284
9.39284
9.39284
9.39284
9.39284
9.39284
9.39284
9.39284
9.39284
9.39284
9.39284
9.39284
9.39284
9.39284
9.39284
9.39284
9.39284
9.39284
9.39284
9.39284
9.39284
9.39284
9.39284
9.39285
9.39285
9.39285
9.39287
9.39288
9.39293
9.39298
9.39309
9.39317
9.39333
9.39341
9.39351
9.39356
9.39359
9.39364
9.39375
9.3938
9.3949
9.65812
10.0085
10.2252
10.1196
10.0502
9.98372
9.92536
9.82842
9.71946
9.60147
9.52259
9.48016
9.4624
9.45654
9.45474
9.45425
9.45411
9.45407
9.45406
9.45406
9.45406
9.45406
9.45406
9.45406
9.45406
9.45406
9.45406
9.45406
9.45406
9.45406
9.45406
9.45406
9.45406
9.45406
9.45406
9.45406
9.45406
9.45406
9.45406
9.45406
9.45406
9.45406
9.45406
9.45406
9.45407
9.45408
9.4541
9.45415
9.45419
9.45431
9.45439
9.45455
9.45463
9.45473
9.45479
9.45483
9.45488
9.45499
9.45504
9.45601
9.78698
11.2866
11.4152
11.2982
11.2222
11.148
11.0834
10.9786
10.8628
10.738
10.655
10.6106
10.592
10.5859
10.584
10.5835
10.5833
10.5833
10.5832
10.5832
10.5832
10.5832
10.5832
10.5832
10.5832
10.5832
10.5832
10.5832
10.5832
10.5832
10.5832
10.5832
10.5832
10.5832
10.5832
10.5832
10.5832
10.5832
10.5832
10.5832
10.5832
10.5832
10.5832
10.5832
10.5833
10.5833
10.5833
10.5833
10.5834
10.5835
10.5836
10.5838
10.5838
10.584
10.584
10.5841
10.5841
10.5843
10.5843
10.5851
10.8081
35.2099
35.125
34.9425
34.8269
34.7047
34.5911
34.3928
34.1743
33.9365
33.7752
33.6862
33.6461
33.631
33.6252
33.623
33.6222
33.6219
33.6217
33.6217
33.6217
33.6217
33.6217
33.6217
33.6217
33.6217
33.6217
33.6217
33.6217
33.6217
33.6217
33.6217
33.6217
33.6217
33.6217
33.6217
33.6217
33.6217
33.6217
33.6217
33.6217
33.6217
33.6217
33.6217
33.6217
33.6218
33.6219
33.622
33.6222
33.6224
33.6226
33.623
33.6232
33.6235
33.6236
33.6239
33.6241
33.6244
33.6245
33.6206
33.865
165.562
167.856
167.721
167.677
167.749
167.929
167.853
167.461
166.697
166.021
165.562
165.314
165.197
165.145
165.121
165.111
165.107
165.106
165.105
165.105
165.105
165.105
165.105
165.105
165.105
165.105
165.105
165.105
165.105
165.105
165.105
165.105
165.105
165.105
165.105
165.105
165.105
165.105
165.105
165.105
165.105
165.105
165.105
165.105
165.106
165.107
165.109
165.11
165.112
165.113
165.114
165.114
165.113
165.113
165.112
165.112
165.112
165.112
165.103
165.142
20.6087
21.0268
20.8649
20.737
20.6452
20.57
20.3958
20.1627
19.8641
19.6418
19.5094
19.4444
19.4167
19.405
19.3998
19.3977
19.3968
19.3965
19.3964
19.3963
19.3963
19.3963
19.3963
19.3963
19.3963
19.3963
19.3963
19.3963
19.3963
19.3963
19.3963
19.3963
19.3963
19.3963
19.3963
19.3963
19.3963
19.3963
19.3963
19.3963
19.3963
19.3963
19.3964
19.3964
19.3966
19.3967
19.3971
19.3973
19.3978
19.3979
19.3981
19.3982
19.3982
19.3983
19.3986
19.3987
19.3978
19.3978
19.3888
19.3887
10.3439
10.5393
10.5098
10.4789
10.4507
10.4338
10.4186
10.404
10.3854
10.3624
10.3423
10.3267
10.3163
10.3107
10.3075
10.3062
10.3056
10.3054
10.3053
10.3053
10.3053
10.3053
10.3053
10.3053
10.3053
10.3053
10.3053
10.3053
10.3053
10.3053
10.3053
10.3053
10.3053
10.3053
10.3053
10.3053
10.3053
10.3053
10.3053
10.3053
10.3053
10.3053
10.3054
10.3054
10.3055
10.3056
10.3059
10.3059
10.3063
10.3063
10.3065
10.3065
10.3064
10.3065
10.3066
10.3066
10.3067
10.3068
10.3083
10.3144
9.16422
9.41098
9.40753
9.39455
9.38532
9.3848
9.3867
9.38376
9.373
9.35382
9.33523
9.32037
9.31018
9.30469
9.30165
9.3004
9.29981
9.29961
9.29953
9.2995
9.29949
9.29949
9.29949
9.29949
9.29949
9.29949
9.29949
9.29949
9.29949
9.29949
9.29949
9.29949
9.29949
9.29949
9.29949
9.29949
9.29949
9.29949
9.29949
9.29949
9.2995
9.29951
9.29955
9.29957
9.2997
9.29976
9.30005
9.30013
9.30049
9.30054
9.30068
9.30068
9.30062
9.30063
9.30072
9.30073
9.30091
9.30091
9.30229
9.29853
9.21527
9.4526
9.44964
9.43797
9.42962
9.43003
9.4324
9.42956
9.41864
9.39916
9.38029
9.36522
9.35491
9.34937
9.34631
9.34504
9.34445
9.34425
9.34416
9.34414
9.34413
9.34413
9.34413
9.34413
9.34413
9.34413
9.34413
9.34413
9.34413
9.34413
9.34413
9.34413
9.34413
9.34413
9.34413
9.34413
9.34413
9.34413
9.34413
9.34413
9.34414
9.34415
9.34419
9.34421
9.34434
9.3444
9.3447
9.34478
9.34514
9.34519
9.34533
9.34532
9.34526
9.34526
9.34534
9.34535
9.34549
9.3455
9.34682
9.34675
9.15927
9.40624
9.4037
9.39144
9.383
9.38308
9.38543
9.38273
9.3721
9.35294
9.33432
9.31943
9.30922
9.30372
9.30068
9.29942
9.29883
9.29863
9.29855
9.29852
9.29851
9.29851
9.29851
9.29851
9.29851
9.29851
9.29851
9.29851
9.29851
9.29851
9.29851
9.29851
9.29851
9.29851
9.29851
9.29851
9.29851
9.29851
9.29851
9.29852
9.29852
9.29853
9.29857
9.29859
9.29873
9.29878
9.29907
9.29915
9.29952
9.29957
9.29971
9.2997
9.29965
9.29965
9.29974
9.29975
9.29993
9.29994
9.3015
9.29873
9.18751
9.43004
9.42719
9.4154
9.40699
9.40727
9.4096
9.40685
9.3961
9.37681
9.35806
9.34303
9.33271
9.32717
9.3241
9.32283
9.32224
9.32203
9.32195
9.32193
9.32192
9.32192
9.32192
9.32192
9.32192
9.32192
9.32192
9.32192
9.32192
9.32192
9.32192
9.32192
9.32192
9.32192
9.32192
9.32192
9.32192
9.32192
9.32192
9.32192
9.32193
9.32193
9.32197
9.322
9.32213
9.32219
9.32248
9.32257
9.32293
9.32298
9.32312
9.32312
9.32305
9.32305
9.32313
9.32314
9.32328
9.32329
9.32447
9.32297
9.18741
9.42978
9.42699
9.41522
9.40683
9.40711
9.40944
9.40669
9.39594
9.37665
9.3579
9.34288
9.33257
9.32702
9.32396
9.32269
9.3221
9.32189
9.32181
9.32179
9.32178
9.32178
9.32178
9.32178
9.32178
9.32178
9.32178
9.32178
9.32178
9.32178
9.32178
9.32178
9.32178
9.32178
9.32178
9.32178
9.32178
9.32178
9.32178
9.32178
9.32179
9.32179
9.32183
9.32186
9.32199
9.32205
9.32234
9.32242
9.32279
9.32284
9.32298
9.32298
9.32291
9.32291
9.32299
9.323
9.32314
9.32315
9.32429
9.32279
9.15978
9.40652
9.40389
9.3916
9.38315
9.38323
9.38559
9.3829
9.37228
9.35314
9.33453
9.31963
9.30942
9.30392
9.30087
9.29962
9.29903
9.29882
9.29874
9.29872
9.29871
9.29871
9.29871
9.29871
9.29871
9.29871
9.29871
9.29871
9.29871
9.29871
9.29871
9.29871
9.29871
9.29871
9.29871
9.29871
9.29871
9.29871
9.29871
9.29871
9.29872
9.29873
9.29877
9.29879
9.29892
9.29898
9.29927
9.29935
9.29971
9.29976
9.2999
9.2999
9.29984
9.29984
9.29993
9.29994
9.30013
9.30014
9.30174
9.29895
9.21478
9.45223
9.44948
9.43781
9.42946
9.42986
9.43224
9.4294
9.4185
9.39902
9.38015
9.36509
9.35477
9.34923
9.34616
9.34489
9.3443
9.34409
9.34401
9.34399
9.34398
9.34398
9.34398
9.34398
9.34398
9.34398
9.34398
9.34398
9.34398
9.34398
9.34398
9.34398
9.34398
9.34398
9.34398
9.34398
9.34398
9.34398
9.34398
9.34398
9.34399
9.34399
9.34404
9.34406
9.34419
9.34425
9.34454
9.34463
9.34499
9.34504
9.34518
9.34518
9.34511
9.34511
9.34519
9.3452
9.34534
9.34535
9.34645
9.34637
9.16334
9.41006
9.40656
9.3937
9.38458
9.38416
9.38611
9.3832
9.37245
9.35327
9.33469
9.31983
9.30966
9.30418
9.30115
9.2999
9.29931
9.29911
9.29903
9.299
9.299
9.29899
9.29899
9.29899
9.29899
9.29899
9.29899
9.29899
9.29899
9.29899
9.29899
9.29899
9.29899
9.29899
9.29899
9.29899
9.29899
9.29899
9.29899
9.299
9.299
9.29901
9.29905
9.29907
9.29921
9.29926
9.29955
9.29963
9.29999
9.30004
9.30018
9.30017
9.30012
9.30012
9.30021
9.30022
9.30039
9.3004
9.30201
9.29823
10.3233
10.5197
10.4921
10.4626
10.4357
10.4199
10.4057
10.3919
10.3741
10.3516
10.3319
10.3166
10.3063
10.3007
10.2976
10.2964
10.2958
10.2956
10.2955
10.2955
10.2954
10.2954
10.2954
10.2954
10.2954
10.2954
10.2954
10.2954
10.2954
10.2954
10.2954
10.2954
10.2954
10.2954
10.2954
10.2954
10.2954
10.2954
10.2954
10.2954
10.2955
10.2955
10.2955
10.2955
10.2957
10.2957
10.296
10.2961
10.2964
10.2964
10.2965
10.2965
10.2965
10.2965
10.2966
10.2967
10.2967
10.2968
10.2984
10.3044
20.5013
20.9161
20.7595
20.638
20.5525
20.484
20.3169
20.0909
19.7985
19.5806
19.4511
19.3876
19.3607
19.3493
19.3442
19.3422
19.3413
19.341
19.3409
19.3409
19.3408
19.3408
19.3408
19.3408
19.3408
19.3408
19.3408
19.3408
19.3408
19.3408
19.3408
19.3408
19.3408
19.3408
19.3408
19.3408
19.3408
19.3408
19.3408
19.3409
19.3409
19.3409
19.3409
19.341
19.3411
19.3412
19.3416
19.3417
19.3421
19.3423
19.3423
19.3423
19.3423
19.3423
19.3425
19.3425
19.3416
19.3416
19.3326
19.3326
0.437092
0.440397
0.417133
0.400256
0.388128
0.375414
0.346708
0.311667
0.272334
0.246907
0.233639
0.228237
0.226567
0.226073
0.225952
0.225919
0.225909
0.225906
0.225905
0.225904
0.225904
0.225904
0.225904
0.225904
0.225904
0.225904
0.225904
0.225904
0.225904
0.225904
0.225904
0.225904
0.225904
0.225904
0.225904
0.225904
0.225904
0.225904
0.225904
0.225904
0.225904
0.225904
0.225905
0.225905
0.225907
0.225909
0.225914
0.225919
0.225928
0.225938
0.225944
0.225953
0.225957
0.225959
0.225969
0.225969
0.225972
0.225968
0.225841
0.225986
0.0901977
0.0921899
0.0918199
0.0909477
0.0904741
0.0899575
0.0896016
0.0893655
0.0892335
0.0891544
0.0891099
0.0890799
0.0890647
0.0890574
0.0890531
0.0890509
0.0890499
0.0890495
0.0890493
0.0890492
0.0890492
0.0890492
0.0890492
0.0890492
0.0890492
0.0890492
0.0890492
0.0890492
0.0890492
0.0890492
0.0890492
0.0890492
0.0890492
0.0890492
0.0890492
0.0890492
0.0890492
0.0890492
0.0890492
0.0890492
0.0890492
0.0890493
0.0890493
0.0890494
0.0890495
0.0890496
0.0890499
0.0890501
0.0890507
0.089051
0.0890535
0.0890541
0.0890619
0.0890628
0.0890772
0.0890776
0.0891006
0.0891007
0.0892193
0.0892665
0.0765704
0.0798616
0.0797911
0.0796584
0.0795406
0.0794546
0.0793686
0.0792396
0.0790852
0.0789114
0.0787648
0.0786621
0.0785961
0.078563
0.0785455
0.0785385
0.0785353
0.0785343
0.0785338
0.0785337
0.0785337
0.0785337
0.0785337
0.0785337
0.0785337
0.0785337
0.0785337
0.0785337
0.0785337
0.0785337
0.0785337
0.0785337
0.0785337
0.0785337
0.0785337
0.0785337
0.0785337
0.0785337
0.0785337
0.0785337
0.0785337
0.0785338
0.078534
0.0785341
0.078535
0.0785354
0.0785375
0.0785381
0.0785415
0.0785421
0.0785453
0.0785456
0.0785476
0.0785477
0.07855
0.0785502
0.0785534
0.0785535
0.0785703
0.0785248
0.0811474
0.0826957
0.0827642
0.0818426
0.0816323
0.0812234
0.0810869
0.0810668
0.081151
0.0812503
0.0813301
0.0813747
0.081401
0.0814119
0.0814181
0.0814209
0.0814221
0.0814224
0.0814225
0.0814225
0.0814225
0.0814225
0.0814225
0.0814225
0.0814225
0.0814225
0.0814225
0.0814225
0.0814225
0.0814225
0.0814225
0.0814225
0.0814225
0.0814225
0.0814225
0.0814225
0.0814225
0.0814225
0.0814225
0.0814225
0.0814225
0.0814225
0.0814224
0.0814223
0.0814218
0.0814216
0.0814201
0.0814198
0.0814177
0.0814176
0.0814195
0.0814203
0.0814329
0.0814342
0.081458
0.0814585
0.0814982
0.0814977
0.0816949
0.081586
0.0777656
0.0799787
0.0799124
0.0797837
0.0796708
0.0795879
0.0795042
0.0793761
0.0792217
0.0790473
0.0789001
0.0787968
0.0787305
0.0786973
0.0786796
0.0786726
0.0786694
0.0786683
0.0786679
0.0786678
0.0786678
0.0786677
0.0786677
0.0786677
0.0786677
0.0786677
0.0786677
0.0786677
0.0786677
0.0786677
0.0786677
0.0786677
0.0786677
0.0786677
0.0786677
0.0786677
0.0786677
0.0786677
0.0786677
0.0786678
0.0786678
0.0786678
0.0786681
0.0786682
0.0786691
0.0786694
0.0786716
0.0786722
0.0786756
0.0786763
0.0786794
0.0786797
0.0786817
0.0786818
0.0786841
0.0786842
0.0786876
0.0786877
0.0787054
0.0786668
0.0794706
0.0810656
0.0811225
0.0803564
0.0802114
0.0799839
0.0799478
0.0798771
0.0798021
0.0797132
0.0796759
0.0796917
0.0797188
0.0797287
0.0797332
0.0797343
0.0797347
0.0797348
0.0797348
0.0797348
0.0797348
0.0797348
0.0797348
0.0797348
0.0797348
0.0797348
0.0797348
0.0797348
0.0797348
0.0797348
0.0797348
0.0797348
0.0797348
0.0797348
0.0797348
0.0797348
0.0797348
0.0797348
0.0797348
0.0797348
0.0797348
0.0797348
0.0797347
0.0797347
0.0797344
0.0797343
0.0797335
0.0797333
0.0797322
0.0797323
0.0797345
0.0797352
0.0797459
0.079747
0.0797677
0.0797682
0.0798079
0.0798078
0.0800145
0.0799459
0.0794707
0.0810687
0.0811216
0.0803552
0.0802101
0.0799833
0.0799477
0.0798768
0.0798017
0.0797131
0.0796758
0.0796913
0.0797187
0.0797288
0.0797333
0.0797344
0.0797349
0.0797349
0.079735
0.079735
0.079735
0.079735
0.079735
0.079735
0.079735
0.079735
0.079735
0.079735
0.079735
0.079735
0.079735
0.079735
0.079735
0.079735
0.079735
0.079735
0.079735
0.079735
0.079735
0.079735
0.079735
0.079735
0.0797349
0.0797349
0.0797346
0.0797345
0.0797336
0.0797334
0.0797324
0.0797325
0.0797347
0.0797353
0.0797461
0.0797471
0.0797679
0.0797683
0.0798081
0.079808
0.0800144
0.0799459
0.0777718
0.0799803
0.0799133
0.0797846
0.0796716
0.0795889
0.0795052
0.0793773
0.0792232
0.079049
0.078902
0.0787988
0.0787326
0.0786994
0.0786818
0.0786747
0.0786715
0.0786705
0.0786701
0.0786699
0.0786699
0.0786699
0.0786699
0.0786699
0.0786699
0.0786699
0.0786699
0.0786699
0.0786699
0.0786699
0.0786699
0.0786699
0.0786699
0.0786699
0.0786699
0.0786699
0.0786699
0.0786699
0.0786699
0.0786699
0.0786699
0.07867
0.0786702
0.0786704
0.0786712
0.0786716
0.0786737
0.0786744
0.0786778
0.0786784
0.0786816
0.0786818
0.0786839
0.078684
0.0786862
0.0786864
0.0786897
0.0786898
0.0787079
0.0786691
0.0811406
0.0826954
0.0827609
0.0818392
0.0816288
0.0812195
0.081082
0.0810607
0.0811446
0.0812446
0.0813258
0.0813717
0.0813988
0.08141
0.0814165
0.0814194
0.0814207
0.081421
0.0814211
0.0814212
0.0814212
0.0814212
0.0814212
0.0814212
0.0814212
0.0814212
0.0814212
0.0814212
0.0814212
0.0814212
0.0814212
0.0814212
0.0814212
0.0814212
0.0814212
0.0814212
0.0814212
0.0814212
0.0814212
0.0814212
0.0814212
0.0814211
0.081421
0.0814209
0.0814204
0.0814202
0.0814187
0.0814183
0.0814163
0.0814162
0.0814181
0.0814189
0.0814316
0.0814329
0.0814567
0.0814572
0.0814968
0.0814964
0.0816909
0.081582
0.07657
0.0798565
0.0797862
0.0796543
0.0795371
0.0794514
0.0793657
0.079237
0.0790829
0.0789093
0.0787629
0.0786603
0.0785945
0.0785615
0.0785439
0.078537
0.0785338
0.0785327
0.0785323
0.0785322
0.0785321
0.0785321
0.0785321
0.0785321
0.0785321
0.0785321
0.0785321
0.0785321
0.0785321
0.0785321
0.0785321
0.0785321
0.0785321
0.0785321
0.0785321
0.0785321
0.0785321
0.0785321
0.0785321
0.0785321
0.0785322
0.0785322
0.0785325
0.0785326
0.0785334
0.0785338
0.0785359
0.0785366
0.07854
0.0785406
0.0785437
0.078544
0.078546
0.0785461
0.0785484
0.0785485
0.0785518
0.0785519
0.0785711
0.0785253
0.0900054
0.0920453
0.0916916
0.0908323
0.0903691
0.0898603
0.0895099
0.0892777
0.0891489
0.0890727
0.0890307
0.0890027
0.0889887
0.0889821
0.088978
0.088976
0.088975
0.0889746
0.0889745
0.0889744
0.0889744
0.0889744
0.0889744
0.0889744
0.0889744
0.0889744
0.0889744
0.0889744
0.0889744
0.0889744
0.0889744
0.0889744
0.0889744
0.0889744
0.0889744
0.0889744
0.0889744
0.0889744
0.0889744
0.0889744
0.0889744
0.0889744
0.0889745
0.0889745
0.0889747
0.0889748
0.088975
0.0889752
0.0889757
0.088976
0.0889783
0.0889789
0.0889865
0.0889874
0.0890016
0.089002
0.0890247
0.0890248
0.0891438
0.0891906
0.434893
0.438004
0.414919
0.398207
0.386203
0.373603
0.345078
0.310239
0.271123
0.245835
0.23264
0.227268
0.225608
0.225117
0.224998
0.224965
0.224955
0.224952
0.224951
0.22495
0.22495
0.22495
0.22495
0.22495
0.22495
0.22495
0.22495
0.22495
0.22495
0.22495
0.22495
0.22495
0.22495
0.22495
0.22495
0.22495
0.22495
0.22495
0.22495
0.22495
0.22495
0.22495
0.224951
0.224951
0.224953
0.224955
0.22496
0.224965
0.224973
0.224983
0.224989
0.224997
0.225
0.225002
0.225009
0.225009
0.22501
0.225006
0.224877
0.225021
0.437092
0.440397
0.417133
0.400257
0.388128
0.375414
0.346708
0.311667
0.272334
0.246907
0.23364
0.228237
0.226568
0.226074
0.225953
0.22592
0.225909
0.225906
0.225905
0.225905
0.225905
0.225904
0.225904
0.225904
0.225904
0.225904
0.225904
0.225904
0.225904
0.225904
0.225904
0.225904
0.225904
0.225904
0.225904
0.225904
0.225904
0.225904
0.225905
0.225905
0.225905
0.225905
0.225905
0.225906
0.225908
0.225909
0.225915
0.22592
0.225928
0.225938
0.225945
0.225953
0.225958
0.22596
0.225969
0.22597
0.225972
0.225968
0.225841
0.225986
0.0901976
0.0921899
0.0918198
0.0909476
0.090474
0.0899575
0.0896015
0.0893656
0.0892336
0.0891545
0.08911
0.08908
0.0890647
0.0890575
0.0890531
0.0890509
0.0890499
0.0890495
0.0890493
0.0890493
0.0890492
0.0890492
0.0890492
0.0890492
0.0890492
0.0890492
0.0890492
0.0890492
0.0890492
0.0890492
0.0890492
0.0890492
0.0890492
0.0890492
0.0890492
0.0890492
0.0890492
0.0890492
0.0890492
0.0890492
0.0890493
0.0890493
0.0890493
0.0890494
0.0890495
0.0890496
0.0890499
0.0890501
0.0890507
0.089051
0.0890535
0.0890541
0.0890619
0.0890628
0.0890772
0.0890776
0.0891005
0.0891007
0.0892192
0.0892664
0.0765705
0.0798617
0.0797911
0.0796584
0.0795406
0.0794546
0.0793686
0.0792396
0.0790853
0.0789115
0.0787649
0.0786622
0.0785962
0.0785631
0.0785456
0.0785386
0.0785354
0.0785344
0.0785339
0.0785338
0.0785338
0.0785338
0.0785338
0.0785338
0.0785338
0.0785338
0.0785338
0.0785338
0.0785338
0.0785338
0.0785338
0.0785338
0.0785338
0.0785338
0.0785338
0.0785338
0.0785338
0.0785338
0.0785338
0.0785338
0.0785338
0.0785339
0.0785341
0.0785342
0.0785351
0.0785355
0.0785376
0.0785382
0.0785416
0.0785422
0.0785454
0.0785457
0.0785477
0.0785478
0.0785501
0.0785502
0.0785535
0.0785536
0.0785704
0.0785249
0.0811477
0.082696
0.0827645
0.0818429
0.0816326
0.0812237
0.0810872
0.0810673
0.0811515
0.0812508
0.0813306
0.0813752
0.0814014
0.0814123
0.0814185
0.0814213
0.0814225
0.0814228
0.0814229
0.0814229
0.0814229
0.0814229
0.0814229
0.0814229
0.0814229
0.0814229
0.0814229
0.0814229
0.0814229
0.0814229
0.0814229
0.0814229
0.0814229
0.0814229
0.0814229
0.0814229
0.0814229
0.0814229
0.0814229
0.0814229
0.0814229
0.0814229
0.0814227
0.0814227
0.0814222
0.081422
0.0814205
0.0814201
0.0814181
0.081418
0.0814199
0.0814206
0.0814333
0.0814345
0.0814584
0.0814588
0.0814985
0.081498
0.0816951
0.0815862
0.0777658
0.0799788
0.0799124
0.0797837
0.0796708
0.079588
0.0795043
0.0793761
0.0792218
0.0790474
0.0789002
0.0787969
0.0787307
0.0786974
0.0786797
0.0786727
0.0786695
0.0786685
0.078668
0.0786679
0.0786679
0.0786679
0.0786678
0.0786678
0.0786678
0.0786678
0.0786678
0.0786678
0.0786678
0.0786678
0.0786678
0.0786678
0.0786678
0.0786678
0.0786678
0.0786678
0.0786678
0.0786679
0.0786679
0.0786679
0.0786679
0.078668
0.0786682
0.0786683
0.0786692
0.0786696
0.0786717
0.0786723
0.0786758
0.0786764
0.0786796
0.0786798
0.0786818
0.078682
0.0786842
0.0786843
0.0786877
0.0786878
0.0787055
0.0786669
0.0794709
0.0810659
0.0811227
0.0803566
0.0802116
0.0799841
0.079948
0.0798774
0.0798024
0.0797136
0.0796763
0.0796921
0.0797191
0.0797291
0.0797335
0.0797346
0.079735
0.0797351
0.0797351
0.0797351
0.0797351
0.0797351
0.0797351
0.0797351
0.0797351
0.0797351
0.0797351
0.0797351
0.0797351
0.0797351
0.0797351
0.0797351
0.0797351
0.0797351
0.0797351
0.0797351
0.0797351
0.0797351
0.0797351
0.0797351
0.0797351
0.0797351
0.079735
0.079735
0.0797347
0.0797346
0.0797338
0.0797336
0.0797326
0.0797327
0.0797348
0.0797355
0.0797462
0.0797473
0.079768
0.0797684
0.0798082
0.0798081
0.0800147
0.0799461
0.0794709
0.081069
0.0811219
0.0803554
0.0802103
0.0799834
0.0799479
0.0798771
0.079802
0.0797134
0.0796762
0.0796917
0.0797191
0.0797291
0.0797336
0.0797348
0.0797352
0.0797353
0.0797353
0.0797353
0.0797353
0.0797353
0.0797353
0.0797353
0.0797353
0.0797353
0.0797353
0.0797353
0.0797353
0.0797353
0.0797353
0.0797353
0.0797353
0.0797353
0.0797353
0.0797353
0.0797353
0.0797353
0.0797353
0.0797353
0.0797353
0.0797353
0.0797352
0.0797352
0.0797349
0.0797348
0.079734
0.0797338
0.0797327
0.0797328
0.079735
0.0797356
0.0797464
0.0797474
0.0797682
0.0797686
0.0798084
0.0798082
0.0800146
0.0799461
0.0777721
0.0799803
0.0799134
0.0797846
0.0796717
0.0795889
0.0795053
0.0793774
0.0792233
0.0790491
0.0789021
0.078799
0.0787328
0.0786995
0.0786819
0.0786749
0.0786717
0.0786706
0.0786702
0.07867
0.07867
0.07867
0.07867
0.07867
0.07867
0.07867
0.07867
0.07867
0.07867
0.07867
0.07867
0.07867
0.07867
0.07867
0.07867
0.07867
0.07867
0.07867
0.07867
0.07867
0.0786701
0.0786701
0.0786703
0.0786705
0.0786713
0.0786717
0.0786738
0.0786745
0.0786779
0.0786785
0.0786817
0.0786819
0.078684
0.0786841
0.0786864
0.0786865
0.0786898
0.0786899
0.078708
0.0786692
0.0811409
0.0826957
0.0827612
0.0818395
0.0816289
0.0812197
0.0810823
0.0810612
0.0811451
0.0812452
0.0813263
0.0813721
0.0813992
0.0814104
0.0814169
0.0814198
0.0814211
0.0814214
0.0814215
0.0814216
0.0814216
0.0814216
0.0814216
0.0814216
0.0814216
0.0814216
0.0814216
0.0814216
0.0814216
0.0814216
0.0814216
0.0814216
0.0814216
0.0814216
0.0814216
0.0814216
0.0814216
0.0814216
0.0814216
0.0814216
0.0814215
0.0814215
0.0814214
0.0814213
0.0814208
0.0814206
0.0814191
0.0814187
0.0814167
0.0814166
0.0814185
0.0814193
0.081432
0.0814332
0.0814571
0.0814575
0.0814971
0.0814967
0.0816911
0.0815822
0.0765702
0.0798566
0.0797862
0.0796544
0.0795372
0.0794515
0.0793658
0.0792371
0.079083
0.0789094
0.0787631
0.0786605
0.0785947
0.0785616
0.0785441
0.0785371
0.0785339
0.0785329
0.0785325
0.0785323
0.0785323
0.0785323
0.0785323
0.0785323
0.0785323
0.0785323
0.0785323
0.0785323
0.0785323
0.0785323
0.0785323
0.0785323
0.0785323
0.0785323
0.0785323
0.0785323
0.0785323
0.0785323
0.0785323
0.0785323
0.0785323
0.0785324
0.0785326
0.0785328
0.0785336
0.078534
0.0785361
0.0785367
0.0785401
0.0785407
0.0785439
0.0785441
0.0785461
0.0785463
0.0785486
0.0785487
0.0785519
0.078552
0.0785712
0.0785255
0.090006
0.0920459
0.0916922
0.0908329
0.0903697
0.0898609
0.0895105
0.0892784
0.0891496
0.0890734
0.0890314
0.0890033
0.0889894
0.0889827
0.0889787
0.0889766
0.0889756
0.0889753
0.0889751
0.0889751
0.088975
0.088975
0.088975
0.088975
0.088975
0.088975
0.088975
0.088975
0.088975
0.088975
0.088975
0.088975
0.088975
0.088975
0.088975
0.088975
0.088975
0.088975
0.088975
0.088975
0.088975
0.0889751
0.0889751
0.0889751
0.0889753
0.0889754
0.0889756
0.0889758
0.0889763
0.0889766
0.088979
0.0889795
0.0889872
0.088988
0.0890022
0.0890025
0.0890252
0.0890254
0.0891444
0.089191
0.434892
0.438003
0.414918
0.398207
0.386203
0.373603
0.345078
0.310239
0.271123
0.245835
0.23264
0.227268
0.225609
0.225117
0.224998
0.224965
0.224955
0.224952
0.224951
0.22495
0.22495
0.22495
0.22495
0.22495
0.22495
0.22495
0.22495
0.22495
0.22495
0.22495
0.22495
0.22495
0.22495
0.22495
0.22495
0.22495
0.22495
0.22495
0.22495
0.22495
0.22495
0.22495
0.224951
0.224951
0.224953
0.224955
0.22496
0.224965
0.224973
0.224983
0.224989
0.224997
0.225
0.225002
0.225009
0.225009
0.22501
0.225006
0.224877
0.225021
20.6087
21.0268
20.8649
20.737
20.6452
20.5701
20.3958
20.1627
19.8641
19.6418
19.5094
19.4444
19.4167
19.405
19.3998
19.3977
19.3968
19.3965
19.3964
19.3963
19.3963
19.3963
19.3963
19.3963
19.3963
19.3963
19.3963
19.3963
19.3963
19.3963
19.3963
19.3963
19.3963
19.3963
19.3963
19.3963
19.3963
19.3963
19.3963
19.3963
19.3963
19.3964
19.3964
19.3965
19.3966
19.3967
19.3971
19.3973
19.3978
19.3979
19.3981
19.3982
19.3982
19.3983
19.3986
19.3987
19.3978
19.3978
19.3888
19.3887
10.3439
10.5392
10.5098
10.4789
10.4507
10.4338
10.4186
10.4039
10.3854
10.3624
10.3423
10.3267
10.3163
10.3106
10.3075
10.3062
10.3056
10.3054
10.3053
10.3053
10.3053
10.3053
10.3053
10.3053
10.3053
10.3053
10.3053
10.3053
10.3053
10.3053
10.3053
10.3053
10.3053
10.3053
10.3053
10.3053
10.3053
10.3053
10.3053
10.3053
10.3053
10.3053
10.3053
10.3054
10.3055
10.3056
10.3059
10.3059
10.3063
10.3063
10.3064
10.3064
10.3064
10.3064
10.3066
10.3066
10.3067
10.3067
10.3083
10.3144
9.16421
9.41097
9.40752
9.39454
9.38531
9.3848
9.3867
9.38376
9.373
9.35381
9.33523
9.32037
9.31018
9.30469
9.30165
9.3004
9.29981
9.29961
9.29952
9.2995
9.29949
9.29949
9.29949
9.29949
9.29949
9.29949
9.29949
9.29949
9.29949
9.29949
9.29949
9.29949
9.29949
9.29949
9.29949
9.29949
9.29949
9.29949
9.29949
9.29949
9.2995
9.29951
9.29955
9.29957
9.2997
9.29976
9.30005
9.30013
9.30049
9.30054
9.30068
9.30068
9.30062
9.30063
9.30072
9.30073
9.3009
9.30091
9.30229
9.29853
9.21527
9.4526
9.44964
9.43797
9.42962
9.43003
9.4324
9.42956
9.41864
9.39916
9.38029
9.36522
9.35491
9.34937
9.34631
9.34504
9.34445
9.34425
9.34417
9.34414
9.34413
9.34413
9.34413
9.34413
9.34413
9.34413
9.34413
9.34413
9.34413
9.34413
9.34413
9.34413
9.34413
9.34413
9.34413
9.34413
9.34413
9.34413
9.34413
9.34413
9.34414
9.34415
9.34419
9.34421
9.34435
9.3444
9.3447
9.34478
9.34514
9.34519
9.34533
9.34532
9.34526
9.34526
9.34534
9.34535
9.34549
9.3455
9.34682
9.34675
9.15927
9.40624
9.40369
9.39143
9.383
9.38308
9.38543
9.38273
9.3721
9.35294
9.33432
9.31943
9.30922
9.30372
9.30068
9.29942
9.29883
9.29863
9.29855
9.29852
9.29852
9.29851
9.29851
9.29851
9.29851
9.29851
9.29851
9.29851
9.29851
9.29851
9.29851
9.29851
9.29851
9.29851
9.29851
9.29851
9.29851
9.29851
9.29851
9.29852
9.29852
9.29853
9.29857
9.29859
9.29873
9.29878
9.29908
9.29916
9.29952
9.29957
9.29971
9.2997
9.29965
9.29965
9.29974
9.29975
9.29993
9.29994
9.3015
9.29873
9.18751
9.43003
9.42719
9.4154
9.40699
9.40727
9.4096
9.40685
9.3961
9.37681
9.35806
9.34303
9.33271
9.32717
9.3241
9.32283
9.32224
9.32203
9.32195
9.32193
9.32192
9.32192
9.32192
9.32192
9.32192
9.32192
9.32192
9.32192
9.32192
9.32192
9.32192
9.32192
9.32192
9.32192
9.32192
9.32192
9.32192
9.32192
9.32192
9.32192
9.32193
9.32193
9.32198
9.322
9.32213
9.32219
9.32248
9.32257
9.32293
9.32298
9.32312
9.32312
9.32305
9.32305
9.32313
9.32314
9.32328
9.32329
9.32447
9.32297
9.18741
9.42978
9.42699
9.41522
9.40683
9.40711
9.40944
9.40669
9.39594
9.37665
9.35791
9.34288
9.33257
9.32702
9.32396
9.32269
9.3221
9.32189
9.32181
9.32179
9.32178
9.32178
9.32178
9.32178
9.32178
9.32178
9.32178
9.32178
9.32178
9.32178
9.32178
9.32178
9.32178
9.32178
9.32178
9.32178
9.32178
9.32178
9.32178
9.32178
9.32179
9.32179
9.32183
9.32186
9.32199
9.32205
9.32234
9.32243
9.32279
9.32284
9.32298
9.32298
9.32291
9.32291
9.32299
9.323
9.32314
9.32315
9.32429
9.32279
9.15978
9.40652
9.40389
9.3916
9.38315
9.38323
9.38559
9.3829
9.37229
9.35314
9.33453
9.31963
9.30942
9.30392
9.30088
9.29962
9.29903
9.29883
9.29874
9.29872
9.29871
9.29871
9.29871
9.29871
9.29871
9.29871
9.29871
9.29871
9.29871
9.29871
9.29871
9.29871
9.29871
9.29871
9.29871
9.29871
9.29871
9.29871
9.29871
9.29871
9.29872
9.29873
9.29877
9.29879
9.29892
9.29898
9.29927
9.29935
9.29971
9.29976
9.2999
9.2999
9.29984
9.29984
9.29993
9.29994
9.30013
9.30014
9.30174
9.29895
9.21479
9.45223
9.44948
9.43781
9.42946
9.42986
9.43224
9.4294
9.4185
9.39903
9.38015
9.36509
9.35478
9.34923
9.34616
9.34489
9.3443
9.3441
9.34401
9.34399
9.34398
9.34398
9.34398
9.34398
9.34398
9.34398
9.34398
9.34398
9.34398
9.34398
9.34398
9.34398
9.34398
9.34398
9.34398
9.34398
9.34398
9.34398
9.34398
9.34398
9.34399
9.344
9.34404
9.34406
9.34419
9.34425
9.34455
9.34463
9.34499
9.34504
9.34518
9.34518
9.34511
9.34512
9.34519
9.3452
9.34535
9.34535
9.34645
9.34637
9.16335
9.41007
9.40656
9.3937
9.38459
9.38416
9.38611
9.3832
9.37245
9.35328
9.33469
9.31983
9.30966
9.30418
9.30115
9.2999
9.29931
9.29911
9.29903
9.29901
9.299
9.299
9.29899
9.29899
9.29899
9.29899
9.29899
9.29899
9.29899
9.29899
9.29899
9.29899
9.29899
9.29899
9.29899
9.29899
9.29899
9.29899
9.299
9.299
9.29901
9.29901
9.29905
9.29908
9.29921
9.29926
9.29955
9.29963
9.29999
9.30004
9.30018
9.30017
9.30012
9.30012
9.30021
9.30022
9.3004
9.3004
9.30202
9.29823
10.3233
10.5197
10.4921
10.4626
10.4357
10.4199
10.4057
10.3919
10.3741
10.3517
10.3319
10.3166
10.3063
10.3007
10.2977
10.2964
10.2958
10.2956
10.2955
10.2955
10.2955
10.2955
10.2955
10.2955
10.2955
10.2955
10.2955
10.2955
10.2955
10.2955
10.2955
10.2955
10.2955
10.2955
10.2955
10.2955
10.2955
10.2955
10.2955
10.2955
10.2955
10.2955
10.2955
10.2955
10.2957
10.2957
10.296
10.2961
10.2964
10.2965
10.2966
10.2966
10.2965
10.2965
10.2966
10.2967
10.2967
10.2968
10.2984
10.3044
20.5013
20.9161
20.7595
20.638
20.5525
20.484
20.3169
20.0909
19.7985
19.5806
19.4511
19.3877
19.3607
19.3493
19.3442
19.3422
19.3413
19.341
19.3409
19.3409
19.3409
19.3409
19.3409
19.3409
19.3409
19.3409
19.3409
19.3409
19.3409
19.3409
19.3409
19.3409
19.3409
19.3409
19.3409
19.3409
19.3409
19.3409
19.3409
19.3409
19.3409
19.3409
19.3409
19.341
19.3412
19.3412
19.3416
19.3417
19.3421
19.3423
19.3423
19.3424
19.3423
19.3423
19.3425
19.3425
19.3416
19.3416
19.3326
19.3326
166.236
168.561
168.401
168.326
168.365
168.506
168.382
167.93
167.108
166.385
165.894
165.629
165.501
165.445
165.419
165.409
165.404
165.403
165.402
165.402
165.402
165.402
165.402
165.402
165.402
165.402
165.402
165.402
165.402
165.402
165.402
165.402
165.402
165.402
165.402
165.402
165.402
165.402
165.402
165.402
165.402
165.402
165.402
165.402
165.403
165.404
165.407
165.408
165.411
165.412
165.414
165.415
165.414
165.415
165.414
165.415
165.415
165.415
165.404
165.443
35.3318
35.2136
35.0245
34.9024
34.7748
34.6568
34.4544
34.2314
33.9892
33.8241
33.7323
33.6907
33.6746
33.6684
33.6659
33.665
33.6646
33.6645
33.6644
33.6644
33.6644
33.6644
33.6644
33.6644
33.6644
33.6644
33.6644
33.6644
33.6644
33.6644
33.6644
33.6644
33.6644
33.6644
33.6644
33.6644
33.6644
33.6644
33.6644
33.6644
33.6644
33.6644
33.6645
33.6645
33.6646
33.6646
33.6649
33.665
33.6654
33.6656
33.666
33.6662
33.6666
33.6668
33.6672
33.6674
33.6678
33.6679
33.6639
33.9085
11.2985
11.421
11.3036
11.2273
11.1527
11.0879
10.9828
10.8667
10.7416
10.6583
10.6136
10.5948
10.5886
10.5867
10.5861
10.5859
10.5859
10.5859
10.5859
10.5859
10.5859
10.5859
10.5859
10.5859
10.5859
10.5859
10.5859
10.5859
10.5859
10.5859
10.5859
10.5859
10.5859
10.5859
10.5859
10.5859
10.5859
10.5859
10.5859
10.5859
10.5859
10.5859
10.5859
10.5859
10.5859
10.5859
10.586
10.586
10.5861
10.5862
10.5864
10.5865
10.5866
10.5867
10.5867
10.5868
10.5869
10.587
10.5878
10.8109
10.0092
10.2247
10.1191
10.0497
9.98334
9.92506
9.8282
9.71931
9.60136
9.52252
9.48016
9.46243
9.45663
9.45485
9.45437
9.45424
9.4542
9.45419
9.45419
9.45419
9.45419
9.45419
9.45419
9.45419
9.45419
9.45419
9.45419
9.45419
9.45419
9.45419
9.45419
9.45419
9.45419
9.45419
9.45419
9.45419
9.45419
9.45419
9.45419
9.45419
9.45419
9.45419
9.45419
9.45419
9.45421
9.45423
9.45428
9.45432
9.45444
9.45452
9.45468
9.45476
9.45486
9.45492
9.45496
9.45501
9.45512
9.45517
9.45609
9.78709
9.9426
10.1591
10.0538
9.9849
9.91875
9.86071
9.76431
9.65609
9.53888
9.46064
9.41863
9.40109
9.39536
9.3936
9.39314
9.39301
9.39297
9.39296
9.39296
9.39296
9.39296
9.39296
9.39296
9.39296
9.39296
9.39296
9.39296
9.39296
9.39296
9.39296
9.39296
9.39296
9.39296
9.39296
9.39296
9.39296
9.39296
9.39296
9.39296
9.39296
9.39296
9.39296
9.39296
9.39296
9.39298
9.39299
9.39305
9.39309
9.39321
9.39329
9.39344
9.39352
9.39363
9.39368
9.39371
9.39376
9.39387
9.39392
9.39506
9.65832
9.95877
10.1767
10.0717
10.0026
9.93656
9.87858
9.78216
9.67377
9.55633
9.47788
9.43576
9.41816
9.4124
9.41063
9.41015
9.41002
9.40998
9.40997
9.40997
9.40996
9.40996
9.40996
9.40996
9.40996
9.40996
9.40996
9.40996
9.40996
9.40996
9.40996
9.40996
9.40996
9.40996
9.40996
9.40996
9.40996
9.40996
9.40996
9.40996
9.40996
9.40997
9.40997
9.40997
9.40997
9.40999
9.41
9.41006
9.4101
9.41022
9.4103
9.41045
9.41053
9.41064
9.41069
9.41073
9.41078
9.4109
9.41095
9.4119
9.73093
9.95872
10.1768
10.0718
10.0028
9.93669
9.87866
9.78222
9.67381
9.55636
9.4779
9.43578
9.41819
9.41244
9.41067
9.41019
9.41006
9.41002
9.41001
9.41001
9.41
9.41
9.41
9.41
9.41
9.41
9.41
9.41
9.41
9.41
9.41
9.41
9.41
9.41
9.41
9.41
9.41
9.41
9.41
9.41
9.41
9.41
9.41001
9.41001
9.41001
9.41003
9.41004
9.4101
9.41014
9.41026
9.41034
9.4105
9.41058
9.41068
9.41074
9.41078
9.41083
9.41094
9.41099
9.41197
9.72899
9.94304
10.1582
10.0528
9.98399
9.91794
9.85999
9.7637
9.65559
9.53847
9.46032
9.41841
9.40094
9.39524
9.39349
9.39302
9.39289
9.39286
9.39285
9.39284
9.39284
9.39284
9.39284
9.39284
9.39284
9.39284
9.39284
9.39284
9.39284
9.39284
9.39284
9.39284
9.39284
9.39284
9.39284
9.39284
9.39284
9.39284
9.39284
9.39284
9.39284
9.39284
9.39284
9.39285
9.39285
9.39287
9.39288
9.39293
9.39298
9.39309
9.39317
9.39332
9.39341
9.39351
9.39356
9.39359
9.39364
9.39375
9.3938
9.39489
9.65812
10.0085
10.2252
10.1196
10.0502
9.98372
9.92536
9.82841
9.71946
9.60147
9.52259
9.48016
9.46239
9.45654
9.45474
9.45425
9.45411
9.45407
9.45406
9.45406
9.45406
9.45406
9.45406
9.45406
9.45406
9.45406
9.45406
9.45406
9.45406
9.45406
9.45406
9.45406
9.45406
9.45406
9.45406
9.45406
9.45406
9.45406
9.45406
9.45406
9.45406
9.45406
9.45406
9.45406
9.45407
9.45408
9.4541
9.45415
9.45419
9.45431
9.45439
9.45455
9.45463
9.45473
9.45479
9.45483
9.45488
9.45499
9.45504
9.45601
9.78698
11.2866
11.4152
11.2982
11.2222
11.148
11.0834
10.9786
10.8628
10.738
10.655
10.6106
10.592
10.5859
10.584
10.5835
10.5833
10.5833
10.5832
10.5832
10.5832
10.5832
10.5832
10.5832
10.5832
10.5832
10.5832
10.5832
10.5832
10.5832
10.5832
10.5832
10.5832
10.5832
10.5832
10.5832
10.5832
10.5832
10.5832
10.5832
10.5832
10.5832
10.5832
10.5832
10.5833
10.5833
10.5833
10.5833
10.5834
10.5835
10.5836
10.5838
10.5838
10.584
10.584
10.5841
10.5841
10.5843
10.5843
10.5851
10.808
35.2099
35.125
34.9425
34.8269
34.7047
34.5911
34.3928
34.1743
33.9366
33.7752
33.6862
33.6461
33.631
33.6252
33.623
33.6222
33.6219
33.6217
33.6217
33.6217
33.6217
33.6217
33.6217
33.6217
33.6217
33.6217
33.6217
33.6217
33.6217
33.6217
33.6217
33.6217
33.6217
33.6217
33.6217
33.6217
33.6217
33.6217
33.6217
33.6217
33.6217
33.6217
33.6217
33.6217
33.6218
33.6219
33.622
33.6222
33.6224
33.6226
33.623
33.6232
33.6235
33.6236
33.6239
33.6241
33.6244
33.6245
33.6206
33.862
165.562
167.855
167.721
167.677
167.749
167.929
167.853
167.461
166.697
166.021
165.562
165.314
165.197
165.145
165.121
165.111
165.107
165.106
165.105
165.105
165.105
165.105
165.105
165.105
165.105
165.105
165.105
165.105
165.105
165.105
165.105
165.105
165.105
165.105
165.105
165.105
165.105
165.105
165.105
165.105
165.105
165.105
165.105
165.105
165.106
165.107
165.109
165.11
165.112
165.113
165.114
165.114
165.113
165.113
165.112
165.112
165.112
165.112
165.103
165.142
)
;

boundaryField
{
    upperWall
    {
        type            fixedValue;
        value           uniform 0;
    }
    lowerWall
    {
        type            fixedValue;
        value           uniform 0;
    }
    heatedWall
    {
        type            fixedValue;
        value           uniform 0;
    }
    inlet
    {
        type            fixedValue;
        value           uniform 2e-05;
    }
    outlet
    {
        type            inletOutlet;
        inletValue      uniform 0;
        value           nonuniform List<scalar> 
72
(
165.443
33.9087
10.8109
0
9.65831
9.72993
9.73001
9.65812
0
10.8081
33.865
165.142
0
0
0
0
0
0
0
0
0
0
0
0
0
0
0
0
0
0
0
0
0
0
0
0
0
0
0
0
0
0
0
0
0
0
0
0
0
0
0
0
0
0
0
0
0
0
0
0
165.443
33.9085
10.8109
0
9.65832
9.73093
9.72899
9.65812
0
10.808
33.862
165.142
)
;
    }
    frontAndBack
    {
        type            empty;
    }
}


// ************************************************************************* //
