/*--------------------------------*- C++ -*----------------------------------*\
  =========                 |
  \\      /  F ield         | OpenFOAM: The Open Source CFD Toolbox
   \\    /   O peration     | Website:  https://openfoam.org
    \\  /    A nd           | Version:  7
     \\/     M anipulation  |
\*---------------------------------------------------------------------------*/
FoamFile
{
    version     2.0;
    format      ascii;
    class       volScalarField;
    location    "2.605";
    object      nut;
}
// * * * * * * * * * * * * * * * * * * * * * * * * * * * * * * * * * * * * * //

dimensions      [0 2 -1 0 0 0 0];

internalField   nonuniform List<scalar> 
7920
(
0.00875607
0.00912533
0.00912904
0.00913362
0.00912787
0.00912873
0.00912417
0.00912514
0.00912206
0.00912313
0.00912087
0.00912183
0.00911996
0.00912068
0.00911938
0.0091198
0.00911964
0.00911812
0.00912486
0.0091352
0.00451625
0.00454401
0.00445018
0.0043583
0.00431393
0.00429659
0.00428161
0.00427708
0.00426919
0.00426746
0.00426239
0.00426149
0.00425854
0.00425826
0.0042563
0.00425598
0.00425489
0.00425384
0.00428287
0.00428459
0.00345171
0.00368663
0.00371057
0.00370782
0.00370017
0.00369832
0.00369354
0.00369271
0.00368934
0.00368868
0.00368593
0.00368538
0.00368316
0.00368272
0.00368095
0.00368056
0.0036792
0.00367868
0.00367938
0.00368442
0.00332057
0.00359167
0.00364331
0.00366203
0.00366703
0.00367391
0.00367512
0.0036788
0.00367907
0.00368123
0.00368107
0.00368244
0.00368208
0.003683
0.00368256
0.00368321
0.00368276
0.00368323
0.00368328
0.00368786
0.00330611
0.00358065
0.00363502
0.00365704
0.00366468
0.00367433
0.00367756
0.00368411
0.0036861
0.00369082
0.00369218
0.00369576
0.0036967
0.00369947
0.00370013
0.00370232
0.00370281
0.00370442
0.0037051
0.00371012
0.00330765
0.00357994
0.00363399
0.00365632
0.00366471
0.00367532
0.00367953
0.00368727
0.0036902
0.00369626
0.0036985
0.00370335
0.00370509
0.00370902
0.00371039
0.0037136
0.0037147
0.00371714
0.00371855
0.0037237
0.00330765
0.00357994
0.00363399
0.00365632
0.00366471
0.00367532
0.00367953
0.00368727
0.0036902
0.00369626
0.0036985
0.00370335
0.00370509
0.00370902
0.00371039
0.0037136
0.0037147
0.00371715
0.00371856
0.00372371
0.00330611
0.00358065
0.00363502
0.00365704
0.00366468
0.00367433
0.00367756
0.00368411
0.0036861
0.00369083
0.00369218
0.00369577
0.0036967
0.00369948
0.00370012
0.00370234
0.0037028
0.00370446
0.0037051
0.00371018
0.00332057
0.00359167
0.00364331
0.00366203
0.00366703
0.00367391
0.00367512
0.0036788
0.00367906
0.00368123
0.00368106
0.00368245
0.00368206
0.00368304
0.00368251
0.00368329
0.00368267
0.0036834
0.00368315
0.00368803
0.00345171
0.00368663
0.00371057
0.00370782
0.00370016
0.00369832
0.00369353
0.00369272
0.00368933
0.00368868
0.00368591
0.00368539
0.00368313
0.00368276
0.00368087
0.00368068
0.00367898
0.00367911
0.00367896
0.00368507
0.00451625
0.00454401
0.00445018
0.0043583
0.00431393
0.00429659
0.00428161
0.00427708
0.00426919
0.00426746
0.00426238
0.0042615
0.00425852
0.0042583
0.00425622
0.0042561
0.00425465
0.00425432
0.00428156
0.00428605
0.00875607
0.00912533
0.00912904
0.00913362
0.00912787
0.00912873
0.00912417
0.00912515
0.00912206
0.00912314
0.00912085
0.00912185
0.00911992
0.00912074
0.00911927
0.00911999
0.00911927
0.00911879
0.00912334
0.00913849
0.00336301
0.00377605
0.00379294
0.00376813
0.00376124
0.00374708
0.00374643
0.00373826
0.00373851
0.00373295
0.00373345
0.0037294
0.00372987
0.00372677
0.00372721
0.0037246
0.00372537
0.00372218
0.00372287
0.00373199
0.00297833
0.00348706
0.00355896
0.00356854
0.00356971
0.00356965
0.00356923
0.00356877
0.0035682
0.00356764
0.0035671
0.00356651
0.00356611
0.00356554
0.0035653
0.00356475
0.00356455
0.00356405
0.0035649
0.00356645
0.00289858
0.00341315
0.00348866
0.003504
0.00350665
0.0035103
0.00351137
0.00351384
0.00351459
0.00351633
0.00351685
0.00351806
0.00351848
0.00351932
0.00351978
0.00352026
0.00352092
0.00352096
0.00352142
0.00352799
0.00289643
0.0034111
0.00348579
0.00350034
0.00350144
0.00350356
0.00350351
0.0035047
0.00350492
0.00350602
0.0035063
0.00350722
0.00350755
0.00350828
0.00350874
0.0035092
0.00350993
0.00351
0.00351073
0.00351498
0.00289342
0.00340774
0.00348243
0.00349734
0.00349823
0.00350009
0.00349956
0.00350038
0.00350006
0.00350073
0.00350055
0.00350109
0.00350103
0.00350147
0.00350151
0.00350189
0.00350203
0.00350238
0.00350266
0.00350708
0.00289503
0.0034095
0.00348395
0.00349875
0.0034996
0.00350142
0.00350085
0.00350163
0.00350122
0.0035018
0.00350149
0.00350192
0.0035017
0.00350202
0.00350188
0.00350213
0.00350209
0.0035023
0.00350234
0.00350638
0.00289503
0.0034095
0.00348395
0.00349875
0.0034996
0.00350142
0.00350085
0.00350163
0.00350122
0.0035018
0.00350149
0.00350192
0.00350169
0.00350202
0.00350188
0.00350214
0.00350209
0.0035023
0.00350235
0.00350637
0.00289342
0.00340774
0.00348243
0.00349734
0.00349823
0.00350009
0.00349956
0.00350038
0.00350006
0.00350073
0.00350055
0.0035011
0.00350102
0.00350148
0.0035015
0.00350191
0.003502
0.00350241
0.00350263
0.00350708
0.00289643
0.0034111
0.00348579
0.00350034
0.00350144
0.00350356
0.0035035
0.0035047
0.00350492
0.00350602
0.0035063
0.00350723
0.00350753
0.00350832
0.00350865
0.00350932
0.00350977
0.00351011
0.00351062
0.00351508
0.00289858
0.00341315
0.00348866
0.003504
0.00350664
0.0035103
0.00351137
0.00351384
0.00351459
0.00351634
0.00351684
0.00351808
0.00351845
0.00351938
0.00351967
0.00352045
0.00352063
0.00352133
0.00352097
0.00352845
0.00297833
0.00348706
0.00355896
0.00356854
0.00356971
0.00356965
0.00356923
0.00356878
0.00356819
0.00356764
0.00356708
0.00356653
0.00356608
0.00356559
0.00356522
0.0035649
0.00356429
0.00356446
0.00356419
0.00356777
0.00336301
0.00377605
0.00379294
0.00376813
0.00376124
0.00374708
0.00374643
0.00373826
0.00373851
0.00373295
0.00373344
0.00372941
0.00372986
0.00372679
0.00372718
0.00372467
0.00372529
0.0037224
0.00372253
0.00373298
0.000838521
0.0012354
0.00129243
0.00127552
0.00123212
0.00119151
0.00115914
0.00113557
0.00111798
0.00110414
0.00109402
0.00108471
0.00107822
0.00107124
0.00106671
0.00106136
0.0010576
0.00105461
0.00104865
0.00105436
0.00035602
0.000750858
0.000881139
0.000931645
0.00094894
0.000959618
0.000964914
0.00097067
0.000973527
0.000976586
0.000977607
0.000978833
0.000978897
0.000979084
0.000978828
0.000978689
0.000978231
0.00097792
0.000977307
0.000979446
0.000307707
0.00066484
0.000783374
0.000836477
0.000852583
0.000864267
0.000866971
0.000872456
0.000874379
0.000878539
0.000880572
0.000884255
0.000886446
0.000889478
0.000891732
0.000894159
0.000896405
0.000898395
0.000899877
0.000903581
0.000316812
0.000668852
0.000784484
0.000835303
0.000851048
0.000860802
0.000862244
0.000864818
0.000864943
0.000865803
0.000866037
0.000866855
0.000867328
0.000868204
0.000869121
0.000869794
0.000871122
0.000871746
0.000872885
0.000875734
0.000312491
0.000664427
0.000779629
0.000830724
0.000846161
0.000855935
0.000857132
0.000859475
0.000859277
0.000859691
0.000859428
0.000859603
0.000859463
0.000859562
0.000859586
0.000859661
0.000859895
0.000859978
0.000860231
0.000862097
0.000314917
0.000666904
0.000782125
0.000832868
0.000848402
0.000858039
0.000859365
0.000861635
0.000861474
0.000861837
0.00086157
0.000861664
0.000861469
0.000861456
0.000861384
0.000861283
0.000861309
0.000861235
0.000861351
0.000862966
0.000314917
0.000666904
0.000782124
0.000832868
0.000848401
0.000858039
0.000859365
0.000861635
0.000861474
0.000861838
0.00086157
0.000861664
0.000861468
0.000861456
0.000861383
0.000861284
0.000861309
0.000861236
0.000861349
0.000862964
0.00031249
0.000664427
0.000779628
0.000830724
0.000846161
0.000855935
0.000857132
0.000859476
0.000859277
0.000859691
0.000859428
0.000859604
0.000859463
0.000859564
0.000859586
0.00085966
0.000859894
0.000859975
0.000860228
0.000862086
0.000316811
0.000668852
0.000784484
0.000835303
0.000851048
0.000860802
0.000862244
0.000864819
0.000864943
0.000865804
0.000866037
0.000866859
0.000867319
0.000868217
0.000869099
0.00086981
0.000871098
0.000871736
0.000872863
0.000875694
0.000307707
0.000664841
0.000783374
0.000836478
0.000852582
0.000864268
0.000866971
0.000872457
0.000874378
0.000878542
0.000880565
0.000884263
0.00088643
0.000889495
0.000891694
0.000894187
0.000896344
0.000898393
0.000899831
0.000903496
0.00035602
0.000750858
0.000881139
0.000931645
0.000948939
0.000959619
0.000964912
0.000970673
0.000973522
0.000976591
0.000977597
0.000978841
0.000978891
0.000979088
0.000978791
0.000978696
0.00097816
0.000977941
0.000977208
0.000979451
0.000838521
0.0012354
0.00129243
0.00127552
0.00123212
0.00119151
0.00115914
0.00113557
0.00111798
0.00110414
0.00109402
0.00108473
0.00107822
0.00107128
0.00106671
0.00106147
0.00105761
0.00105484
0.00104872
0.00105503
0.000838521
0.0012354
0.00129243
0.00127552
0.00123212
0.00119151
0.00115914
0.00113557
0.00111798
0.00110414
0.00109402
0.00108471
0.00107822
0.00107124
0.00106671
0.00106136
0.0010576
0.00105461
0.00104865
0.00105436
0.00035602
0.000750858
0.000881139
0.000931645
0.00094894
0.000959618
0.000964914
0.00097067
0.000973527
0.000976586
0.000977607
0.000978833
0.000978897
0.000979084
0.000978828
0.000978689
0.000978231
0.00097792
0.000977307
0.000979446
0.000307707
0.00066484
0.000783374
0.000836477
0.000852583
0.000864267
0.000866971
0.000872456
0.000874379
0.000878539
0.000880572
0.000884255
0.000886446
0.000889478
0.000891732
0.000894159
0.000896405
0.000898395
0.000899877
0.000903581
0.000316812
0.000668852
0.000784484
0.000835303
0.000851048
0.000860802
0.000862244
0.000864818
0.000864943
0.000865803
0.000866037
0.000866855
0.000867328
0.000868204
0.000869121
0.000869794
0.000871122
0.000871746
0.000872885
0.000875734
0.000312491
0.000664427
0.000779629
0.000830724
0.000846161
0.000855935
0.000857132
0.000859475
0.000859277
0.000859691
0.000859428
0.000859603
0.000859463
0.000859562
0.000859586
0.000859661
0.000859895
0.000859978
0.000860231
0.000862097
0.000314917
0.000666904
0.000782125
0.000832868
0.000848402
0.000858039
0.000859365
0.000861635
0.000861474
0.000861837
0.00086157
0.000861664
0.000861469
0.000861456
0.000861384
0.000861283
0.000861309
0.000861235
0.000861351
0.000862966
0.000314917
0.000666904
0.000782124
0.000832868
0.000848402
0.000858039
0.000859365
0.000861635
0.000861474
0.000861838
0.00086157
0.000861664
0.000861468
0.000861456
0.000861383
0.000861284
0.000861309
0.000861236
0.000861349
0.000862964
0.00031249
0.000664427
0.000779628
0.000830724
0.000846161
0.000855935
0.000857132
0.000859476
0.000859277
0.000859691
0.000859428
0.000859604
0.000859463
0.000859564
0.000859586
0.00085966
0.000859894
0.000859975
0.000860228
0.000862086
0.000316811
0.000668852
0.000784484
0.000835303
0.000851048
0.000860802
0.000862244
0.000864819
0.000864943
0.000865804
0.000866037
0.000866859
0.000867319
0.000868217
0.000869099
0.00086981
0.000871098
0.000871736
0.000872863
0.000875694
0.000307707
0.000664841
0.000783374
0.000836478
0.000852582
0.000864268
0.000866971
0.000872457
0.000874378
0.000878542
0.000880565
0.000884263
0.00088643
0.000889495
0.000891694
0.000894187
0.000896344
0.000898393
0.000899831
0.000903496
0.00035602
0.000750858
0.000881139
0.000931645
0.000948939
0.000959619
0.000964912
0.000970673
0.000973522
0.000976591
0.000977597
0.000978841
0.000978891
0.000979088
0.000978791
0.000978696
0.00097816
0.000977941
0.000977208
0.000979451
0.000838521
0.0012354
0.00129243
0.00127552
0.00123212
0.00119151
0.00115914
0.00113557
0.00111798
0.00110414
0.00109402
0.00108473
0.00107822
0.00107128
0.00106671
0.00106147
0.00105761
0.00105484
0.00104872
0.00105503
0.00336301
0.00377605
0.00379294
0.00376813
0.00376124
0.00374708
0.00374643
0.00373826
0.00373851
0.00373295
0.00373345
0.0037294
0.00372987
0.00372677
0.00372721
0.0037246
0.00372537
0.00372218
0.00372287
0.00373199
0.00297833
0.00348706
0.00355896
0.00356854
0.00356971
0.00356965
0.00356923
0.00356877
0.0035682
0.00356764
0.0035671
0.00356651
0.00356611
0.00356554
0.0035653
0.00356475
0.00356455
0.00356405
0.0035649
0.00356645
0.00289858
0.00341315
0.00348866
0.003504
0.00350665
0.0035103
0.00351137
0.00351384
0.00351459
0.00351633
0.00351685
0.00351806
0.00351848
0.00351932
0.00351978
0.00352026
0.00352092
0.00352096
0.00352142
0.00352799
0.00289643
0.0034111
0.00348579
0.00350034
0.00350144
0.00350356
0.00350351
0.0035047
0.00350492
0.00350602
0.0035063
0.00350722
0.00350755
0.00350828
0.00350874
0.0035092
0.00350993
0.00351
0.00351073
0.00351498
0.00289342
0.00340774
0.00348243
0.00349734
0.00349823
0.00350009
0.00349956
0.00350038
0.00350006
0.00350073
0.00350055
0.00350109
0.00350103
0.00350147
0.00350151
0.00350189
0.00350203
0.00350238
0.00350266
0.00350708
0.00289503
0.0034095
0.00348395
0.00349875
0.0034996
0.00350142
0.00350085
0.00350163
0.00350122
0.0035018
0.00350149
0.00350192
0.0035017
0.00350202
0.00350188
0.00350213
0.00350209
0.0035023
0.00350234
0.00350638
0.00289503
0.0034095
0.00348395
0.00349875
0.0034996
0.00350142
0.00350085
0.00350163
0.00350122
0.0035018
0.00350149
0.00350192
0.00350169
0.00350202
0.00350188
0.00350214
0.00350209
0.0035023
0.00350235
0.00350637
0.00289342
0.00340774
0.00348243
0.00349734
0.00349823
0.00350009
0.00349956
0.00350038
0.00350006
0.00350073
0.00350055
0.0035011
0.00350102
0.00350148
0.0035015
0.00350191
0.003502
0.00350241
0.00350263
0.00350708
0.00289643
0.0034111
0.00348579
0.00350034
0.00350144
0.00350356
0.0035035
0.0035047
0.00350492
0.00350602
0.0035063
0.00350723
0.00350753
0.00350832
0.00350865
0.00350931
0.00350977
0.00351011
0.00351062
0.00351508
0.00289858
0.00341315
0.00348866
0.003504
0.00350664
0.0035103
0.00351137
0.00351384
0.00351459
0.00351634
0.00351684
0.00351808
0.00351845
0.00351938
0.00351967
0.00352045
0.00352063
0.00352133
0.00352097
0.00352845
0.00297833
0.00348706
0.00355896
0.00356854
0.00356971
0.00356965
0.00356923
0.00356878
0.00356819
0.00356764
0.00356708
0.00356653
0.00356608
0.00356559
0.00356522
0.0035649
0.00356429
0.00356446
0.00356419
0.00356777
0.00336301
0.00377605
0.00379294
0.00376813
0.00376124
0.00374708
0.00374643
0.00373826
0.00373851
0.00373295
0.00373344
0.00372941
0.00372986
0.00372679
0.00372718
0.00372467
0.00372529
0.0037224
0.00372253
0.00373298
0.00875607
0.00912533
0.00912904
0.00913362
0.00912787
0.00912873
0.00912417
0.00912514
0.00912206
0.00912313
0.00912087
0.00912183
0.00911996
0.00912068
0.00911938
0.0091198
0.00911964
0.00911812
0.00912486
0.0091352
0.00451625
0.00454401
0.00445018
0.0043583
0.00431393
0.00429659
0.00428161
0.00427708
0.00426919
0.00426746
0.00426239
0.00426149
0.00425854
0.00425826
0.0042563
0.00425598
0.00425489
0.00425384
0.00428287
0.00428459
0.00345171
0.00368663
0.00371057
0.00370782
0.00370017
0.00369832
0.00369354
0.00369271
0.00368934
0.00368868
0.00368593
0.00368538
0.00368316
0.00368272
0.00368095
0.00368056
0.0036792
0.00367868
0.00367938
0.00368442
0.00332057
0.00359167
0.00364331
0.00366203
0.00366703
0.00367391
0.00367512
0.0036788
0.00367907
0.00368123
0.00368107
0.00368244
0.00368208
0.003683
0.00368256
0.00368321
0.00368276
0.00368323
0.00368328
0.00368786
0.00330611
0.00358065
0.00363502
0.00365704
0.00366468
0.00367433
0.00367756
0.00368411
0.0036861
0.00369082
0.00369218
0.00369576
0.0036967
0.00369947
0.00370013
0.00370232
0.00370281
0.00370442
0.0037051
0.00371012
0.00330765
0.00357994
0.00363399
0.00365632
0.00366471
0.00367532
0.00367953
0.00368727
0.0036902
0.00369626
0.0036985
0.00370335
0.00370509
0.00370902
0.00371039
0.0037136
0.0037147
0.00371714
0.00371855
0.0037237
0.00330765
0.00357994
0.00363399
0.00365632
0.00366471
0.00367532
0.00367953
0.00368727
0.0036902
0.00369626
0.0036985
0.00370335
0.00370509
0.00370902
0.00371039
0.0037136
0.0037147
0.00371715
0.00371856
0.00372371
0.00330611
0.00358065
0.00363502
0.00365704
0.00366468
0.00367433
0.00367756
0.00368411
0.0036861
0.00369083
0.00369218
0.00369577
0.0036967
0.00369948
0.00370012
0.00370234
0.0037028
0.00370446
0.0037051
0.00371018
0.00332057
0.00359167
0.00364331
0.00366203
0.00366703
0.00367391
0.00367512
0.0036788
0.00367906
0.00368123
0.00368106
0.00368245
0.00368206
0.00368304
0.00368251
0.00368329
0.00368267
0.0036834
0.00368315
0.00368803
0.00345171
0.00368663
0.00371057
0.00370782
0.00370016
0.00369832
0.00369353
0.00369272
0.00368933
0.00368868
0.00368591
0.00368539
0.00368313
0.00368276
0.00368087
0.00368068
0.00367898
0.00367911
0.00367896
0.00368507
0.00451625
0.00454401
0.00445018
0.0043583
0.00431393
0.00429659
0.00428161
0.00427708
0.00426919
0.00426746
0.00426238
0.0042615
0.00425852
0.0042583
0.00425622
0.0042561
0.00425465
0.00425432
0.00428156
0.00428605
0.00875607
0.00912533
0.00912904
0.00913362
0.00912787
0.00912873
0.00912417
0.00912515
0.00912206
0.00912314
0.00912085
0.00912185
0.00911992
0.00912074
0.00911927
0.00911999
0.00911927
0.00911879
0.00912334
0.00913849
0.0266162
0.0268089
0.0269024
0.0269799
0.0270407
0.0270987
0.027147
0.0271942
0.0272348
0.0272752
0.0273114
0.0273478
0.0273807
0.0274137
0.0274437
0.0274738
0.0275017
0.0275297
0.0275558
0.0275817
0.0276057
0.0276295
0.0276515
0.0276732
0.0276932
0.0277127
0.0277304
0.0277474
0.0277626
0.0277771
0.0277899
0.0278019
0.0278123
0.0278218
0.0278297
0.027837
0.0278428
0.0278481
0.0278522
0.0278558
0.0278584
0.0278607
0.0278622
0.0278635
0.0278642
0.0278649
0.0278651
0.0278655
0.0278655
0.0278657
0.0278656
0.0278657
0.0278656
0.0278657
0.0278656
0.0278657
0.0278655
0.0278656
0.0278655
0.0278656
0.0278655
0.0278655
0.0278655
0.0278655
0.0278654
0.0278655
0.0278654
0.0278654
0.0278654
0.0278654
0.0278653
0.0278654
0.0278653
0.0278653
0.0278652
0.0278653
0.0278652
0.0278652
0.0278651
0.0278652
0.0278651
0.0278651
0.0278649
0.027865
0.0278648
0.0278648
0.0278645
0.0278646
0.0278615
0.0278598
0.0152463
0.0155263
0.0155769
0.0156227
0.0156536
0.0156886
0.0157134
0.015742
0.015763
0.0157877
0.0158066
0.0158288
0.0158461
0.0158661
0.015882
0.0159003
0.0159151
0.0159322
0.015946
0.0159618
0.0159746
0.015989
0.0160008
0.016014
0.0160247
0.0160366
0.016046
0.0160563
0.0160644
0.0160733
0.01608
0.0160874
0.0160928
0.0160987
0.0161027
0.0161073
0.0161102
0.0161137
0.0161155
0.016118
0.0161191
0.0161208
0.0161213
0.0161224
0.0161225
0.0161232
0.016123
0.0161236
0.0161233
0.0161237
0.0161234
0.0161238
0.0161235
0.0161239
0.0161236
0.0161239
0.0161237
0.0161239
0.0161237
0.016124
0.0161238
0.0161241
0.0161239
0.0161241
0.016124
0.0161242
0.016124
0.0161243
0.0161241
0.0161243
0.0161242
0.0161244
0.0161243
0.0161245
0.0161243
0.0161245
0.0161244
0.0161246
0.0161245
0.0161246
0.0161245
0.0161246
0.0161245
0.0161246
0.0161245
0.0161246
0.0161243
0.0161246
0.0161218
0.0161205
0.0122434
0.0126414
0.0126793
0.0127156
0.012734
0.0127629
0.0127782
0.0128025
0.0128157
0.0128367
0.0128487
0.0128677
0.012879
0.0128962
0.0129067
0.0129225
0.0129324
0.0129471
0.0129565
0.0129701
0.0129789
0.0129915
0.0129996
0.0130111
0.0130185
0.0130289
0.0130355
0.0130447
0.0130503
0.0130584
0.013063
0.0130699
0.0130735
0.0130792
0.0130819
0.0130864
0.0130882
0.0130918
0.0130929
0.0130956
0.0130961
0.0130981
0.0130981
0.0130996
0.0130994
0.0131005
0.0131
0.0131009
0.0131004
0.0131012
0.0131007
0.0131014
0.0131009
0.0131015
0.0131011
0.0131017
0.0131013
0.0131019
0.0131015
0.013102
0.0131017
0.0131022
0.0131019
0.0131024
0.0131022
0.0131026
0.0131024
0.0131028
0.0131026
0.0131031
0.0131029
0.0131033
0.0131031
0.0131035
0.0131034
0.0131037
0.0131036
0.0131039
0.0131038
0.0131041
0.013104
0.0131043
0.0131042
0.0131045
0.0131044
0.0131046
0.0131044
0.0131047
0.0131038
0.0131
0.0117855
0.0122797
0.0123181
0.0123503
0.0123625
0.0123886
0.0123997
0.0124223
0.012432
0.0124517
0.0124607
0.0124788
0.0124876
0.0125043
0.0125127
0.0125279
0.0125359
0.0125502
0.0125579
0.0125713
0.0125786
0.0125909
0.0125977
0.0126091
0.0126154
0.0126259
0.0126316
0.012641
0.0126458
0.0126541
0.0126582
0.0126654
0.0126687
0.0126748
0.0126772
0.0126822
0.0126838
0.0126878
0.0126888
0.012692
0.0126924
0.0126948
0.0126949
0.0126967
0.0126964
0.0126978
0.0126973
0.0126984
0.0126979
0.0126989
0.0126983
0.0126992
0.0126986
0.0126995
0.0126989
0.0126997
0.0126993
0.0127
0.0126996
0.0127003
0.0127
0.0127007
0.0127003
0.012701
0.0127007
0.0127013
0.0127011
0.0127017
0.0127015
0.012702
0.0127019
0.0127024
0.0127023
0.0127028
0.0127026
0.0127031
0.012703
0.0127035
0.0127034
0.0127039
0.0127038
0.0127042
0.0127041
0.0127045
0.0127044
0.0127048
0.0127047
0.0127051
0.0127051
0.0127003
0.0117498
0.0122946
0.0123345
0.0123641
0.0123716
0.0123944
0.0124023
0.0124228
0.01243
0.012448
0.0124548
0.0124715
0.0124786
0.0124944
0.0125013
0.0125158
0.0125224
0.0125361
0.0125426
0.0125555
0.0125618
0.0125738
0.0125797
0.0125908
0.0125964
0.0126067
0.0126117
0.0126211
0.0126255
0.0126339
0.0126376
0.012645
0.012648
0.0126543
0.0126567
0.0126619
0.0126635
0.0126677
0.0126688
0.0126722
0.0126727
0.0126753
0.0126754
0.0126775
0.0126772
0.0126788
0.0126783
0.0126796
0.0126791
0.0126802
0.0126796
0.0126806
0.0126801
0.012681
0.0126805
0.0126814
0.0126809
0.0126818
0.0126814
0.0126822
0.0126818
0.0126826
0.0126823
0.0126831
0.0126828
0.0126835
0.0126833
0.012684
0.0126838
0.0126845
0.0126843
0.0126849
0.0126848
0.0126854
0.0126853
0.0126859
0.0126858
0.0126864
0.0126863
0.0126868
0.0126868
0.0126873
0.0126873
0.0126877
0.0126877
0.0126881
0.0126881
0.0126884
0.0126887
0.0126835
0.0117668
0.012341
0.0123814
0.012408
0.0124116
0.0124305
0.0124354
0.012453
0.0124578
0.0124735
0.0124784
0.0124932
0.0124987
0.012513
0.0125186
0.0125319
0.0125373
0.0125498
0.0125553
0.0125674
0.0125727
0.012584
0.012589
0.0125995
0.0126042
0.0126141
0.0126185
0.0126275
0.0126314
0.0126394
0.0126428
0.01265
0.0126528
0.012659
0.0126611
0.0126663
0.0126679
0.0126722
0.0126731
0.0126766
0.0126771
0.0126799
0.01268
0.0126822
0.0126819
0.0126836
0.0126832
0.0126846
0.012684
0.0126852
0.0126846
0.0126857
0.0126851
0.0126861
0.0126856
0.0126866
0.0126861
0.012687
0.0126866
0.0126875
0.0126872
0.012688
0.0126877
0.0126885
0.0126882
0.012689
0.0126888
0.0126896
0.0126894
0.0126901
0.0126899
0.0126906
0.0126905
0.0126912
0.0126911
0.0126917
0.0126917
0.0126923
0.0126923
0.0126928
0.0126928
0.0126933
0.0126933
0.0126938
0.0126938
0.0126943
0.0126943
0.0126946
0.0126952
0.0126897
0.0117671
0.0123391
0.0123759
0.0123984
0.0123983
0.0124134
0.0124156
0.0124301
0.0124327
0.0124459
0.012449
0.0124617
0.0124657
0.0124783
0.0124825
0.0124943
0.0124984
0.0125096
0.012514
0.0125248
0.0125291
0.0125393
0.0125434
0.0125529
0.0125568
0.0125658
0.0125695
0.0125777
0.012581
0.0125884
0.0125913
0.0125979
0.0126004
0.0126062
0.012608
0.0126129
0.0126142
0.0126183
0.0126192
0.0126225
0.0126229
0.0126256
0.0126257
0.0126278
0.0126276
0.0126292
0.0126288
0.0126302
0.0126296
0.0126308
0.0126302
0.0126313
0.0126307
0.0126317
0.0126312
0.0126322
0.0126317
0.0126327
0.0126323
0.0126331
0.0126328
0.0126336
0.0126333
0.0126341
0.0126339
0.0126347
0.0126345
0.0126352
0.012635
0.0126357
0.0126356
0.0126363
0.0126362
0.0126369
0.0126368
0.0126374
0.0126374
0.012638
0.0126379
0.0126385
0.0126385
0.012639
0.012639
0.0126395
0.0126395
0.01264
0.01264
0.0126403
0.012641
0.0126355
0.0117504
0.0122868
0.0123144
0.0123312
0.0123278
0.0123396
0.0123392
0.0123508
0.0123515
0.0123623
0.0123638
0.0123745
0.012377
0.0123877
0.0123905
0.0124005
0.0124034
0.012413
0.0124163
0.0124255
0.0124288
0.0124375
0.0124406
0.0124488
0.0124518
0.0124596
0.0124625
0.0124696
0.0124721
0.0124786
0.0124808
0.0124866
0.0124885
0.0124936
0.0124951
0.0124994
0.0125004
0.012504
0.0125046
0.0125076
0.0125079
0.0125103
0.0125103
0.0125122
0.0125119
0.0125135
0.012513
0.0125143
0.0125137
0.0125148
0.0125142
0.0125153
0.0125147
0.0125157
0.0125152
0.0125161
0.0125156
0.0125165
0.0125161
0.0125169
0.0125165
0.0125173
0.012517
0.0125178
0.0125175
0.0125183
0.012518
0.0125187
0.0125185
0.0125192
0.0125191
0.0125197
0.0125196
0.0125202
0.0125201
0.0125207
0.0125206
0.0125212
0.0125211
0.0125217
0.0125216
0.0125221
0.0125221
0.0125225
0.0125225
0.012523
0.0125229
0.0125232
0.0125238
0.0125188
0.011782
0.0122551
0.0122708
0.0122815
0.012276
0.0122846
0.0122824
0.0122913
0.0122905
0.0122989
0.0122991
0.0123076
0.0123089
0.0123173
0.0123189
0.0123269
0.0123287
0.0123363
0.0123385
0.0123459
0.012348
0.012355
0.0123571
0.0123637
0.0123658
0.012372
0.012374
0.0123797
0.0123814
0.0123866
0.0123882
0.0123929
0.0123942
0.0123983
0.0123992
0.0124028
0.0124034
0.0124063
0.0124067
0.0124092
0.0124092
0.0124112
0.0124111
0.0124127
0.0124123
0.0124137
0.0124131
0.0124143
0.0124137
0.0124147
0.0124141
0.012415
0.0124144
0.0124153
0.0124148
0.0124156
0.0124151
0.0124159
0.0124155
0.0124162
0.0124159
0.0124166
0.0124162
0.0124169
0.0124166
0.0124173
0.012417
0.0124176
0.0124174
0.012418
0.0124178
0.0124184
0.0124182
0.0124188
0.0124186
0.0124191
0.012419
0.0124195
0.0124194
0.0124199
0.0124198
0.0124202
0.0124202
0.0124206
0.0124205
0.0124209
0.0124208
0.0124211
0.0124213
0.0124169
0.0122224
0.0125784
0.0125813
0.0125875
0.0125814
0.0125877
0.0125846
0.0125911
0.0125894
0.0125955
0.0125948
0.012601
0.0126012
0.0126072
0.0126078
0.0126134
0.0126142
0.0126196
0.0126207
0.0126259
0.012627
0.0126319
0.012633
0.0126377
0.0126388
0.0126432
0.0126442
0.0126482
0.0126492
0.0126529
0.0126537
0.012657
0.0126577
0.0126606
0.012661
0.0126635
0.0126637
0.0126659
0.0126659
0.0126677
0.0126676
0.0126691
0.0126688
0.01267
0.0126696
0.0126706
0.0126701
0.0126709
0.0126704
0.0126712
0.0126707
0.0126714
0.0126709
0.0126715
0.0126711
0.0126717
0.0126713
0.0126719
0.0126716
0.0126721
0.0126718
0.0126723
0.012672
0.0126725
0.0126723
0.0126727
0.0126725
0.012673
0.0126728
0.0126732
0.012673
0.0126734
0.0126733
0.0126737
0.0126735
0.0126739
0.0126738
0.0126741
0.012674
0.0126744
0.0126743
0.0126746
0.0126745
0.0126747
0.0126746
0.0126749
0.0126748
0.012675
0.0126745
0.0126711
0.0151802
0.0153864
0.015385
0.0153884
0.0153844
0.0153883
0.0153864
0.0153905
0.0153894
0.0153933
0.0153929
0.0153967
0.015397
0.0154007
0.0154011
0.0154045
0.0154051
0.0154084
0.0154091
0.0154123
0.015413
0.0154159
0.0154167
0.0154195
0.0154203
0.0154228
0.0154236
0.0154259
0.0154266
0.0154287
0.0154293
0.0154312
0.0154317
0.0154334
0.0154337
0.0154352
0.0154354
0.0154366
0.0154367
0.0154377
0.0154377
0.0154385
0.0154384
0.015439
0.0154388
0.0154394
0.0154391
0.0154395
0.0154392
0.0154397
0.0154394
0.0154397
0.0154394
0.0154398
0.0154395
0.0154399
0.0154396
0.0154399
0.0154397
0.01544
0.0154398
0.0154401
0.0154399
0.0154401
0.01544
0.0154402
0.0154401
0.0154403
0.0154402
0.0154404
0.0154403
0.0154405
0.0154404
0.0154406
0.0154404
0.0154406
0.0154405
0.0154407
0.0154406
0.0154408
0.0154407
0.0154408
0.0154407
0.0154408
0.0154407
0.0154408
0.0154407
0.0154408
0.0154384
0.0154373
0.0264635
0.0265212
0.0265229
0.0265256
0.0265244
0.0265274
0.0265277
0.0265309
0.0265317
0.0265347
0.026536
0.0265391
0.0265408
0.0265438
0.0265455
0.0265483
0.0265501
0.0265528
0.0265546
0.0265572
0.026559
0.0265614
0.026563
0.0265653
0.0265669
0.0265691
0.0265706
0.0265725
0.0265738
0.0265756
0.0265768
0.0265784
0.0265794
0.0265808
0.0265816
0.0265827
0.0265834
0.0265843
0.0265848
0.0265855
0.0265858
0.0265864
0.0265866
0.026587
0.026587
0.0265873
0.0265873
0.0265874
0.0265874
0.0265875
0.0265874
0.0265875
0.0265875
0.0265876
0.0265875
0.0265876
0.0265875
0.0265876
0.0265875
0.0265876
0.0265875
0.0265876
0.0265875
0.0265876
0.0265875
0.0265876
0.0265875
0.0265876
0.0265875
0.0265876
0.0265875
0.0265876
0.0265875
0.0265876
0.0265875
0.0265876
0.0265875
0.0265875
0.0265875
0.0265875
0.0265875
0.0265875
0.0265874
0.0265874
0.0265873
0.0265873
0.0265872
0.0265872
0.0265846
0.0265833
0.0121809
0.0123325
0.0123763
0.0124093
0.0124372
0.0124625
0.0124842
0.0125052
0.0125233
0.0125417
0.0125576
0.0125743
0.0125887
0.0126039
0.0126169
0.0126311
0.0126431
0.0126563
0.0126675
0.0126797
0.01269
0.0127013
0.0127107
0.012721
0.0127295
0.0127388
0.0127462
0.0127543
0.0127607
0.0127676
0.0127728
0.0127786
0.0127827
0.0127873
0.0127904
0.0127939
0.0127961
0.0127988
0.0128002
0.0128021
0.0128028
0.0128041
0.0128044
0.0128053
0.0128053
0.0128058
0.0128057
0.0128061
0.0128059
0.0128062
0.012806
0.0128063
0.012806
0.0128063
0.0128061
0.0128063
0.0128061
0.0128063
0.0128062
0.0128064
0.0128062
0.0128064
0.0128063
0.0128065
0.0128063
0.0128065
0.0128064
0.0128066
0.0128065
0.0128066
0.0128065
0.0128067
0.0128066
0.0128067
0.0128067
0.0128068
0.0128068
0.0128069
0.0128068
0.012807
0.012807
0.0128071
0.0128071
0.0128073
0.0128073
0.0128075
0.0128075
0.0128079
0.0128072
0.0128073
0.0117442
0.0120162
0.0120608
0.0120942
0.0121212
0.0121467
0.012168
0.0121889
0.0122067
0.012225
0.0122407
0.0122572
0.0122715
0.0122865
0.0122994
0.0123132
0.0123252
0.0123381
0.0123492
0.0123612
0.0123714
0.0123824
0.0123918
0.0124018
0.0124103
0.0124193
0.0124268
0.0124346
0.012441
0.0124478
0.0124531
0.0124587
0.0124629
0.0124673
0.0124705
0.012474
0.0124762
0.0124788
0.0124803
0.0124821
0.012483
0.0124842
0.0124846
0.0124854
0.0124855
0.012486
0.0124859
0.0124863
0.0124861
0.0124864
0.0124862
0.0124865
0.0124863
0.0124865
0.0124863
0.0124865
0.0124864
0.0124866
0.0124864
0.0124866
0.0124865
0.0124867
0.0124865
0.0124867
0.0124866
0.0124868
0.0124867
0.0124868
0.0124867
0.0124869
0.0124868
0.0124869
0.0124869
0.012487
0.012487
0.0124871
0.0124871
0.0124872
0.0124871
0.0124873
0.0124872
0.0124874
0.0124873
0.0124875
0.0124874
0.0124876
0.0124875
0.0124878
0.0124876
0.0124879
0.011275
0.0116657
0.0117152
0.011746
0.0117712
0.0117947
0.0118151
0.0118346
0.0118518
0.0118687
0.0118839
0.0118993
0.0119132
0.0119273
0.01194
0.0119529
0.0119647
0.0119768
0.0119878
0.011999
0.0120092
0.0120196
0.0120289
0.0120384
0.0120469
0.0120555
0.012063
0.0120706
0.0120771
0.0120836
0.0120891
0.0120946
0.0120991
0.0121035
0.0121069
0.0121103
0.0121129
0.0121154
0.0121173
0.0121191
0.0121202
0.0121214
0.0121221
0.0121228
0.0121231
0.0121236
0.0121237
0.0121239
0.0121239
0.0121241
0.0121241
0.0121242
0.0121241
0.0121242
0.0121242
0.0121243
0.0121242
0.0121243
0.0121243
0.0121244
0.0121243
0.0121244
0.0121244
0.0121245
0.0121244
0.0121245
0.0121245
0.0121246
0.0121246
0.0121247
0.0121246
0.0121247
0.0121247
0.0121248
0.0121248
0.0121249
0.0121249
0.0121249
0.0121249
0.012125
0.012125
0.0121251
0.0121251
0.0121252
0.0121251
0.0121252
0.0121251
0.0121253
0.012125
0.0121211
0.011113
0.0115636
0.0116126
0.0116387
0.0116601
0.0116809
0.0116994
0.0117173
0.0117332
0.0117489
0.0117631
0.0117775
0.0117909
0.0118042
0.0118165
0.0118287
0.0118401
0.0118516
0.0118623
0.0118731
0.0118831
0.011893
0.0119022
0.0119114
0.0119198
0.0119282
0.0119358
0.0119432
0.0119498
0.0119563
0.011962
0.0119675
0.0119722
0.0119767
0.0119805
0.011984
0.0119869
0.0119895
0.0119916
0.0119936
0.011995
0.0119963
0.0119972
0.011998
0.0119985
0.0119989
0.0119991
0.0119994
0.0119995
0.0119996
0.0119996
0.0119997
0.0119997
0.0119998
0.0119997
0.0119998
0.0119998
0.0119998
0.0119998
0.0119999
0.0119999
0.0119999
0.0119999
0.012
0.012
0.012
0.012
0.0120001
0.0120001
0.0120001
0.0120001
0.0120002
0.0120002
0.0120003
0.0120003
0.0120003
0.0120003
0.0120004
0.0120004
0.0120004
0.0120004
0.0120005
0.0120005
0.0120005
0.0120005
0.0120006
0.0120005
0.0120006
0.0120004
0.0119976
0.0110128
0.0115025
0.0115487
0.0115692
0.0115854
0.0116024
0.011618
0.0116336
0.0116475
0.0116613
0.011674
0.011687
0.0116992
0.0117114
0.0117227
0.011734
0.0117444
0.011755
0.011765
0.0117751
0.0117844
0.0117937
0.0118024
0.011811
0.011819
0.011827
0.0118343
0.0118414
0.0118478
0.0118541
0.0118597
0.0118651
0.0118698
0.0118743
0.0118781
0.0118817
0.0118846
0.0118874
0.0118896
0.0118916
0.0118932
0.0118946
0.0118956
0.0118965
0.011897
0.0118975
0.0118978
0.0118981
0.0118982
0.0118983
0.0118983
0.0118984
0.0118984
0.0118985
0.0118985
0.0118985
0.0118985
0.0118986
0.0118985
0.0118986
0.0118986
0.0118986
0.0118986
0.0118987
0.0118987
0.0118987
0.0118987
0.0118987
0.0118987
0.0118988
0.0118988
0.0118988
0.0118988
0.0118989
0.0118989
0.0118989
0.0118989
0.011899
0.011899
0.011899
0.011899
0.0118991
0.0118991
0.0118991
0.0118991
0.0118991
0.011899
0.0118991
0.0118989
0.0118945
0.0109918
0.0114918
0.0115333
0.0115478
0.011559
0.0115718
0.011584
0.0115968
0.0116083
0.01162
0.0116308
0.011642
0.0116527
0.0116636
0.0116737
0.0116838
0.0116931
0.0117027
0.0117117
0.0117209
0.0117295
0.011738
0.0117459
0.0117538
0.0117611
0.0117686
0.0117753
0.011782
0.011788
0.0117939
0.0117992
0.0118043
0.0118089
0.0118132
0.0118169
0.0118204
0.0118233
0.011826
0.0118282
0.0118302
0.0118318
0.0118332
0.0118342
0.0118352
0.0118358
0.0118363
0.0118366
0.0118369
0.011837
0.0118372
0.0118372
0.0118373
0.0118373
0.0118373
0.0118373
0.0118374
0.0118373
0.0118374
0.0118374
0.0118374
0.0118374
0.0118375
0.0118374
0.0118375
0.0118375
0.0118375
0.0118375
0.0118376
0.0118375
0.0118376
0.0118376
0.0118376
0.0118376
0.0118377
0.0118377
0.0118377
0.0118377
0.0118378
0.0118377
0.0118378
0.0118378
0.0118378
0.0118378
0.0118379
0.0118378
0.0118379
0.0118378
0.0118379
0.0118377
0.0118338
0.0109919
0.0114895
0.0115271
0.0115372
0.0115444
0.0115537
0.0115628
0.0115728
0.0115818
0.0115912
0.0115999
0.0116092
0.0116182
0.0116274
0.011636
0.0116447
0.0116527
0.0116609
0.0116687
0.0116767
0.0116841
0.0116916
0.0116984
0.0117054
0.0117119
0.0117184
0.0117244
0.0117303
0.0117356
0.0117409
0.0117456
0.0117503
0.0117544
0.0117583
0.0117617
0.0117649
0.0117675
0.01177
0.011772
0.011774
0.0117754
0.0117768
0.0117778
0.0117787
0.0117792
0.0117798
0.0117801
0.0117804
0.0117804
0.0117806
0.0117806
0.0117807
0.0117807
0.0117808
0.0117807
0.0117808
0.0117808
0.0117808
0.0117808
0.0117809
0.0117808
0.0117809
0.0117809
0.0117809
0.0117809
0.011781
0.011781
0.011781
0.011781
0.011781
0.011781
0.0117811
0.0117811
0.0117811
0.0117811
0.0117812
0.0117812
0.0117812
0.0117812
0.0117812
0.0117812
0.0117813
0.0117813
0.0117813
0.0117813
0.0117813
0.0117813
0.0117813
0.0117812
0.0117774
0.0110127
0.0114934
0.0115274
0.0115351
0.0115399
0.0115465
0.0115531
0.0115606
0.0115674
0.0115746
0.0115814
0.0115889
0.011596
0.0116035
0.0116105
0.0116175
0.011624
0.0116308
0.0116372
0.0116438
0.0116499
0.011656
0.0116617
0.0116675
0.0116729
0.0116783
0.0116833
0.0116883
0.0116927
0.0116972
0.0117011
0.0117051
0.0117085
0.0117119
0.0117147
0.0117175
0.0117197
0.0117219
0.0117236
0.0117253
0.0117265
0.0117277
0.0117286
0.0117294
0.0117298
0.0117303
0.0117306
0.0117308
0.0117309
0.0117311
0.0117311
0.0117312
0.0117311
0.0117312
0.0117312
0.0117313
0.0117312
0.0117313
0.0117313
0.0117313
0.0117313
0.0117314
0.0117314
0.0117314
0.0117314
0.0117315
0.0117315
0.0117315
0.0117315
0.0117316
0.0117316
0.0117316
0.0117316
0.0117317
0.0117317
0.0117317
0.0117317
0.0117318
0.0117318
0.0117318
0.0117318
0.0117319
0.0117319
0.0117319
0.0117319
0.0117319
0.0117319
0.0117319
0.0117318
0.0117277
0.0111088
0.0115383
0.0115644
0.0115696
0.0115726
0.0115772
0.0115816
0.0115869
0.0115916
0.0115968
0.0116017
0.0116072
0.0116125
0.0116182
0.0116233
0.0116286
0.0116335
0.0116387
0.0116436
0.0116487
0.0116533
0.0116581
0.0116624
0.0116669
0.011671
0.0116752
0.011679
0.0116829
0.0116863
0.0116898
0.0116928
0.0116959
0.0116985
0.0117012
0.0117034
0.0117055
0.0117072
0.011709
0.0117103
0.0117116
0.0117126
0.0117135
0.0117142
0.0117148
0.0117152
0.0117156
0.0117157
0.011716
0.011716
0.0117161
0.0117161
0.0117162
0.0117162
0.0117163
0.0117163
0.0117164
0.0117163
0.0117164
0.0117164
0.0117165
0.0117164
0.0117165
0.0117165
0.0117166
0.0117166
0.0117166
0.0117166
0.0117167
0.0117167
0.0117167
0.0117167
0.0117168
0.0117168
0.0117169
0.0117169
0.0117169
0.0117169
0.011717
0.011717
0.0117171
0.0117171
0.0117171
0.0117171
0.0117172
0.0117172
0.0117172
0.0117172
0.0117172
0.0117172
0.0117147
0.011258
0.0116102
0.0116268
0.0116299
0.0116314
0.0116343
0.0116369
0.0116403
0.011643
0.0116465
0.0116495
0.0116533
0.0116565
0.0116604
0.0116636
0.0116673
0.0116704
0.011674
0.0116771
0.0116807
0.0116836
0.0116869
0.0116896
0.0116928
0.0116954
0.0116984
0.0117008
0.0117035
0.0117057
0.0117081
0.01171
0.0117123
0.0117139
0.0117158
0.0117171
0.0117187
0.0117197
0.011721
0.0117218
0.0117227
0.0117233
0.011724
0.0117244
0.0117249
0.011725
0.0117254
0.0117254
0.0117256
0.0117256
0.0117258
0.0117257
0.0117258
0.0117258
0.0117259
0.0117258
0.011726
0.0117259
0.011726
0.011726
0.0117261
0.011726
0.0117261
0.0117261
0.0117262
0.0117262
0.0117263
0.0117262
0.0117263
0.0117263
0.0117264
0.0117264
0.0117265
0.0117265
0.0117266
0.0117265
0.0117266
0.0117266
0.0117267
0.0117267
0.0117268
0.0117268
0.0117269
0.0117269
0.011727
0.011727
0.0117271
0.011727
0.0117271
0.0117271
0.0117237
0.0116985
0.0119148
0.0119191
0.0119199
0.0119198
0.0119214
0.0119221
0.0119243
0.0119251
0.0119274
0.0119285
0.011931
0.0119322
0.0119348
0.011936
0.0119385
0.0119396
0.0119421
0.0119433
0.0119457
0.0119468
0.011949
0.0119501
0.0119522
0.0119532
0.0119552
0.0119562
0.011958
0.0119588
0.0119605
0.0119612
0.0119627
0.0119633
0.0119646
0.0119651
0.0119662
0.0119665
0.0119674
0.0119676
0.0119683
0.0119684
0.011969
0.011969
0.0119695
0.0119694
0.0119697
0.0119696
0.0119699
0.0119697
0.01197
0.0119698
0.01197
0.0119699
0.0119701
0.0119699
0.0119701
0.01197
0.0119702
0.01197
0.0119702
0.0119701
0.0119703
0.0119702
0.0119703
0.0119703
0.0119704
0.0119703
0.0119705
0.0119704
0.0119705
0.0119705
0.0119706
0.0119706
0.0119707
0.0119707
0.0119708
0.0119708
0.0119709
0.0119709
0.011971
0.011971
0.0119711
0.0119711
0.0119712
0.0119712
0.0119714
0.0119713
0.0119716
0.0119716
0.0119721
0.0121029
0.0121906
0.0121916
0.0121902
0.0121896
0.0121896
0.0121893
0.01219
0.0121897
0.0121908
0.0121906
0.012192
0.0121918
0.0121933
0.0121931
0.0121946
0.0121945
0.012196
0.0121959
0.0121974
0.0121973
0.0121987
0.0121987
0.0122
0.0122
0.0122013
0.0122013
0.0122025
0.0122024
0.0122035
0.0122035
0.0122045
0.0122044
0.0122053
0.0122052
0.012206
0.0122058
0.0122065
0.0122063
0.0122069
0.0122067
0.0122073
0.012207
0.0122075
0.0122072
0.0122076
0.0122073
0.0122077
0.0122074
0.0122077
0.0122075
0.0122078
0.0122075
0.0122078
0.0122076
0.0122079
0.0122077
0.0122079
0.0122077
0.012208
0.0122078
0.012208
0.0122079
0.0122081
0.0122079
0.0122081
0.012208
0.0122082
0.0122081
0.0122083
0.0122082
0.0122084
0.0122083
0.0122084
0.0122084
0.0122085
0.0122085
0.0122086
0.0122086
0.0122087
0.0122087
0.0122089
0.0122089
0.012209
0.0122091
0.0122093
0.0122094
0.0122098
0.0122091
0.0122092
0.00421875
0.00433199
0.00434359
0.00434908
0.00435853
0.00436712
0.00437546
0.00438492
0.00439162
0.00440115
0.00440638
0.00441564
0.00441967
0.00442849
0.00443165
0.00443999
0.00444252
0.00445036
0.00445238
0.00445968
0.00446128
0.00446804
0.00446929
0.00447548
0.00447637
0.00448197
0.00448253
0.00448752
0.00448776
0.00449216
0.00449208
0.0044959
0.00449553
0.00449883
0.00449821
0.00450103
0.00450021
0.00450263
0.00450165
0.00450372
0.00450264
0.00450444
0.00450332
0.0045049
0.00450378
0.00450521
0.00450413
0.00450544
0.00450442
0.00450564
0.00450468
0.00450582
0.00450494
0.00450601
0.00450519
0.0045062
0.00450544
0.0045064
0.0045057
0.00450661
0.00450596
0.00450682
0.00450624
0.00450705
0.00450652
0.0045073
0.00450681
0.00450756
0.00450712
0.00450784
0.00450744
0.00450815
0.00450778
0.00450848
0.00450815
0.00450884
0.00450855
0.00450924
0.00450898
0.00450968
0.00450945
0.00451016
0.00450996
0.00451068
0.00451049
0.00451121
0.004511
0.00451177
0.00451115
0.00451153
0.00419452
0.00450426
0.00453671
0.00454809
0.0045587
0.00456806
0.00457666
0.00458515
0.00459224
0.00460007
0.00460606
0.00461333
0.00461845
0.00462522
0.00462969
0.00463602
0.00463999
0.00464591
0.00464945
0.00465495
0.0046581
0.00466318
0.00466596
0.0046706
0.004673
0.00467715
0.00467917
0.00468282
0.00468444
0.0046876
0.00468885
0.00469149
0.00469238
0.00469455
0.00469513
0.00469687
0.00469718
0.00469856
0.00469865
0.00469973
0.00469966
0.00470051
0.00470033
0.00470102
0.00470078
0.00470136
0.0047011
0.00470163
0.00470137
0.00470186
0.00470161
0.00470207
0.00470185
0.00470228
0.00470208
0.0047025
0.00470232
0.00470272
0.00470256
0.00470294
0.00470281
0.00470317
0.00470305
0.00470341
0.00470331
0.00470365
0.00470357
0.0047039
0.00470384
0.00470417
0.00470412
0.00470444
0.00470441
0.00470473
0.00470471
0.00470503
0.00470503
0.00470535
0.00470537
0.0047057
0.00470572
0.00470606
0.00470609
0.00470644
0.00470646
0.00470682
0.00470681
0.00470714
0.00470709
0.00470757
0.00384943
0.00430302
0.00436329
0.00438152
0.00439324
0.00440333
0.00441183
0.00441985
0.00442681
0.00443372
0.0044398
0.00444601
0.00445144
0.00445709
0.004462
0.00446721
0.00447173
0.00447657
0.00448073
0.0044852
0.00448901
0.00449311
0.00449658
0.00450032
0.00450342
0.00450676
0.00450947
0.00451239
0.00451471
0.00451721
0.00451913
0.00452121
0.00452274
0.0045244
0.00452557
0.00452687
0.00452772
0.00452871
0.00452929
0.00453002
0.00453039
0.0045309
0.00453112
0.00453149
0.00453161
0.00453188
0.00453194
0.00453216
0.0045322
0.00453239
0.00453243
0.0045326
0.00453264
0.0045328
0.00453285
0.00453301
0.00453305
0.00453321
0.00453326
0.00453342
0.00453347
0.00453362
0.00453368
0.00453383
0.00453389
0.00453404
0.0045341
0.00453425
0.00453431
0.00453446
0.00453453
0.00453468
0.00453475
0.0045349
0.00453497
0.00453513
0.0045352
0.00453536
0.00453543
0.00453559
0.00453567
0.00453583
0.00453591
0.00453607
0.00453615
0.00453631
0.00453637
0.00453649
0.00453663
0.00453555
0.00367394
0.00419304
0.00427355
0.0042929
0.00430601
0.00431362
0.00432237
0.00432798
0.00433492
0.00433975
0.00434575
0.00435025
0.00435559
0.00435986
0.00436468
0.00436875
0.00437321
0.00437711
0.00438124
0.00438493
0.00438873
0.00439218
0.00439568
0.00439888
0.00440206
0.00440497
0.00440779
0.00441037
0.00441283
0.00441506
0.00441715
0.00441901
0.00442072
0.00442222
0.00442357
0.00442473
0.00442576
0.00442663
0.00442738
0.00442799
0.00442851
0.00442892
0.00442925
0.0044295
0.00442972
0.00442987
0.00443
0.0044301
0.0044302
0.00443027
0.00443035
0.00443041
0.00443049
0.00443055
0.00443063
0.00443068
0.00443076
0.00443082
0.0044309
0.00443096
0.00443103
0.0044311
0.00443117
0.00443124
0.00443132
0.00443138
0.00443146
0.00443153
0.00443161
0.00443168
0.00443176
0.00443183
0.00443192
0.00443199
0.00443208
0.00443215
0.00443225
0.00443232
0.00443242
0.0044325
0.0044326
0.00443267
0.00443277
0.00443284
0.00443291
0.00443298
0.00443298
0.004433
0.00443287
0.00443183
0.00356966
0.00411207
0.00419692
0.00421447
0.00422511
0.00423075
0.00423792
0.00424239
0.00424826
0.0042523
0.00425755
0.00426139
0.00426612
0.00427016
0.0042745
0.00427856
0.00428265
0.00428651
0.00429035
0.00429397
0.00429754
0.00430091
0.00430421
0.00430734
0.00431037
0.00431323
0.00431595
0.00431848
0.00432087
0.00432309
0.00432514
0.00432702
0.00432872
0.00433025
0.00433161
0.0043328
0.00433385
0.00433475
0.00433553
0.00433618
0.00433672
0.00433715
0.0043375
0.00433776
0.00433797
0.00433812
0.00433824
0.00433833
0.0043384
0.00433845
0.00433851
0.00433854
0.00433859
0.00433862
0.00433867
0.0043387
0.00433874
0.00433877
0.00433882
0.00433885
0.00433889
0.00433892
0.00433896
0.004339
0.00433904
0.00433907
0.00433912
0.00433915
0.00433919
0.00433923
0.00433927
0.00433931
0.00433935
0.00433939
0.00433943
0.00433947
0.00433952
0.00433956
0.0043396
0.00433964
0.00433968
0.00433973
0.00433976
0.0043398
0.00433983
0.00433986
0.00433987
0.00433985
0.00433984
0.00433849
0.00355147
0.00409612
0.00417851
0.00419196
0.00419943
0.00420243
0.00420789
0.00421071
0.00421551
0.00421844
0.00422288
0.00422598
0.00423011
0.00423328
0.00423708
0.00424024
0.0042438
0.00424693
0.00425029
0.00425333
0.00425644
0.00425934
0.00426223
0.00426498
0.00426766
0.00427021
0.00427262
0.00427493
0.00427707
0.00427912
0.00428098
0.00428274
0.00428429
0.00428575
0.004287
0.00428816
0.00428913
0.00429002
0.00429074
0.00429139
0.00429189
0.00429233
0.00429264
0.00429291
0.00429308
0.00429324
0.00429331
0.0042934
0.00429343
0.00429348
0.0042935
0.00429353
0.00429354
0.00429356
0.00429357
0.00429359
0.0042936
0.00429363
0.00429364
0.00429366
0.00429367
0.0042937
0.00429371
0.00429374
0.00429375
0.00429378
0.0042938
0.00429382
0.00429384
0.00429387
0.00429389
0.00429392
0.00429395
0.00429398
0.004294
0.00429404
0.00429407
0.0042941
0.00429414
0.00429417
0.00429421
0.00429424
0.00429427
0.0042943
0.0042943
0.00429432
0.00429425
0.00429424
0.00429401
0.00429265
0.00355145
0.00409537
0.00417653
0.00418849
0.00419452
0.00419627
0.00420041
0.00420223
0.00420601
0.00420809
0.00421174
0.00421413
0.0042176
0.00422013
0.00422334
0.00422595
0.00422899
0.00423164
0.00423453
0.00423713
0.00423983
0.00424233
0.00424485
0.00424724
0.00424959
0.00425183
0.00425396
0.00425601
0.00425791
0.00425974
0.0042614
0.00426299
0.0042644
0.00426573
0.00426687
0.00426793
0.00426883
0.00426966
0.00427032
0.00427094
0.00427141
0.00427183
0.00427212
0.00427239
0.00427255
0.0042727
0.00427278
0.00427286
0.00427289
0.00427294
0.00427296
0.00427299
0.004273
0.00427302
0.00427303
0.00427306
0.00427307
0.00427309
0.0042731
0.00427313
0.00427314
0.00427316
0.00427318
0.0042732
0.00427322
0.00427325
0.00427326
0.00427329
0.00427331
0.00427334
0.00427336
0.00427339
0.00427341
0.00427344
0.00427347
0.0042735
0.00427354
0.00427357
0.00427361
0.00427364
0.00427368
0.00427371
0.00427374
0.00427377
0.00427377
0.00427379
0.00427373
0.00427372
0.0042735
0.0042722
0.00356975
0.00410963
0.00419069
0.00420394
0.00421055
0.00421243
0.00421628
0.00421773
0.00422084
0.00422249
0.0042255
0.00422739
0.0042303
0.00423228
0.00423496
0.00423736
0.00423998
0.00424245
0.00424498
0.00424735
0.00424973
0.00425198
0.00425421
0.00425634
0.00425843
0.00426041
0.00426231
0.00426411
0.00426582
0.00426743
0.00426893
0.00427033
0.00427161
0.00427278
0.00427382
0.00427476
0.00427559
0.00427633
0.00427697
0.00427751
0.00427798
0.00427835
0.00427866
0.0042789
0.00427909
0.00427924
0.00427935
0.00427943
0.00427951
0.00427956
0.00427961
0.00427965
0.0042797
0.00427973
0.00427978
0.00427981
0.00427985
0.00427989
0.00427993
0.00427996
0.00428001
0.00428004
0.00428008
0.00428012
0.00428016
0.0042802
0.00428024
0.00428028
0.00428032
0.00428036
0.0042804
0.00428044
0.00428048
0.00428052
0.00428057
0.00428061
0.00428065
0.00428069
0.00428074
0.00428078
0.00428083
0.00428087
0.00428091
0.00428095
0.00428098
0.00428101
0.00428103
0.00428099
0.00428102
0.00427976
0.00367273
0.00418567
0.00425881
0.00427085
0.00427732
0.00427899
0.00428245
0.00428341
0.00428597
0.00428702
0.00428945
0.00429073
0.00429307
0.00429449
0.00429667
0.00429823
0.00430031
0.00430196
0.00430396
0.00430561
0.00430747
0.00430909
0.00431084
0.00431241
0.00431405
0.00431554
0.00431704
0.00431841
0.00431977
0.00432101
0.00432221
0.0043233
0.00432433
0.00432525
0.0043261
0.00432685
0.00432753
0.00432813
0.00432866
0.00432911
0.00432951
0.00432983
0.00433011
0.00433032
0.00433051
0.00433065
0.00433078
0.00433087
0.00433097
0.00433104
0.00433113
0.00433119
0.00433127
0.00433133
0.00433141
0.00433148
0.00433155
0.00433162
0.0043317
0.00433176
0.00433184
0.00433191
0.00433199
0.00433205
0.00433213
0.0043322
0.00433228
0.00433235
0.00433244
0.00433251
0.0043326
0.00433267
0.00433276
0.00433283
0.00433293
0.004333
0.0043331
0.00433318
0.00433328
0.00433336
0.00433346
0.00433354
0.00433364
0.00433372
0.00433379
0.00433386
0.00433389
0.00433389
0.0043338
0.00433292
0.00384523
0.004287
0.0043361
0.00434438
0.00434756
0.00435014
0.00435208
0.00435418
0.00435583
0.00435787
0.0043595
0.00436155
0.00436313
0.00436512
0.00436662
0.00436855
0.00436999
0.00437186
0.00437322
0.00437499
0.00437626
0.00437793
0.00437912
0.00438068
0.00438178
0.00438324
0.00438423
0.00438555
0.00438644
0.00438763
0.00438841
0.00438946
0.00439012
0.00439102
0.00439155
0.00439231
0.00439272
0.00439336
0.00439367
0.00439419
0.00439441
0.00439482
0.00439496
0.00439528
0.00439538
0.00439563
0.00439569
0.0043959
0.00439595
0.00439614
0.00439619
0.00439637
0.00439641
0.00439659
0.00439663
0.0043968
0.00439685
0.00439702
0.00439707
0.00439724
0.00439729
0.00439746
0.00439752
0.00439768
0.00439774
0.0043979
0.00439796
0.00439812
0.00439819
0.00439834
0.00439842
0.00439857
0.00439865
0.0043988
0.00439888
0.00439904
0.00439912
0.00439928
0.00439937
0.00439953
0.00439962
0.00439978
0.00439987
0.00440004
0.00440012
0.00440028
0.00440038
0.00440047
0.0044007
0.00439975
0.00418282
0.00447358
0.00449125
0.00449078
0.0044915
0.00449238
0.00449358
0.00449537
0.0044964
0.00449862
0.00449947
0.00450184
0.0045025
0.00450486
0.00450535
0.00450766
0.00450804
0.00451027
0.00451055
0.00451267
0.00451287
0.00451486
0.00451501
0.00451688
0.00451697
0.00451871
0.00451876
0.00452035
0.00452035
0.00452181
0.00452177
0.00452308
0.00452299
0.00452416
0.00452402
0.00452506
0.00452487
0.0045258
0.00452558
0.0045264
0.00452615
0.00452687
0.0045266
0.00452724
0.00452696
0.00452754
0.00452727
0.0045278
0.00452754
0.00452804
0.0045278
0.00452828
0.00452806
0.00452851
0.00452832
0.00452874
0.00452857
0.00452898
0.00452883
0.00452923
0.0045291
0.00452948
0.00452936
0.00452973
0.00452964
0.00452999
0.00452992
0.00453026
0.0045302
0.00453054
0.0045305
0.00453083
0.00453081
0.00453114
0.00453113
0.00453146
0.00453146
0.00453179
0.00453181
0.00453215
0.00453218
0.00453253
0.00453257
0.00453293
0.00453297
0.00453334
0.00453335
0.00453369
0.00453371
0.00453425
0.00419315
0.00428364
0.00428096
0.00427516
0.00427534
0.00427587
0.00427716
0.00428017
0.00428105
0.00428504
0.00428528
0.0042896
0.00428925
0.00429362
0.0042928
0.00429709
0.00429595
0.00430009
0.00429872
0.00430264
0.00430114
0.00430484
0.00430326
0.00430672
0.00430512
0.00430834
0.00430673
0.00430971
0.00430811
0.00431087
0.0043093
0.00431184
0.00431031
0.00431264
0.00431116
0.00431329
0.00431187
0.00431383
0.00431246
0.00431426
0.00431295
0.00431461
0.00431336
0.00431489
0.00431371
0.00431513
0.00431402
0.00431535
0.00431431
0.00431555
0.00431459
0.00431575
0.00431486
0.00431595
0.00431513
0.00431616
0.0043154
0.00431637
0.00431567
0.00431659
0.00431595
0.00431682
0.00431623
0.00431707
0.00431653
0.00431733
0.00431683
0.0043176
0.00431716
0.0043179
0.00431749
0.00431822
0.00431785
0.00431856
0.00431824
0.00431894
0.00431865
0.00431936
0.0043191
0.00431981
0.00431958
0.00432031
0.00432011
0.00432084
0.00432066
0.0043214
0.00432119
0.00432197
0.00432136
0.00432171
0.00421875
0.00433199
0.00434359
0.00434908
0.00435853
0.00436712
0.00437546
0.00438492
0.00439162
0.00440115
0.00440638
0.00441564
0.00441967
0.00442849
0.00443165
0.00443999
0.00444252
0.00445036
0.00445238
0.00445968
0.00446128
0.00446804
0.00446928
0.00447548
0.00447637
0.00448197
0.00448253
0.00448752
0.00448776
0.00449216
0.00449208
0.0044959
0.00449553
0.00449883
0.00449821
0.00450103
0.00450021
0.00450263
0.00450165
0.00450372
0.00450264
0.00450444
0.00450332
0.0045049
0.00450378
0.00450521
0.00450413
0.00450544
0.00450442
0.00450564
0.00450468
0.00450582
0.00450494
0.00450601
0.00450519
0.0045062
0.00450544
0.0045064
0.0045057
0.00450661
0.00450596
0.00450682
0.00450624
0.00450705
0.00450652
0.0045073
0.00450681
0.00450756
0.00450712
0.00450784
0.00450744
0.00450815
0.00450778
0.00450848
0.00450815
0.00450884
0.00450855
0.00450924
0.00450898
0.00450968
0.00450945
0.00451016
0.00450996
0.00451068
0.00451049
0.00451121
0.004511
0.00451177
0.00451115
0.00451153
0.00419452
0.00450426
0.00453671
0.00454809
0.0045587
0.00456806
0.00457666
0.00458515
0.00459224
0.00460007
0.00460606
0.00461333
0.00461845
0.00462522
0.00462969
0.00463602
0.00463999
0.00464591
0.00464945
0.00465495
0.0046581
0.00466318
0.00466596
0.0046706
0.004673
0.00467715
0.00467917
0.00468282
0.00468444
0.0046876
0.00468885
0.00469149
0.00469238
0.00469455
0.00469513
0.00469687
0.00469718
0.00469856
0.00469865
0.00469973
0.00469966
0.00470051
0.00470033
0.00470102
0.00470078
0.00470137
0.0047011
0.00470163
0.00470137
0.00470186
0.00470161
0.00470207
0.00470185
0.00470228
0.00470208
0.0047025
0.00470232
0.00470272
0.00470256
0.00470294
0.00470281
0.00470317
0.00470305
0.00470341
0.00470331
0.00470365
0.00470357
0.0047039
0.00470384
0.00470417
0.00470412
0.00470444
0.00470441
0.00470473
0.00470471
0.00470503
0.00470503
0.00470535
0.00470537
0.0047057
0.00470572
0.00470606
0.00470609
0.00470644
0.00470646
0.00470682
0.00470681
0.00470714
0.00470709
0.00470757
0.00384943
0.00430302
0.00436329
0.00438152
0.00439324
0.00440333
0.00441183
0.00441985
0.00442681
0.00443372
0.0044398
0.00444601
0.00445144
0.00445709
0.004462
0.00446721
0.00447173
0.00447657
0.00448073
0.0044852
0.00448901
0.00449311
0.00449658
0.00450032
0.00450342
0.00450676
0.00450947
0.00451239
0.00451471
0.00451721
0.00451913
0.00452121
0.00452274
0.0045244
0.00452557
0.00452687
0.00452772
0.00452871
0.00452929
0.00453002
0.00453039
0.0045309
0.00453112
0.00453149
0.00453161
0.00453188
0.00453194
0.00453216
0.0045322
0.00453239
0.00453243
0.0045326
0.00453264
0.0045328
0.00453285
0.00453301
0.00453305
0.00453321
0.00453326
0.00453342
0.00453347
0.00453362
0.00453368
0.00453383
0.00453389
0.00453404
0.0045341
0.00453425
0.00453431
0.00453446
0.00453453
0.00453468
0.00453475
0.0045349
0.00453497
0.00453513
0.0045352
0.00453536
0.00453543
0.00453559
0.00453567
0.00453583
0.00453591
0.00453607
0.00453615
0.00453631
0.00453637
0.00453649
0.00453663
0.00453555
0.00367394
0.00419304
0.00427355
0.0042929
0.00430601
0.00431362
0.00432237
0.00432798
0.00433492
0.00433975
0.00434575
0.00435025
0.00435559
0.00435986
0.00436468
0.00436875
0.00437321
0.00437711
0.00438124
0.00438493
0.00438873
0.00439218
0.00439568
0.00439888
0.00440206
0.00440497
0.00440779
0.00441037
0.00441283
0.00441506
0.00441715
0.00441901
0.00442072
0.00442222
0.00442357
0.00442473
0.00442576
0.00442663
0.00442738
0.00442799
0.00442851
0.00442892
0.00442925
0.0044295
0.00442972
0.00442987
0.00443
0.0044301
0.0044302
0.00443027
0.00443035
0.00443041
0.00443049
0.00443055
0.00443063
0.00443068
0.00443076
0.00443082
0.0044309
0.00443096
0.00443103
0.0044311
0.00443117
0.00443124
0.00443132
0.00443138
0.00443146
0.00443153
0.00443161
0.00443168
0.00443176
0.00443183
0.00443192
0.00443199
0.00443208
0.00443215
0.00443225
0.00443232
0.00443242
0.0044325
0.0044326
0.00443267
0.00443277
0.00443284
0.00443291
0.00443298
0.00443298
0.004433
0.00443287
0.00443183
0.00356966
0.00411207
0.00419692
0.00421447
0.00422511
0.00423075
0.00423792
0.00424239
0.00424826
0.0042523
0.00425755
0.00426139
0.00426612
0.00427016
0.0042745
0.00427856
0.00428265
0.00428651
0.00429035
0.00429397
0.00429754
0.00430091
0.00430421
0.00430734
0.00431037
0.00431323
0.00431595
0.00431848
0.00432087
0.00432309
0.00432514
0.00432702
0.00432872
0.00433025
0.00433161
0.0043328
0.00433385
0.00433475
0.00433553
0.00433618
0.00433672
0.00433715
0.0043375
0.00433776
0.00433797
0.00433812
0.00433824
0.00433833
0.0043384
0.00433845
0.00433851
0.00433854
0.00433859
0.00433862
0.00433867
0.0043387
0.00433874
0.00433877
0.00433882
0.00433885
0.00433889
0.00433892
0.00433896
0.004339
0.00433904
0.00433907
0.00433912
0.00433915
0.00433919
0.00433923
0.00433927
0.00433931
0.00433935
0.00433939
0.00433943
0.00433947
0.00433952
0.00433956
0.0043396
0.00433964
0.00433968
0.00433973
0.00433976
0.0043398
0.00433983
0.00433986
0.00433987
0.00433985
0.00433984
0.00433849
0.00355147
0.00409612
0.00417851
0.00419196
0.00419943
0.00420243
0.00420789
0.00421071
0.00421551
0.00421844
0.00422288
0.00422598
0.00423011
0.00423328
0.00423708
0.00424024
0.0042438
0.00424693
0.00425029
0.00425333
0.00425644
0.00425934
0.00426223
0.00426498
0.00426766
0.00427021
0.00427262
0.00427493
0.00427707
0.00427912
0.00428098
0.00428274
0.00428429
0.00428575
0.004287
0.00428816
0.00428913
0.00429002
0.00429074
0.00429139
0.00429189
0.00429233
0.00429264
0.00429291
0.00429308
0.00429324
0.00429331
0.0042934
0.00429343
0.00429348
0.0042935
0.00429353
0.00429354
0.00429356
0.00429357
0.00429359
0.0042936
0.00429363
0.00429364
0.00429366
0.00429367
0.0042937
0.00429371
0.00429374
0.00429375
0.00429378
0.0042938
0.00429382
0.00429384
0.00429387
0.00429389
0.00429392
0.00429395
0.00429397
0.004294
0.00429404
0.00429407
0.0042941
0.00429414
0.00429417
0.00429421
0.00429424
0.00429427
0.0042943
0.0042943
0.00429432
0.00429425
0.00429424
0.00429401
0.00429265
0.00355145
0.00409537
0.00417653
0.00418849
0.00419452
0.00419627
0.00420041
0.00420223
0.00420601
0.00420809
0.00421174
0.00421413
0.0042176
0.00422013
0.00422334
0.00422595
0.00422899
0.00423164
0.00423453
0.00423713
0.00423983
0.00424233
0.00424485
0.00424724
0.00424959
0.00425183
0.00425396
0.00425601
0.00425791
0.00425974
0.0042614
0.00426299
0.0042644
0.00426573
0.00426687
0.00426793
0.00426883
0.00426966
0.00427032
0.00427094
0.00427141
0.00427183
0.00427212
0.00427239
0.00427255
0.0042727
0.00427278
0.00427286
0.00427289
0.00427294
0.00427296
0.00427299
0.004273
0.00427302
0.00427303
0.00427306
0.00427307
0.00427309
0.0042731
0.00427313
0.00427314
0.00427316
0.00427318
0.0042732
0.00427322
0.00427325
0.00427326
0.00427329
0.00427331
0.00427334
0.00427336
0.00427339
0.00427341
0.00427344
0.00427347
0.0042735
0.00427354
0.00427357
0.00427361
0.00427364
0.00427368
0.00427371
0.00427374
0.00427377
0.00427377
0.00427379
0.00427373
0.00427372
0.0042735
0.0042722
0.00356975
0.00410963
0.00419069
0.00420394
0.00421055
0.00421243
0.00421628
0.00421773
0.00422084
0.00422249
0.0042255
0.00422739
0.0042303
0.00423228
0.00423496
0.00423736
0.00423998
0.00424245
0.00424498
0.00424735
0.00424973
0.00425198
0.00425421
0.00425634
0.00425843
0.00426041
0.00426231
0.00426411
0.00426582
0.00426743
0.00426893
0.00427033
0.00427161
0.00427278
0.00427382
0.00427476
0.00427559
0.00427633
0.00427697
0.00427751
0.00427798
0.00427835
0.00427866
0.0042789
0.00427909
0.00427924
0.00427935
0.00427943
0.00427951
0.00427956
0.00427961
0.00427965
0.0042797
0.00427973
0.00427978
0.00427981
0.00427985
0.00427989
0.00427993
0.00427996
0.00428001
0.00428004
0.00428008
0.00428012
0.00428016
0.0042802
0.00428024
0.00428028
0.00428032
0.00428036
0.0042804
0.00428044
0.00428048
0.00428052
0.00428057
0.00428061
0.00428065
0.00428069
0.00428074
0.00428078
0.00428082
0.00428087
0.00428091
0.00428095
0.00428098
0.00428101
0.00428103
0.00428099
0.00428102
0.00427976
0.00367273
0.00418567
0.00425881
0.00427085
0.00427732
0.00427899
0.00428245
0.00428341
0.00428597
0.00428702
0.00428945
0.00429073
0.00429307
0.00429449
0.00429667
0.00429823
0.00430031
0.00430196
0.00430396
0.00430561
0.00430747
0.00430909
0.00431084
0.00431241
0.00431405
0.00431554
0.00431704
0.00431841
0.00431977
0.00432101
0.00432221
0.0043233
0.00432433
0.00432525
0.0043261
0.00432685
0.00432753
0.00432813
0.00432866
0.00432911
0.00432951
0.00432983
0.00433011
0.00433032
0.00433051
0.00433065
0.00433077
0.00433087
0.00433097
0.00433104
0.00433113
0.00433119
0.00433127
0.00433133
0.00433141
0.00433148
0.00433155
0.00433162
0.00433169
0.00433176
0.00433184
0.00433191
0.00433199
0.00433205
0.00433213
0.0043322
0.00433228
0.00433235
0.00433244
0.00433251
0.0043326
0.00433267
0.00433276
0.00433283
0.00433293
0.004333
0.0043331
0.00433318
0.00433328
0.00433336
0.00433346
0.00433354
0.00433364
0.00433372
0.00433379
0.00433386
0.00433389
0.00433389
0.0043338
0.00433292
0.00384523
0.004287
0.0043361
0.00434438
0.00434756
0.00435014
0.00435208
0.00435418
0.00435583
0.00435787
0.0043595
0.00436155
0.00436313
0.00436512
0.00436662
0.00436855
0.00436999
0.00437186
0.00437322
0.00437499
0.00437626
0.00437793
0.00437912
0.00438068
0.00438178
0.00438324
0.00438423
0.00438555
0.00438644
0.00438763
0.00438841
0.00438946
0.00439012
0.00439102
0.00439155
0.00439231
0.00439272
0.00439336
0.00439367
0.00439419
0.00439441
0.00439482
0.00439496
0.00439528
0.00439538
0.00439563
0.00439569
0.0043959
0.00439595
0.00439614
0.00439619
0.00439637
0.00439641
0.00439659
0.00439663
0.0043968
0.00439685
0.00439702
0.00439707
0.00439724
0.00439729
0.00439746
0.00439752
0.00439768
0.00439774
0.0043979
0.00439796
0.00439812
0.00439819
0.00439834
0.00439841
0.00439857
0.00439865
0.0043988
0.00439888
0.00439904
0.00439912
0.00439928
0.00439937
0.00439953
0.00439962
0.00439978
0.00439987
0.00440004
0.00440012
0.00440028
0.00440038
0.00440047
0.0044007
0.00439975
0.00418282
0.00447358
0.00449125
0.00449078
0.0044915
0.00449238
0.00449358
0.00449537
0.0044964
0.00449862
0.00449947
0.00450184
0.0045025
0.00450486
0.00450535
0.00450766
0.00450804
0.00451027
0.00451055
0.00451267
0.00451287
0.00451486
0.00451501
0.00451688
0.00451697
0.00451871
0.00451876
0.00452035
0.00452035
0.00452181
0.00452177
0.00452308
0.00452299
0.00452416
0.00452402
0.00452506
0.00452487
0.0045258
0.00452558
0.0045264
0.00452615
0.00452687
0.0045266
0.00452724
0.00452696
0.00452754
0.00452727
0.0045278
0.00452754
0.00452804
0.0045278
0.00452828
0.00452806
0.00452851
0.00452832
0.00452874
0.00452857
0.00452898
0.00452883
0.00452923
0.0045291
0.00452948
0.00452936
0.00452973
0.00452964
0.00452999
0.00452992
0.00453026
0.0045302
0.00453054
0.0045305
0.00453083
0.00453081
0.00453114
0.00453113
0.00453146
0.00453146
0.00453179
0.00453181
0.00453215
0.00453218
0.00453253
0.00453257
0.00453293
0.00453297
0.00453334
0.00453335
0.00453369
0.00453371
0.00453425
0.00419315
0.00428364
0.00428096
0.00427516
0.00427534
0.00427587
0.00427716
0.00428017
0.00428105
0.00428504
0.00428528
0.0042896
0.00428925
0.00429362
0.0042928
0.00429709
0.00429595
0.00430009
0.00429872
0.00430264
0.00430114
0.00430484
0.00430326
0.00430672
0.00430512
0.00430834
0.00430673
0.00430971
0.00430811
0.00431087
0.0043093
0.00431184
0.00431031
0.00431264
0.00431116
0.00431329
0.00431187
0.00431383
0.00431246
0.00431426
0.00431295
0.00431461
0.00431336
0.00431489
0.00431371
0.00431513
0.00431402
0.00431535
0.00431431
0.00431555
0.00431459
0.00431575
0.00431486
0.00431595
0.00431513
0.00431616
0.0043154
0.00431637
0.00431567
0.00431659
0.00431595
0.00431682
0.00431623
0.00431707
0.00431653
0.00431733
0.00431683
0.0043176
0.00431716
0.0043179
0.00431749
0.00431822
0.00431785
0.00431856
0.00431824
0.00431894
0.00431865
0.00431936
0.0043191
0.00431981
0.00431958
0.00432031
0.00432011
0.00432084
0.00432066
0.0043214
0.00432119
0.00432197
0.00432136
0.00432171
0.0121809
0.0123325
0.0123763
0.0124093
0.0124372
0.0124625
0.0124842
0.0125052
0.0125233
0.0125417
0.0125576
0.0125743
0.0125887
0.0126039
0.0126169
0.0126311
0.0126431
0.0126563
0.0126675
0.0126797
0.01269
0.0127013
0.0127107
0.012721
0.0127295
0.0127388
0.0127462
0.0127543
0.0127607
0.0127676
0.0127728
0.0127786
0.0127827
0.0127873
0.0127904
0.0127939
0.0127961
0.0127988
0.0128002
0.0128021
0.0128028
0.0128041
0.0128044
0.0128053
0.0128053
0.0128058
0.0128057
0.0128061
0.0128059
0.0128062
0.012806
0.0128063
0.012806
0.0128063
0.0128061
0.0128063
0.0128061
0.0128063
0.0128062
0.0128064
0.0128062
0.0128064
0.0128063
0.0128065
0.0128063
0.0128065
0.0128064
0.0128066
0.0128065
0.0128066
0.0128065
0.0128067
0.0128066
0.0128067
0.0128067
0.0128068
0.0128068
0.0128069
0.0128069
0.012807
0.012807
0.0128071
0.0128071
0.0128073
0.0128073
0.0128075
0.0128075
0.0128079
0.0128072
0.0128073
0.0117442
0.0120162
0.0120608
0.0120942
0.0121212
0.0121467
0.012168
0.0121889
0.0122067
0.012225
0.0122407
0.0122572
0.0122715
0.0122865
0.0122994
0.0123132
0.0123252
0.0123381
0.0123492
0.0123612
0.0123714
0.0123824
0.0123918
0.0124018
0.0124103
0.0124193
0.0124268
0.0124346
0.012441
0.0124478
0.0124531
0.0124587
0.0124629
0.0124673
0.0124705
0.012474
0.0124762
0.0124788
0.0124803
0.0124821
0.012483
0.0124842
0.0124846
0.0124854
0.0124855
0.012486
0.0124859
0.0124863
0.0124861
0.0124864
0.0124862
0.0124865
0.0124863
0.0124865
0.0124863
0.0124865
0.0124864
0.0124866
0.0124864
0.0124866
0.0124865
0.0124867
0.0124865
0.0124867
0.0124866
0.0124868
0.0124867
0.0124868
0.0124867
0.0124869
0.0124868
0.0124869
0.0124869
0.012487
0.012487
0.0124871
0.0124871
0.0124872
0.0124871
0.0124873
0.0124872
0.0124874
0.0124873
0.0124875
0.0124874
0.0124876
0.0124875
0.0124878
0.0124876
0.0124879
0.011275
0.0116657
0.0117152
0.011746
0.0117712
0.0117947
0.0118151
0.0118346
0.0118518
0.0118687
0.0118839
0.0118993
0.0119132
0.0119273
0.01194
0.0119529
0.0119647
0.0119768
0.0119878
0.011999
0.0120092
0.0120196
0.0120289
0.0120384
0.0120469
0.0120555
0.012063
0.0120706
0.0120771
0.0120836
0.0120891
0.0120946
0.0120991
0.0121035
0.0121069
0.0121103
0.0121129
0.0121154
0.0121173
0.0121191
0.0121202
0.0121214
0.0121221
0.0121228
0.0121231
0.0121236
0.0121237
0.0121239
0.0121239
0.0121241
0.0121241
0.0121242
0.0121241
0.0121242
0.0121242
0.0121243
0.0121242
0.0121243
0.0121243
0.0121244
0.0121243
0.0121244
0.0121244
0.0121245
0.0121244
0.0121245
0.0121245
0.0121246
0.0121246
0.0121247
0.0121246
0.0121247
0.0121247
0.0121248
0.0121248
0.0121249
0.0121249
0.0121249
0.0121249
0.012125
0.012125
0.0121251
0.0121251
0.0121252
0.0121251
0.0121252
0.0121251
0.0121253
0.012125
0.0121211
0.011113
0.0115636
0.0116126
0.0116387
0.0116601
0.0116809
0.0116994
0.0117173
0.0117332
0.0117489
0.0117631
0.0117775
0.0117909
0.0118042
0.0118165
0.0118287
0.0118401
0.0118516
0.0118623
0.0118731
0.0118831
0.011893
0.0119022
0.0119114
0.0119198
0.0119282
0.0119358
0.0119432
0.0119498
0.0119563
0.011962
0.0119675
0.0119722
0.0119767
0.0119805
0.011984
0.0119869
0.0119895
0.0119916
0.0119936
0.011995
0.0119963
0.0119972
0.011998
0.0119985
0.0119989
0.0119991
0.0119994
0.0119995
0.0119996
0.0119996
0.0119997
0.0119997
0.0119998
0.0119997
0.0119998
0.0119998
0.0119998
0.0119998
0.0119999
0.0119999
0.0119999
0.0119999
0.012
0.012
0.012
0.012
0.0120001
0.0120001
0.0120001
0.0120001
0.0120002
0.0120002
0.0120003
0.0120003
0.0120003
0.0120003
0.0120004
0.0120004
0.0120004
0.0120004
0.0120005
0.0120005
0.0120005
0.0120005
0.0120006
0.0120005
0.0120006
0.0120004
0.0119976
0.0110128
0.0115025
0.0115487
0.0115692
0.0115854
0.0116024
0.011618
0.0116336
0.0116475
0.0116613
0.011674
0.011687
0.0116992
0.0117114
0.0117227
0.011734
0.0117444
0.011755
0.011765
0.0117751
0.0117844
0.0117937
0.0118024
0.011811
0.011819
0.011827
0.0118343
0.0118414
0.0118478
0.0118541
0.0118597
0.0118651
0.0118698
0.0118743
0.0118781
0.0118817
0.0118846
0.0118874
0.0118896
0.0118916
0.0118932
0.0118946
0.0118956
0.0118965
0.011897
0.0118975
0.0118978
0.0118981
0.0118982
0.0118983
0.0118983
0.0118984
0.0118984
0.0118985
0.0118985
0.0118985
0.0118985
0.0118986
0.0118985
0.0118986
0.0118986
0.0118986
0.0118986
0.0118987
0.0118987
0.0118987
0.0118987
0.0118987
0.0118987
0.0118988
0.0118988
0.0118988
0.0118988
0.0118989
0.0118989
0.0118989
0.0118989
0.011899
0.011899
0.011899
0.011899
0.0118991
0.0118991
0.0118991
0.0118991
0.0118991
0.011899
0.0118991
0.0118989
0.0118945
0.0109918
0.0114918
0.0115333
0.0115478
0.011559
0.0115718
0.011584
0.0115968
0.0116083
0.01162
0.0116308
0.011642
0.0116527
0.0116636
0.0116737
0.0116838
0.0116931
0.0117027
0.0117117
0.0117209
0.0117295
0.011738
0.0117459
0.0117538
0.0117611
0.0117686
0.0117753
0.011782
0.011788
0.0117939
0.0117992
0.0118043
0.0118089
0.0118132
0.0118169
0.0118204
0.0118233
0.011826
0.0118282
0.0118302
0.0118318
0.0118332
0.0118342
0.0118352
0.0118358
0.0118363
0.0118366
0.0118369
0.011837
0.0118372
0.0118372
0.0118373
0.0118373
0.0118373
0.0118373
0.0118374
0.0118373
0.0118374
0.0118374
0.0118374
0.0118374
0.0118375
0.0118374
0.0118375
0.0118375
0.0118375
0.0118375
0.0118376
0.0118375
0.0118376
0.0118376
0.0118376
0.0118376
0.0118377
0.0118377
0.0118377
0.0118377
0.0118377
0.0118377
0.0118378
0.0118378
0.0118378
0.0118378
0.0118379
0.0118378
0.0118379
0.0118378
0.0118379
0.0118377
0.0118338
0.0109919
0.0114895
0.0115271
0.0115372
0.0115444
0.0115537
0.0115628
0.0115728
0.0115818
0.0115912
0.0115999
0.0116092
0.0116182
0.0116274
0.011636
0.0116447
0.0116527
0.0116609
0.0116687
0.0116767
0.0116841
0.0116916
0.0116984
0.0117054
0.0117119
0.0117184
0.0117244
0.0117303
0.0117356
0.0117409
0.0117456
0.0117503
0.0117544
0.0117583
0.0117617
0.0117649
0.0117675
0.01177
0.011772
0.011774
0.0117754
0.0117768
0.0117778
0.0117787
0.0117792
0.0117798
0.0117801
0.0117804
0.0117804
0.0117806
0.0117806
0.0117807
0.0117807
0.0117808
0.0117807
0.0117808
0.0117808
0.0117808
0.0117808
0.0117809
0.0117808
0.0117809
0.0117809
0.0117809
0.0117809
0.011781
0.011781
0.011781
0.011781
0.011781
0.011781
0.0117811
0.0117811
0.0117811
0.0117811
0.0117812
0.0117812
0.0117812
0.0117812
0.0117812
0.0117812
0.0117813
0.0117813
0.0117813
0.0117813
0.0117813
0.0117813
0.0117813
0.0117812
0.0117774
0.0110127
0.0114934
0.0115274
0.0115351
0.0115399
0.0115465
0.0115531
0.0115606
0.0115674
0.0115746
0.0115814
0.0115889
0.011596
0.0116035
0.0116105
0.0116175
0.011624
0.0116308
0.0116372
0.0116438
0.0116499
0.011656
0.0116617
0.0116675
0.0116729
0.0116783
0.0116833
0.0116883
0.0116927
0.0116972
0.0117011
0.0117051
0.0117085
0.0117119
0.0117147
0.0117175
0.0117197
0.0117219
0.0117236
0.0117253
0.0117265
0.0117277
0.0117286
0.0117294
0.0117298
0.0117303
0.0117306
0.0117308
0.0117309
0.0117311
0.0117311
0.0117312
0.0117311
0.0117312
0.0117312
0.0117313
0.0117312
0.0117313
0.0117313
0.0117313
0.0117313
0.0117314
0.0117314
0.0117314
0.0117314
0.0117315
0.0117315
0.0117315
0.0117315
0.0117316
0.0117316
0.0117316
0.0117316
0.0117317
0.0117317
0.0117317
0.0117317
0.0117318
0.0117318
0.0117318
0.0117318
0.0117319
0.0117319
0.0117319
0.0117319
0.0117319
0.0117319
0.0117319
0.0117318
0.0117277
0.0111088
0.0115383
0.0115644
0.0115696
0.0115726
0.0115772
0.0115816
0.0115869
0.0115916
0.0115968
0.0116017
0.0116072
0.0116125
0.0116182
0.0116233
0.0116286
0.0116335
0.0116387
0.0116436
0.0116487
0.0116533
0.0116581
0.0116624
0.0116669
0.011671
0.0116752
0.011679
0.0116829
0.0116863
0.0116898
0.0116928
0.0116959
0.0116985
0.0117012
0.0117034
0.0117055
0.0117072
0.011709
0.0117103
0.0117116
0.0117126
0.0117135
0.0117142
0.0117148
0.0117152
0.0117156
0.0117157
0.011716
0.011716
0.0117161
0.0117161
0.0117162
0.0117162
0.0117163
0.0117163
0.0117164
0.0117163
0.0117164
0.0117164
0.0117165
0.0117164
0.0117165
0.0117165
0.0117166
0.0117166
0.0117166
0.0117166
0.0117167
0.0117167
0.0117167
0.0117167
0.0117168
0.0117168
0.0117169
0.0117169
0.0117169
0.0117169
0.011717
0.011717
0.0117171
0.0117171
0.0117171
0.0117171
0.0117172
0.0117172
0.0117172
0.0117172
0.0117172
0.0117172
0.0117147
0.011258
0.0116102
0.0116268
0.0116299
0.0116314
0.0116343
0.0116369
0.0116403
0.011643
0.0116465
0.0116495
0.0116533
0.0116565
0.0116604
0.0116636
0.0116673
0.0116704
0.011674
0.0116771
0.0116807
0.0116836
0.0116869
0.0116896
0.0116928
0.0116954
0.0116984
0.0117008
0.0117035
0.0117057
0.0117081
0.01171
0.0117123
0.0117139
0.0117158
0.0117171
0.0117187
0.0117197
0.011721
0.0117218
0.0117227
0.0117233
0.011724
0.0117244
0.0117249
0.011725
0.0117254
0.0117254
0.0117256
0.0117256
0.0117258
0.0117257
0.0117258
0.0117258
0.0117259
0.0117258
0.011726
0.0117259
0.011726
0.011726
0.0117261
0.011726
0.0117261
0.0117261
0.0117262
0.0117262
0.0117263
0.0117262
0.0117263
0.0117263
0.0117264
0.0117264
0.0117265
0.0117265
0.0117266
0.0117265
0.0117266
0.0117266
0.0117267
0.0117267
0.0117268
0.0117268
0.0117269
0.0117269
0.011727
0.0117269
0.0117271
0.011727
0.0117271
0.0117271
0.0117237
0.0116985
0.0119148
0.0119191
0.0119199
0.0119198
0.0119214
0.0119221
0.0119243
0.0119251
0.0119274
0.0119285
0.011931
0.0119322
0.0119348
0.011936
0.0119385
0.0119396
0.0119421
0.0119433
0.0119457
0.0119468
0.011949
0.0119501
0.0119522
0.0119532
0.0119552
0.0119562
0.011958
0.0119588
0.0119605
0.0119612
0.0119627
0.0119633
0.0119646
0.0119651
0.0119662
0.0119665
0.0119674
0.0119676
0.0119683
0.0119684
0.011969
0.011969
0.0119695
0.0119694
0.0119697
0.0119696
0.0119699
0.0119697
0.01197
0.0119698
0.01197
0.0119699
0.0119701
0.0119699
0.0119701
0.01197
0.0119702
0.01197
0.0119702
0.0119701
0.0119703
0.0119702
0.0119703
0.0119703
0.0119704
0.0119703
0.0119705
0.0119704
0.0119705
0.0119705
0.0119706
0.0119706
0.0119707
0.0119707
0.0119708
0.0119708
0.0119709
0.0119709
0.011971
0.011971
0.0119711
0.0119711
0.0119712
0.0119712
0.0119714
0.0119713
0.0119716
0.0119716
0.0119721
0.0121029
0.0121906
0.0121916
0.0121902
0.0121896
0.0121896
0.0121893
0.01219
0.0121897
0.0121908
0.0121906
0.012192
0.0121918
0.0121933
0.0121931
0.0121946
0.0121945
0.012196
0.0121959
0.0121974
0.0121973
0.0121987
0.0121987
0.0122
0.0122
0.0122013
0.0122013
0.0122025
0.0122024
0.0122035
0.0122035
0.0122045
0.0122044
0.0122053
0.0122052
0.012206
0.0122058
0.0122065
0.0122063
0.0122069
0.0122067
0.0122073
0.012207
0.0122075
0.0122072
0.0122076
0.0122073
0.0122077
0.0122074
0.0122077
0.0122075
0.0122078
0.0122075
0.0122078
0.0122076
0.0122079
0.0122077
0.0122079
0.0122077
0.012208
0.0122078
0.012208
0.0122079
0.0122081
0.0122079
0.0122081
0.012208
0.0122082
0.0122081
0.0122083
0.0122082
0.0122084
0.0122083
0.0122084
0.0122084
0.0122085
0.0122085
0.0122086
0.0122086
0.0122087
0.0122087
0.0122089
0.0122089
0.012209
0.0122091
0.0122093
0.0122094
0.0122098
0.0122091
0.0122092
0.0266162
0.0268089
0.0269024
0.0269799
0.0270407
0.0270987
0.027147
0.0271942
0.0272348
0.0272752
0.0273114
0.0273478
0.0273807
0.0274137
0.0274437
0.0274738
0.0275017
0.0275297
0.0275558
0.0275817
0.0276057
0.0276295
0.0276515
0.0276732
0.0276932
0.0277127
0.0277304
0.0277474
0.0277626
0.0277771
0.0277899
0.0278019
0.0278123
0.0278218
0.0278297
0.027837
0.0278428
0.0278481
0.0278522
0.0278558
0.0278584
0.0278607
0.0278622
0.0278635
0.0278642
0.0278649
0.0278651
0.0278655
0.0278655
0.0278657
0.0278656
0.0278657
0.0278656
0.0278657
0.0278656
0.0278657
0.0278655
0.0278656
0.0278655
0.0278656
0.0278655
0.0278655
0.0278655
0.0278655
0.0278654
0.0278655
0.0278654
0.0278654
0.0278654
0.0278654
0.0278653
0.0278654
0.0278653
0.0278653
0.0278652
0.0278653
0.0278652
0.0278652
0.0278651
0.0278652
0.0278651
0.0278651
0.0278649
0.027865
0.0278648
0.0278648
0.0278645
0.0278646
0.0278615
0.0278598
0.0152463
0.0155263
0.0155769
0.0156227
0.0156536
0.0156886
0.0157134
0.015742
0.015763
0.0157877
0.0158066
0.0158288
0.0158461
0.0158661
0.015882
0.0159003
0.0159151
0.0159322
0.015946
0.0159618
0.0159746
0.015989
0.0160008
0.016014
0.0160247
0.0160366
0.016046
0.0160563
0.0160644
0.0160733
0.01608
0.0160874
0.0160928
0.0160987
0.0161027
0.0161073
0.0161102
0.0161137
0.0161155
0.016118
0.0161191
0.0161208
0.0161213
0.0161224
0.0161225
0.0161232
0.016123
0.0161236
0.0161233
0.0161237
0.0161234
0.0161238
0.0161235
0.0161239
0.0161236
0.0161239
0.0161237
0.0161239
0.0161237
0.016124
0.0161238
0.0161241
0.0161239
0.0161241
0.016124
0.0161242
0.016124
0.0161243
0.0161241
0.0161243
0.0161242
0.0161244
0.0161243
0.0161245
0.0161243
0.0161245
0.0161244
0.0161246
0.0161245
0.0161246
0.0161245
0.0161246
0.0161245
0.0161246
0.0161245
0.0161246
0.0161243
0.0161246
0.0161218
0.0161205
0.0122434
0.0126414
0.0126793
0.0127156
0.012734
0.0127629
0.0127782
0.0128025
0.0128157
0.0128367
0.0128487
0.0128677
0.012879
0.0128962
0.0129067
0.0129225
0.0129324
0.0129471
0.0129565
0.0129701
0.0129789
0.0129915
0.0129996
0.0130111
0.0130185
0.0130289
0.0130355
0.0130447
0.0130503
0.0130584
0.013063
0.0130699
0.0130735
0.0130792
0.0130819
0.0130864
0.0130882
0.0130918
0.0130929
0.0130956
0.0130961
0.0130981
0.0130981
0.0130996
0.0130994
0.0131005
0.0131
0.0131009
0.0131004
0.0131012
0.0131007
0.0131014
0.0131009
0.0131015
0.0131011
0.0131017
0.0131013
0.0131019
0.0131015
0.013102
0.0131017
0.0131022
0.0131019
0.0131024
0.0131022
0.0131026
0.0131024
0.0131028
0.0131026
0.0131031
0.0131029
0.0131033
0.0131031
0.0131035
0.0131034
0.0131037
0.0131036
0.0131039
0.0131038
0.0131041
0.013104
0.0131043
0.0131042
0.0131045
0.0131044
0.0131046
0.0131044
0.0131047
0.0131038
0.0131
0.0117855
0.0122797
0.0123181
0.0123503
0.0123625
0.0123886
0.0123997
0.0124223
0.012432
0.0124517
0.0124607
0.0124788
0.0124876
0.0125043
0.0125127
0.0125279
0.0125359
0.0125502
0.0125579
0.0125713
0.0125786
0.0125909
0.0125977
0.0126091
0.0126154
0.0126259
0.0126316
0.012641
0.0126458
0.0126541
0.0126582
0.0126654
0.0126687
0.0126748
0.0126772
0.0126822
0.0126838
0.0126878
0.0126888
0.012692
0.0126924
0.0126948
0.0126949
0.0126967
0.0126964
0.0126978
0.0126973
0.0126984
0.0126979
0.0126989
0.0126983
0.0126992
0.0126986
0.0126995
0.0126989
0.0126997
0.0126993
0.0127
0.0126996
0.0127003
0.0127
0.0127007
0.0127003
0.012701
0.0127007
0.0127013
0.0127011
0.0127017
0.0127015
0.012702
0.0127019
0.0127024
0.0127023
0.0127028
0.0127026
0.0127031
0.012703
0.0127035
0.0127034
0.0127039
0.0127038
0.0127042
0.0127041
0.0127045
0.0127044
0.0127048
0.0127047
0.0127051
0.0127051
0.0127003
0.0117498
0.0122946
0.0123345
0.0123641
0.0123716
0.0123944
0.0124023
0.0124228
0.01243
0.012448
0.0124548
0.0124715
0.0124786
0.0124944
0.0125013
0.0125158
0.0125224
0.0125361
0.0125426
0.0125555
0.0125618
0.0125738
0.0125797
0.0125908
0.0125964
0.0126067
0.0126117
0.0126211
0.0126255
0.0126339
0.0126376
0.012645
0.012648
0.0126543
0.0126567
0.0126619
0.0126635
0.0126677
0.0126688
0.0126722
0.0126727
0.0126753
0.0126754
0.0126775
0.0126772
0.0126788
0.0126783
0.0126796
0.0126791
0.0126802
0.0126796
0.0126806
0.0126801
0.012681
0.0126805
0.0126814
0.0126809
0.0126818
0.0126814
0.0126822
0.0126818
0.0126826
0.0126823
0.0126831
0.0126828
0.0126835
0.0126833
0.012684
0.0126838
0.0126845
0.0126843
0.0126849
0.0126848
0.0126854
0.0126853
0.0126859
0.0126858
0.0126864
0.0126863
0.0126868
0.0126868
0.0126873
0.0126873
0.0126877
0.0126877
0.0126881
0.0126881
0.0126884
0.0126887
0.0126835
0.0117668
0.012341
0.0123814
0.012408
0.0124116
0.0124305
0.0124354
0.012453
0.0124578
0.0124735
0.0124784
0.0124932
0.0124987
0.012513
0.0125186
0.0125319
0.0125373
0.0125498
0.0125553
0.0125674
0.0125727
0.012584
0.012589
0.0125995
0.0126042
0.0126141
0.0126185
0.0126275
0.0126314
0.0126394
0.0126428
0.01265
0.0126528
0.012659
0.0126611
0.0126663
0.0126679
0.0126722
0.0126731
0.0126766
0.0126771
0.0126799
0.01268
0.0126822
0.0126819
0.0126836
0.0126832
0.0126846
0.012684
0.0126852
0.0126846
0.0126857
0.0126851
0.0126861
0.0126856
0.0126866
0.0126861
0.012687
0.0126866
0.0126875
0.0126872
0.012688
0.0126877
0.0126885
0.0126882
0.012689
0.0126888
0.0126896
0.0126894
0.0126901
0.0126899
0.0126906
0.0126905
0.0126912
0.0126911
0.0126917
0.0126917
0.0126923
0.0126922
0.0126928
0.0126928
0.0126933
0.0126933
0.0126938
0.0126938
0.0126943
0.0126943
0.0126946
0.0126952
0.0126897
0.0117671
0.0123391
0.0123759
0.0123984
0.0123983
0.0124134
0.0124156
0.0124301
0.0124327
0.0124459
0.012449
0.0124617
0.0124657
0.0124783
0.0124825
0.0124943
0.0124984
0.0125096
0.012514
0.0125248
0.0125291
0.0125393
0.0125434
0.0125529
0.0125568
0.0125658
0.0125695
0.0125777
0.012581
0.0125884
0.0125913
0.0125979
0.0126004
0.0126062
0.012608
0.0126129
0.0126142
0.0126183
0.0126192
0.0126225
0.0126229
0.0126256
0.0126257
0.0126278
0.0126276
0.0126292
0.0126288
0.0126302
0.0126296
0.0126308
0.0126302
0.0126313
0.0126307
0.0126317
0.0126312
0.0126322
0.0126317
0.0126327
0.0126323
0.0126331
0.0126328
0.0126336
0.0126333
0.0126341
0.0126339
0.0126347
0.0126345
0.0126352
0.012635
0.0126357
0.0126356
0.0126363
0.0126362
0.0126369
0.0126368
0.0126374
0.0126374
0.012638
0.0126379
0.0126385
0.0126385
0.012639
0.012639
0.0126395
0.0126395
0.01264
0.01264
0.0126403
0.012641
0.0126355
0.0117504
0.0122868
0.0123144
0.0123312
0.0123278
0.0123396
0.0123392
0.0123508
0.0123515
0.0123623
0.0123638
0.0123745
0.012377
0.0123877
0.0123905
0.0124005
0.0124034
0.012413
0.0124163
0.0124255
0.0124288
0.0124375
0.0124406
0.0124488
0.0124518
0.0124596
0.0124625
0.0124696
0.0124721
0.0124786
0.0124808
0.0124866
0.0124885
0.0124936
0.0124951
0.0124994
0.0125004
0.012504
0.0125046
0.0125076
0.0125079
0.0125103
0.0125103
0.0125122
0.0125119
0.0125135
0.012513
0.0125143
0.0125137
0.0125148
0.0125142
0.0125153
0.0125147
0.0125157
0.0125152
0.0125161
0.0125156
0.0125165
0.0125161
0.0125169
0.0125165
0.0125173
0.012517
0.0125178
0.0125175
0.0125183
0.012518
0.0125187
0.0125185
0.0125192
0.0125191
0.0125197
0.0125196
0.0125202
0.0125201
0.0125207
0.0125206
0.0125212
0.0125211
0.0125217
0.0125216
0.0125221
0.0125221
0.0125225
0.0125225
0.012523
0.0125229
0.0125232
0.0125238
0.0125188
0.011782
0.0122551
0.0122708
0.0122815
0.012276
0.0122846
0.0122824
0.0122913
0.0122905
0.0122989
0.0122991
0.0123076
0.0123089
0.0123173
0.0123189
0.0123269
0.0123287
0.0123363
0.0123385
0.0123459
0.012348
0.012355
0.0123571
0.0123637
0.0123658
0.012372
0.012374
0.0123797
0.0123814
0.0123866
0.0123882
0.0123929
0.0123942
0.0123983
0.0123992
0.0124028
0.0124034
0.0124063
0.0124067
0.0124092
0.0124092
0.0124112
0.0124111
0.0124127
0.0124123
0.0124137
0.0124131
0.0124143
0.0124137
0.0124147
0.0124141
0.012415
0.0124144
0.0124153
0.0124148
0.0124156
0.0124151
0.0124159
0.0124155
0.0124162
0.0124159
0.0124166
0.0124162
0.0124169
0.0124166
0.0124173
0.012417
0.0124176
0.0124174
0.012418
0.0124178
0.0124184
0.0124182
0.0124188
0.0124186
0.0124191
0.012419
0.0124195
0.0124194
0.0124199
0.0124198
0.0124202
0.0124202
0.0124206
0.0124205
0.0124209
0.0124208
0.0124211
0.0124213
0.0124169
0.0122224
0.0125784
0.0125813
0.0125875
0.0125814
0.0125877
0.0125846
0.0125911
0.0125894
0.0125955
0.0125948
0.012601
0.0126012
0.0126072
0.0126078
0.0126134
0.0126142
0.0126196
0.0126207
0.0126259
0.012627
0.0126319
0.012633
0.0126377
0.0126388
0.0126432
0.0126442
0.0126482
0.0126492
0.0126529
0.0126537
0.012657
0.0126577
0.0126606
0.012661
0.0126635
0.0126637
0.0126659
0.0126659
0.0126677
0.0126676
0.0126691
0.0126688
0.01267
0.0126696
0.0126706
0.0126701
0.0126709
0.0126704
0.0126712
0.0126707
0.0126714
0.0126709
0.0126715
0.0126711
0.0126717
0.0126713
0.0126719
0.0126716
0.0126721
0.0126718
0.0126723
0.012672
0.0126725
0.0126723
0.0126727
0.0126725
0.012673
0.0126728
0.0126732
0.012673
0.0126734
0.0126733
0.0126737
0.0126735
0.0126739
0.0126738
0.0126741
0.012674
0.0126744
0.0126743
0.0126746
0.0126745
0.0126747
0.0126746
0.0126749
0.0126748
0.012675
0.0126745
0.0126711
0.0151802
0.0153864
0.015385
0.0153884
0.0153844
0.0153883
0.0153864
0.0153905
0.0153894
0.0153933
0.0153929
0.0153967
0.015397
0.0154007
0.0154011
0.0154045
0.0154051
0.0154084
0.0154091
0.0154123
0.015413
0.0154159
0.0154167
0.0154195
0.0154203
0.0154228
0.0154236
0.0154259
0.0154266
0.0154287
0.0154293
0.0154312
0.0154317
0.0154334
0.0154337
0.0154352
0.0154354
0.0154366
0.0154367
0.0154377
0.0154377
0.0154385
0.0154384
0.015439
0.0154388
0.0154394
0.0154391
0.0154395
0.0154392
0.0154397
0.0154394
0.0154397
0.0154394
0.0154398
0.0154395
0.0154399
0.0154396
0.0154399
0.0154397
0.01544
0.0154398
0.0154401
0.0154399
0.0154401
0.01544
0.0154402
0.0154401
0.0154403
0.0154402
0.0154404
0.0154403
0.0154405
0.0154404
0.0154406
0.0154404
0.0154406
0.0154405
0.0154407
0.0154406
0.0154408
0.0154407
0.0154408
0.0154407
0.0154408
0.0154407
0.0154408
0.0154407
0.0154408
0.0154384
0.0154373
0.0264635
0.0265212
0.0265229
0.0265256
0.0265244
0.0265274
0.0265277
0.0265309
0.0265317
0.0265347
0.026536
0.0265391
0.0265408
0.0265438
0.0265455
0.0265483
0.0265501
0.0265528
0.0265546
0.0265572
0.026559
0.0265614
0.026563
0.0265653
0.0265669
0.0265691
0.0265706
0.0265725
0.0265738
0.0265756
0.0265768
0.0265784
0.0265794
0.0265808
0.0265816
0.0265827
0.0265834
0.0265843
0.0265848
0.0265855
0.0265858
0.0265864
0.0265866
0.026587
0.026587
0.0265873
0.0265873
0.0265874
0.0265874
0.0265875
0.0265874
0.0265875
0.0265874
0.0265876
0.0265875
0.0265876
0.0265875
0.0265876
0.0265875
0.0265876
0.0265875
0.0265876
0.0265875
0.0265876
0.0265875
0.0265876
0.0265875
0.0265876
0.0265875
0.0265876
0.0265875
0.0265876
0.0265875
0.0265876
0.0265875
0.0265876
0.0265875
0.0265875
0.0265875
0.0265875
0.0265875
0.0265875
0.0265874
0.0265874
0.0265873
0.0265873
0.0265872
0.0265872
0.0265846
0.0265833
)
;

boundaryField
{
    upperWall
    {
        type            zeroGradient;
    }
    lowerWall
    {
        type            zeroGradient;
    }
    heatedWall
    {
        type            zeroGradient;
    }
    inlet
    {
        type            zeroGradient;
    }
    outlet
    {
        type            zeroGradient;
    }
    frontAndBack
    {
        type            empty;
    }
}


// ************************************************************************* //
