/*--------------------------------*- C++ -*----------------------------------*\
  =========                 |
  \\      /  F ield         | OpenFOAM: The Open Source CFD Toolbox
   \\    /   O peration     | Website:  https://openfoam.org
    \\  /    A nd           | Version:  7
     \\/     M anipulation  |
\*---------------------------------------------------------------------------*/
FoamFile
{
    version     2.0;
    format      ascii;
    class       volScalarField;
    location    "0.055";
    object      k;
}
// * * * * * * * * * * * * * * * * * * * * * * * * * * * * * * * * * * * * * //

dimensions      [0 2 -2 0 0 0 0];

internalField   nonuniform List<scalar> 
8640
(
22.8178
21.4698
20.9752
20.9047
20.9
20.9483
20.9875
21.03
21.0394
21.0526
21.0475
21.051
21.0463
21.0492
21.0452
21.0475
21.0442
21.0461
21.0433
21.0448
21.0424
21.0436
21.0417
21.0427
21.0411
21.0419
21.0407
21.0415
21.0405
21.0412
21.0404
21.0411
21.0405
21.0412
21.0408
21.0415
21.0413
21.042
21.0418
21.0426
21.0426
21.0433
21.0433
21.0441
21.044
21.0447
21.0448
21.0455
21.0455
21.0462
21.0469
21.0472
21.0495
21.0484
21.0505
21.0465
21.0505
21.0453
21.0553
21.2758
8.8209
6.09515
4.73662
4.06588
3.67411
3.39379
3.22985
3.13968
3.09402
3.07532
3.06928
3.06839
3.06644
3.06601
3.06462
3.06435
3.06322
3.06305
3.06228
3.06217
3.0615
3.06145
3.061
3.06098
3.06061
3.06061
3.06035
3.06034
3.0595
3.06038
3.0612
3.06047
3.06085
3.06129
3.06045
3.06051
3.06052
3.06045
3.05934
3.05964
3.05979
3.05868
3.05894
3.05942
3.05922
3.05919
3.05797
3.05835
3.05861
3.05772
3.05811
3.05846
3.05839
3.05774
3.07119
3.06839
3.12351
3.13212
3.23007
3.53297
8.21004
5.43475
3.74788
2.99907
2.63249
2.48573
2.43589
2.42538
2.42106
2.42053
2.41877
2.4184
2.417
2.4167
2.41554
2.41535
2.41457
2.41445
2.4138
2.41373
2.41327
2.41324
2.41292
2.41291
2.41264
2.41264
2.41233
2.41234
2.41217
2.41214
2.41104
2.41174
2.41228
2.41224
2.41227
2.4121
2.41115
2.41143
2.41166
2.41061
2.41097
2.41137
2.41023
2.41072
2.41104
2.41024
2.41062
2.4108
2.41018
2.41047
2.41054
2.41053
2.41051
2.41041
2.41006
2.41005
2.40901
2.41039
2.4136
2.45399
8.20422
5.40503
3.6956
2.94705
2.59238
2.46054
2.41994
2.41417
2.41205
2.41202
2.41072
2.41052
2.40925
2.40902
2.40794
2.40778
2.40701
2.40691
2.40627
2.40622
2.40582
2.4058
2.40543
2.40544
2.40524
2.40526
2.40495
2.40496
2.40482
2.40478
2.40365
2.40434
2.40486
2.40481
2.40484
2.40467
2.40372
2.40399
2.40428
2.40331
2.40372
2.40416
2.40308
2.40361
2.40385
2.40306
2.40346
2.40365
2.40327
2.40329
2.40329
2.40327
2.40319
2.40318
2.40312
2.40301
2.40269
2.4003
2.40157
2.42472
8.20248
5.40227
3.69194
2.94382
2.58988
2.45856
2.41817
2.41251
2.41042
2.4104
2.40915
2.40897
2.40771
2.40749
2.40645
2.40629
2.40544
2.40534
2.40476
2.40472
2.40437
2.40436
2.40398
2.40399
2.40381
2.40382
2.40352
2.40353
2.4034
2.40336
2.40224
2.40293
2.40345
2.4034
2.40343
2.40326
2.40231
2.40256
2.4029
2.40199
2.40244
2.40286
2.40177
2.40227
2.40248
2.40171
2.4021
2.4023
2.40193
2.40193
2.4019
2.4019
2.40187
2.40185
2.4017
2.40164
2.4014
2.40018
2.4015
2.42441
8.20457
5.39956
3.68724
2.93945
2.58743
2.45769
2.41815
2.41282
2.41086
2.41089
2.40973
2.40957
2.40831
2.4081
2.40708
2.40693
2.40606
2.40597
2.4054
2.40536
2.40496
2.40495
2.40465
2.40467
2.40448
2.4045
2.4042
2.40421
2.40407
2.40404
2.40291
2.4036
2.40412
2.40407
2.4041
2.40393
2.40298
2.40324
2.40356
2.40263
2.40307
2.40353
2.40245
2.40296
2.40317
2.40237
2.40276
2.40295
2.40259
2.40263
2.40263
2.4026
2.40246
2.40245
2.40242
2.40237
2.40222
2.40031
2.40182
2.42448
8.20457
5.39956
3.68724
2.93945
2.58743
2.45769
2.41815
2.41282
2.41086
2.41089
2.40973
2.40957
2.40831
2.4081
2.40708
2.40693
2.40606
2.40597
2.4054
2.40536
2.40495
2.40495
2.40465
2.40467
2.40448
2.4045
2.4042
2.40421
2.40407
2.40404
2.40291
2.4036
2.40412
2.40407
2.4041
2.40393
2.40298
2.40324
2.40356
2.40263
2.40307
2.40353
2.40245
2.40295
2.40317
2.40241
2.40279
2.40302
2.40273
2.40274
2.40274
2.40273
2.40258
2.40257
2.40253
2.40247
2.40229
2.40034
2.40183
2.42449
8.20248
5.40227
3.69194
2.94382
2.58988
2.45856
2.41817
2.41251
2.41042
2.4104
2.40915
2.40897
2.40771
2.40749
2.40645
2.40629
2.40544
2.40534
2.40476
2.40471
2.40437
2.40436
2.40398
2.40399
2.40381
2.40382
2.40352
2.40353
2.4034
2.40336
2.40224
2.40293
2.40345
2.4034
2.40343
2.40326
2.40231
2.40256
2.4029
2.40199
2.40244
2.40286
2.40177
2.40227
2.40248
2.40171
2.4021
2.40234
2.40205
2.40206
2.40206
2.40205
2.40192
2.4019
2.40174
2.40168
2.40144
2.4002
2.40152
2.42444
8.20422
5.40503
3.6956
2.94705
2.59238
2.46054
2.41994
2.41417
2.41205
2.41202
2.41072
2.41052
2.40925
2.40902
2.40794
2.40778
2.40701
2.40691
2.40627
2.40622
2.40582
2.4058
2.40543
2.40544
2.40524
2.40526
2.40495
2.40496
2.40482
2.40478
2.40365
2.40434
2.40486
2.40481
2.40484
2.40467
2.40372
2.40399
2.40428
2.40332
2.40373
2.40417
2.40309
2.40362
2.40386
2.40306
2.40347
2.40366
2.40328
2.4033
2.4033
2.40328
2.4032
2.40318
2.40312
2.40301
2.4027
2.40034
2.40158
2.42475
8.21004
5.43475
3.74788
2.99907
2.63249
2.48573
2.43589
2.42538
2.42106
2.42053
2.41877
2.4184
2.417
2.4167
2.41554
2.41535
2.41457
2.41445
2.4138
2.41373
2.41327
2.41324
2.41292
2.41291
2.41264
2.41264
2.41233
2.41234
2.41217
2.41214
2.41104
2.41174
2.41228
2.41224
2.41227
2.4121
2.41115
2.4114
2.4117
2.41078
2.41122
2.41167
2.41062
2.41113
2.4113
2.4105
2.41087
2.41111
2.41082
2.41083
2.41081
2.41081
2.41054
2.41052
2.40988
2.40994
2.40904
2.41048
2.41358
2.45391
8.8209
6.09515
4.73662
4.06588
3.67411
3.3938
3.22985
3.13968
3.09402
3.07532
3.06928
3.06839
3.06643
3.06601
3.06462
3.06435
3.06322
3.06305
3.06227
3.06217
3.0615
3.06144
3.061
3.06098
3.06061
3.06061
3.06033
3.06033
3.05949
3.06037
3.0612
3.06047
3.06086
3.0613
3.06047
3.06053
3.06054
3.06047
3.05936
3.05966
3.0598
3.05868
3.05894
3.05942
3.0592
3.05916
3.05797
3.05835
3.05864
3.05778
3.05815
3.05845
3.05835
3.05775
3.07098
3.06794
3.12286
3.13134
3.22854
3.53061
22.8178
21.4699
20.9752
20.9047
20.8999
20.9483
20.9875
21.03
21.0394
21.0526
21.0475
21.0511
21.0463
21.0492
21.0452
21.0475
21.0442
21.0461
21.0433
21.0448
21.0424
21.0436
21.0417
21.0427
21.0411
21.042
21.0407
21.0415
21.0405
21.0412
21.0404
21.0411
21.0405
21.0412
21.0408
21.0415
21.0413
21.042
21.0418
21.0426
21.0426
21.0433
21.0434
21.0441
21.044
21.0447
21.0448
21.0455
21.0455
21.0462
21.0468
21.0472
21.0495
21.0484
21.0504
21.0469
21.05
21.047
21.0533
21.2781
1.08387
2.29677
2.71187
2.80148
2.82381
2.81981
2.82327
2.82077
2.82349
2.82092
2.82246
2.82022
2.82137
2.81957
2.82036
2.81895
2.81949
2.81833
2.81865
2.81777
2.81795
2.81717
2.81721
2.81672
2.81668
2.81596
2.81581
2.81518
2.81485
2.8143
2.81396
2.81349
2.813
2.81257
2.81208
2.81171
2.81122
2.81089
2.81025
2.80991
2.80932
2.80898
2.80834
2.80799
2.8073
2.80691
2.80619
2.80575
2.80494
2.80441
2.80366
2.80282
2.80216
2.80085
2.79946
2.79816
2.79314
2.79314
2.77636
2.81881
0.701938
1.73387
2.11164
2.22046
2.24259
2.24562
2.24454
2.24545
2.24575
2.24619
2.24582
2.24637
2.24637
2.24634
2.24606
2.2471
2.24744
2.24736
2.24715
2.24759
2.24771
2.24701
2.24743
2.248
2.24704
2.24677
2.24681
2.24636
2.24654
2.2473
2.24666
2.24653
2.24734
2.24762
2.2474
2.24676
2.24668
2.2473
2.24676
2.24675
2.24728
2.24679
2.24686
2.24755
2.24712
2.24768
2.24852
2.24748
2.24772
2.24862
2.24852
2.2486
2.24803
2.24824
2.24769
2.24926
2.25124
2.25293
2.25162
2.27862
0.697993
1.71141
2.08058
2.18792
2.2126
2.22113
2.22366
2.22724
2.22873
2.22941
2.2286
2.22918
2.22917
2.22916
2.22891
2.23009
2.23048
2.23039
2.23016
2.23065
2.2308
2.23069
2.23045
2.23087
2.2311
2.23094
2.23068
2.23021
2.23011
2.22962
2.22988
2.2307
2.22983
2.2298
2.23038
2.22983
2.22996
2.2307
2.23012
2.23012
2.23068
2.23022
2.23042
2.23124
2.2306
2.23087
2.23178
2.23099
2.23113
2.23225
2.23237
2.23222
2.23145
2.23169
2.23249
2.23226
2.23255
2.23269
2.2322
2.25242
0.696049
1.7105
2.08157
2.18983
2.21515
2.2239
2.22632
2.23008
2.23208
2.2326
2.23187
2.23202
2.23187
2.23198
2.23135
2.23222
2.23264
2.23192
2.23215
2.233
2.23263
2.23259
2.23203
2.23277
2.23323
2.2331
2.23291
2.23243
2.23225
2.23167
2.23194
2.23282
2.23196
2.23188
2.23237
2.23187
2.23201
2.23277
2.23217
2.23216
2.23273
2.23228
2.23254
2.23337
2.23266
2.23291
2.23381
2.23304
2.23324
2.23423
2.23429
2.23423
2.2335
2.23387
2.23478
2.23386
2.23443
2.23507
2.23448
2.2536
0.696927
1.7101
2.08039
2.18831
2.21346
2.22217
2.22455
2.22844
2.2299
2.23023
2.23054
2.23132
2.23068
2.23069
2.22991
2.23074
2.23115
2.23043
2.23066
2.23153
2.23117
2.23112
2.23055
2.2313
2.23178
2.23167
2.23149
2.23103
2.23084
2.23023
2.2305
2.23139
2.23053
2.23044
2.23092
2.23042
2.23057
2.23132
2.23088
2.23078
2.23175
2.23218
2.23201
2.23157
2.23134
2.23219
2.23249
2.23203
2.23266
2.23327
2.23322
2.23324
2.23216
2.23226
2.233
2.23223
2.23264
2.23337
2.23237
2.25095
0.696367
1.71011
2.08106
2.18923
2.21454
2.22324
2.22559
2.22939
2.23089
2.23132
2.23161
2.23216
2.23155
2.23157
2.23069
2.2315
2.23192
2.23119
2.23142
2.23229
2.23191
2.23187
2.23133
2.23206
2.23252
2.2324
2.23221
2.23174
2.23156
2.23096
2.23123
2.23211
2.23125
2.23116
2.23165
2.23115
2.23129
2.23205
2.23146
2.23145
2.23201
2.23158
2.23187
2.23271
2.23195
2.23222
2.23312
2.23233
2.23251
2.23364
2.23374
2.2336
2.23282
2.23307
2.23396
2.2331
2.23357
2.23429
2.23347
2.25216
0.696367
1.71011
2.08106
2.18923
2.21454
2.22324
2.22559
2.2294
2.23087
2.23129
2.23158
2.23216
2.23154
2.23156
2.23069
2.2315
2.23191
2.23119
2.23142
2.23229
2.23191
2.23187
2.23131
2.23205
2.23251
2.23239
2.2322
2.23173
2.23155
2.23095
2.23123
2.23211
2.23125
2.23117
2.23165
2.23115
2.23129
2.23205
2.2316
2.2315
2.23248
2.2329
2.23273
2.23229
2.23206
2.23292
2.23322
2.23276
2.23339
2.234
2.23393
2.23396
2.23291
2.23306
2.23386
2.23308
2.23357
2.23429
2.23348
2.25217
0.696927
1.7101
2.08039
2.18831
2.21346
2.22216
2.22455
2.22844
2.2299
2.23022
2.23054
2.23133
2.2307
2.23072
2.22991
2.23075
2.23117
2.23045
2.23066
2.23152
2.23113
2.23108
2.23058
2.23133
2.23178
2.23166
2.23146
2.23099
2.23081
2.23022
2.23047
2.23133
2.2305
2.23043
2.23093
2.23043
2.23057
2.23132
2.23073
2.23072
2.23129
2.23084
2.2311
2.23193
2.23121
2.23146
2.23235
2.23159
2.23175
2.23288
2.23298
2.23284
2.23206
2.23228
2.23313
2.23225
2.23265
2.23337
2.23236
2.25095
0.696049
1.7105
2.08157
2.18983
2.21515
2.22391
2.22632
2.2302
2.23158
2.23184
2.23214
2.2329
2.2323
2.23232
2.23144
2.23223
2.23264
2.23191
2.23215
2.23301
2.23264
2.2326
2.23204
2.23278
2.23323
2.2331
2.2329
2.23243
2.23225
2.23167
2.23194
2.23281
2.23196
2.23188
2.23237
2.23187
2.23201
2.23277
2.23217
2.23216
2.23273
2.23227
2.23249
2.23332
2.23265
2.23289
2.23377
2.23302
2.23321
2.23422
2.23429
2.23422
2.2335
2.23387
2.23477
2.23386
2.23441
2.23508
2.23446
2.25361
0.697993
1.71141
2.08058
2.18792
2.2126
2.22113
2.22366
2.22724
2.22873
2.2294
2.2286
2.22918
2.22917
2.22916
2.22891
2.23007
2.23045
2.23036
2.23013
2.23062
2.23078
2.23069
2.23046
2.23083
2.23099
2.23082
2.23053
2.2301
2.23008
2.22962
2.22986
2.23066
2.22982
2.22979
2.23038
2.22983
2.22995
2.2307
2.23011
2.23011
2.23068
2.23022
2.23046
2.23129
2.2306
2.23082
2.23169
2.23096
2.23114
2.23227
2.23238
2.23223
2.23145
2.23171
2.23251
2.23223
2.23241
2.23254
2.23202
2.25236
0.701938
1.73387
2.11164
2.22046
2.24258
2.24563
2.24455
2.24547
2.24575
2.24619
2.24582
2.24637
2.24637
2.24634
2.24606
2.2471
2.24743
2.24696
2.24681
2.24743
2.24747
2.24705
2.24748
2.24801
2.24704
2.24676
2.24682
2.24636
2.24653
2.24727
2.24664
2.24652
2.24734
2.24761
2.24739
2.24674
2.24668
2.24731
2.24676
2.24675
2.24728
2.24679
2.24686
2.24756
2.24712
2.24768
2.24852
2.24748
2.24771
2.24861
2.24856
2.24864
2.24771
2.24855
2.24973
2.25027
2.24907
2.25075
2.25047
2.27809
1.08387
2.29677
2.71186
2.80147
2.82381
2.81981
2.82327
2.82077
2.8235
2.82092
2.82246
2.82023
2.82137
2.81957
2.82036
2.81895
2.81949
2.81832
2.81864
2.81777
2.81794
2.81717
2.81721
2.81672
2.81668
2.81596
2.81582
2.81518
2.81485
2.8143
2.81397
2.8135
2.813
2.81257
2.81208
2.81172
2.81123
2.81089
2.81026
2.80992
2.80932
2.80898
2.80835
2.808
2.8073
2.80692
2.8062
2.80575
2.80495
2.80442
2.80367
2.80284
2.80217
2.80088
2.7995
2.79824
2.79292
2.79318
2.77617
2.81899
0.00985173
0.0609643
0.0877711
0.0981039
0.0997796
0.100355
0.100052
0.100183
0.0999893
0.100103
0.0999238
0.100006
0.0998387
0.0998902
0.0997234
0.0997451
0.0995934
0.0995972
0.0994724
0.0994838
0.0993922
0.0994018
0.0992769
0.0992802
0.0991595
0.0991649
0.0990507
0.0990578
0.0989487
0.0989572
0.0988535
0.0988648
0.0987722
0.0987882
0.0987065
0.0987292
0.0986687
0.0986999
0.0986614
0.0986999
0.0986777
0.0987222
0.098717
0.0987665
0.0987667
0.0988448
0.0988965
0.0989776
0.0990401
0.0991341
0.0992151
0.0992841
0.0993172
0.0993432
0.0992938
0.0993625
0.0992797
0.0993751
0.0987714
0.100456
0.000670716
0.00540637
0.00910189
0.0106628
0.010825
0.0108903
0.0108353
0.0109117
0.0108834
0.0109381
0.0109036
0.0109383
0.0109081
0.010932
0.0109107
0.0109416
0.010929
0.0109591
0.0109703
0.0109868
0.010957
0.0109668
0.0109911
0.0109996
0.0109654
0.0109732
0.0109883
0.0109859
0.0109822
0.0109928
0.0109864
0.010994
0.0110292
0.0110517
0.0110512
0.0110513
0.0110462
0.0110696
0.011076
0.0110856
0.0111167
0.0111147
0.0111201
0.0111599
0.011198
0.0112263
0.0112457
0.0112377
0.0112457
0.0112883
0.0113245
0.0113504
0.011364
0.0113847
0.011364
0.0114211
0.0113798
0.0115357
0.0113814
0.0120754
0.000627712
0.00501486
0.00824476
0.00998297
0.0104717
0.0109567
0.010896
0.0110004
0.0109269
0.0109959
0.0109299
0.0109825
0.0109325
0.0109707
0.0109327
0.0109754
0.0109534
0.0109822
0.0109618
0.0109885
0.0109773
0.0110107
0.0110284
0.0110526
0.0110278
0.0110334
0.011023
0.0110447
0.0110722
0.0110701
0.0110723
0.0111024
0.0111011
0.0111196
0.0111598
0.0111584
0.0111672
0.0112136
0.0112194
0.0112302
0.0112796
0.0113252
0.011341
0.0113807
0.0114006
0.0114195
0.0114616
0.01149
0.0115103
0.0115573
0.0115853
0.0116302
0.0116403
0.0116635
0.011702
0.0117615
0.0117753
0.0117878
0.0117538
0.0120228
0.000646359
0.00513004
0.0084268
0.0102588
0.0108589
0.0113881
0.011343
0.0114466
0.0113817
0.0114467
0.0113844
0.0114319
0.0113829
0.0114172
0.0113768
0.0114139
0.0113929
0.0114172
0.0113991
0.0114263
0.0114142
0.0114464
0.0114649
0.0114871
0.0114627
0.0114673
0.0114562
0.0114766
0.0115031
0.0114992
0.0115012
0.0115308
0.0115283
0.0115459
0.0115855
0.0115832
0.0115918
0.0116355
0.011638
0.0116497
0.0117018
0.0117476
0.0117621
0.0117987
0.0118197
0.0118402
0.0118842
0.0119097
0.0119294
0.0119757
0.0120052
0.0120473
0.0120636
0.0120877
0.0121446
0.0121673
0.012223
0.012266
0.0123195
0.0126159
0.000633577
0.00504468
0.00829682
0.0100921
0.0106205
0.011115
0.0110569
0.0111612
0.011091
0.0111565
0.0110949
0.0111476
0.0110967
0.0111332
0.0110913
0.0111296
0.0111076
0.0111331
0.0111146
0.0111428
0.0111305
0.0111637
0.0111806
0.0112047
0.0111808
0.0111864
0.0111759
0.0111969
0.011223
0.0112202
0.0112225
0.0112527
0.0112507
0.0112687
0.0113086
0.011307
0.0113158
0.0113611
0.0113654
0.0113767
0.0114252
0.0114809
0.0115118
0.0115281
0.0115413
0.0115807
0.0116133
0.0116458
0.0116703
0.0117135
0.0117356
0.0117791
0.0117884
0.011808
0.0118564
0.0118973
0.0119168
0.0119582
0.0119512
0.0122054
0.000639687
0.00508367
0.00836056
0.0101779
0.0107435
0.0112536
0.011202
0.0113056
0.0112377
0.0113025
0.0112421
0.0112926
0.0112423
0.0112775
0.0112358
0.0112734
0.011252
0.0112769
0.0112586
0.0112863
0.0112742
0.011307
0.0113242
0.0113472
0.0113231
0.0113283
0.0113175
0.0113381
0.0113642
0.0113607
0.0113628
0.0113926
0.0113903
0.011408
0.0114478
0.0114458
0.0114545
0.011499
0.0115021
0.0115135
0.0115648
0.0116105
0.0116262
0.0116659
0.0116848
0.0117008
0.0117395
0.0117718
0.0117933
0.011841
0.0118694
0.0119123
0.0119268
0.0119492
0.0120037
0.0120324
0.0120748
0.0121223
0.0121475
0.012413
0.000639688
0.00508367
0.00836056
0.0101779
0.0107435
0.0112536
0.011202
0.0113056
0.0112376
0.0113024
0.0112419
0.0112925
0.0112423
0.0112774
0.0112358
0.0112733
0.011252
0.0112769
0.0112585
0.0112861
0.0112739
0.0113067
0.0113238
0.0113472
0.0113233
0.0113287
0.0113178
0.0113383
0.0113642
0.0113607
0.0113628
0.0113925
0.0113903
0.0114081
0.0114478
0.0114458
0.0114545
0.011499
0.0115023
0.011514
0.0115633
0.011619
0.0116499
0.0116657
0.0116784
0.0117174
0.0117504
0.0117827
0.0118073
0.0118501
0.0118728
0.0119149
0.0119276
0.0119482
0.0120019
0.0120321
0.0120743
0.0121222
0.0121471
0.0124125
0.000633576
0.00504468
0.00829681
0.0100921
0.0106205
0.011115
0.0110568
0.0111612
0.0110911
0.0111565
0.0110949
0.0111476
0.0110967
0.0111333
0.0110914
0.0111298
0.011108
0.0111336
0.0111149
0.0111431
0.011131
0.0111644
0.011181
0.0112047
0.0111807
0.0111863
0.0111757
0.0111967
0.011223
0.0112202
0.0112223
0.0112523
0.0112507
0.0112689
0.0113088
0.0113071
0.0113159
0.0113611
0.0113653
0.0113763
0.0114267
0.0114726
0.0114882
0.0115275
0.0115472
0.0115653
0.0116066
0.0116359
0.0116563
0.0117036
0.0117318
0.0117763
0.0117878
0.0118095
0.0118578
0.0118974
0.0119169
0.0119586
0.0119519
0.0122059
0.00064636
0.00513004
0.0084268
0.0102588
0.0108589
0.0113882
0.0113431
0.011447
0.0113802
0.011443
0.0113835
0.0114339
0.0113844
0.0114189
0.0113775
0.0114141
0.011393
0.0114172
0.0113991
0.0114264
0.0114144
0.0114466
0.011465
0.0114872
0.0114627
0.0114673
0.0114562
0.0114766
0.0115031
0.0114992
0.0115012
0.0115307
0.0115283
0.0115459
0.0115855
0.0115832
0.0115918
0.0116355
0.0116381
0.0116498
0.0117019
0.0117476
0.0117618
0.0117982
0.0118197
0.0118402
0.0118841
0.0119096
0.0119292
0.0119755
0.0120051
0.0120472
0.0120634
0.0120874
0.0121441
0.0121671
0.0122227
0.0122656
0.0123186
0.0126148
0.000627712
0.00501486
0.00824476
0.00998297
0.0104717
0.0109567
0.010896
0.0110004
0.0109269
0.0109958
0.0109299
0.0109825
0.0109325
0.0109707
0.0109325
0.010975
0.0109528
0.0109816
0.0109614
0.0109885
0.0109775
0.0110109
0.0110289
0.0110524
0.0110271
0.0110328
0.0110224
0.0110444
0.0110724
0.0110702
0.0110723
0.0111023
0.0111011
0.0111196
0.0111599
0.0111584
0.0111672
0.0112135
0.0112192
0.0112299
0.011279
0.0113247
0.0113404
0.0113801
0.0114001
0.0114181
0.011459
0.0114888
0.0115096
0.0115571
0.0115852
0.01163
0.0116401
0.0116633
0.0117021
0.011761
0.0117745
0.011787
0.0117532
0.0120218
0.000670715
0.00540636
0.00910189
0.0106628
0.010825
0.0108903
0.0108354
0.0109119
0.0108835
0.0109382
0.0109036
0.0109383
0.0109081
0.010932
0.0109108
0.0109418
0.0109292
0.010958
0.0109696
0.0109866
0.0109564
0.0109674
0.0109921
0.0109997
0.0109654
0.0109732
0.0109884
0.0109859
0.0109821
0.0109928
0.0109864
0.0109941
0.0110293
0.0110518
0.0110518
0.0110518
0.0110462
0.0110695
0.011076
0.0110856
0.0111167
0.0111147
0.01112
0.0111597
0.011198
0.0112264
0.0112457
0.0112377
0.0112457
0.0112877
0.0113274
0.0113394
0.0113284
0.0113522
0.0113915
0.0114636
0.0113814
0.0115227
0.0113722
0.0120608
0.00985174
0.0609643
0.0877711
0.0981038
0.0997796
0.100355
0.100052
0.100183
0.0999893
0.100103
0.0999238
0.100006
0.0998386
0.0998902
0.0997233
0.0997451
0.0995934
0.0995972
0.0994724
0.0994838
0.0993921
0.0994018
0.0992768
0.0992802
0.0991596
0.0991649
0.0990507
0.0990579
0.0989487
0.0989572
0.0988536
0.0988649
0.0987722
0.0987882
0.0987065
0.0987292
0.0986687
0.0986999
0.0986614
0.0987
0.0986778
0.0987222
0.0987171
0.0987666
0.0987669
0.098845
0.0988971
0.0989783
0.0990409
0.0991352
0.0992186
0.0992872
0.0993169
0.0993442
0.0992976
0.0993691
0.0992827
0.0993876
0.0987765
0.100471
0.00985174
0.0609643
0.0877711
0.0981039
0.0997796
0.100355
0.100052
0.100183
0.0999893
0.100103
0.0999238
0.100006
0.0998387
0.0998902
0.0997233
0.0997451
0.0995934
0.0995972
0.0994724
0.0994837
0.0993921
0.0994017
0.0992768
0.0992802
0.0991595
0.0991648
0.0990506
0.0990578
0.0989486
0.0989571
0.0988535
0.0988648
0.0987721
0.0987881
0.0987065
0.0987292
0.0986687
0.0986998
0.0986614
0.0986999
0.0986777
0.0987222
0.098717
0.0987665
0.0987667
0.0988448
0.0988965
0.0989775
0.0990401
0.0991341
0.099215
0.099284
0.0993172
0.0993432
0.0992938
0.0993624
0.0992796
0.099375
0.0987713
0.100456
0.000670721
0.0054064
0.00910192
0.0106628
0.010825
0.0108903
0.0108354
0.0109117
0.0108834
0.0109381
0.0109036
0.0109383
0.0109081
0.010932
0.0109107
0.0109416
0.010929
0.0109591
0.0109703
0.0109868
0.010957
0.0109668
0.0109911
0.0109997
0.0109654
0.0109732
0.0109884
0.010986
0.0109822
0.0109928
0.0109864
0.0109941
0.0110293
0.0110516
0.0110503
0.0110505
0.0110462
0.0110695
0.0110761
0.0110857
0.0111168
0.0111147
0.0111201
0.0111597
0.0111981
0.0112265
0.0112459
0.0112379
0.0112458
0.0112884
0.0113245
0.0113505
0.011364
0.0113847
0.011364
0.0114212
0.0113799
0.0115359
0.0113816
0.0120755
0.000627717
0.00501489
0.00824478
0.009983
0.0104717
0.0109568
0.0108961
0.0110005
0.0109269
0.0109959
0.0109299
0.0109825
0.0109325
0.0109708
0.0109327
0.0109755
0.0109535
0.0109823
0.0109619
0.0109887
0.0109775
0.0110109
0.0110285
0.0110527
0.0110278
0.0110335
0.011023
0.0110447
0.0110722
0.0110701
0.0110724
0.0111024
0.0111011
0.0111196
0.0111599
0.0111585
0.0111673
0.0112136
0.0112195
0.0112303
0.0112797
0.0113253
0.0113411
0.011381
0.0114007
0.0114193
0.0114611
0.0114899
0.0115104
0.0115578
0.0115858
0.0116306
0.0116407
0.011664
0.0117024
0.0117616
0.011775
0.0117873
0.0117534
0.0120226
0.000646365
0.00513007
0.00842683
0.0102588
0.010859
0.0113883
0.0113432
0.011447
0.0113803
0.0114431
0.0113835
0.0114339
0.0113845
0.0114189
0.0113774
0.0114139
0.0113926
0.0114176
0.0114014
0.0114299
0.0114174
0.0114488
0.0114657
0.0114875
0.011463
0.0114677
0.0114567
0.011477
0.0115032
0.0114993
0.0115013
0.0115308
0.0115284
0.011546
0.0115856
0.0115833
0.0115919
0.0116356
0.0116381
0.0116498
0.0117019
0.0117477
0.0117619
0.0117983
0.0118198
0.0118401
0.0118838
0.0119096
0.0119293
0.0119758
0.0120056
0.0120475
0.0120638
0.0120878
0.0121447
0.0121674
0.0122231
0.0122661
0.0123196
0.012616
0.000633583
0.00504471
0.00829684
0.0100921
0.0106206
0.0111151
0.011057
0.0111613
0.0110912
0.0111566
0.011095
0.0111477
0.0110968
0.0111333
0.0110914
0.0111296
0.0111076
0.0111332
0.0111146
0.0111429
0.0111306
0.0111638
0.0111807
0.0112048
0.0111808
0.0111865
0.011176
0.0111969
0.0112231
0.0112203
0.0112226
0.0112527
0.0112507
0.0112688
0.0113087
0.0113071
0.0113159
0.0113614
0.0113659
0.0113769
0.0114275
0.0114731
0.0114886
0.011528
0.0115478
0.0115658
0.0116071
0.0116365
0.011657
0.011704
0.0117319
0.0117765
0.0117878
0.0118097
0.0118579
0.0118977
0.0119171
0.0119584
0.0119512
0.0122054
0.000639692
0.00508371
0.00836057
0.010178
0.0107435
0.0112536
0.0112021
0.0113056
0.0112377
0.0113024
0.011242
0.0112926
0.0112423
0.0112775
0.0112359
0.0112736
0.0112523
0.0112773
0.0112591
0.0112867
0.0112744
0.0113071
0.0113242
0.0113473
0.0113232
0.0113284
0.0113176
0.0113382
0.0113642
0.0113608
0.0113629
0.0113926
0.0113903
0.0114081
0.0114478
0.0114459
0.0114546
0.0114991
0.0115025
0.0115138
0.011565
0.0116107
0.0116259
0.0116652
0.0116849
0.011701
0.0117397
0.0117717
0.0117932
0.0118407
0.011869
0.011912
0.0119267
0.0119494
0.012004
0.0120325
0.0120749
0.0121224
0.0121477
0.0124132
0.000639693
0.00508371
0.00836057
0.010178
0.0107435
0.0112536
0.0112021
0.0113055
0.0112389
0.0113049
0.0112418
0.0112907
0.0112412
0.0112763
0.0112355
0.0112735
0.0112524
0.0112773
0.0112591
0.0112867
0.0112744
0.0113071
0.0113242
0.0113473
0.0113232
0.0113284
0.0113176
0.0113382
0.0113642
0.0113607
0.0113628
0.0113926
0.0113904
0.0114081
0.0114478
0.0114461
0.0114518
0.0114974
0.0115354
0.011571
0.0115978
0.01163
0.0116484
0.0116654
0.0116938
0.0117159
0.0117337
0.0117792
0.0118032
0.0118411
0.0118667
0.0119061
0.011925
0.0119543
0.012007
0.0120339
0.0120759
0.0121236
0.0121486
0.012414
0.000633582
0.00504471
0.00829683
0.0100922
0.0106206
0.011115
0.0110569
0.011161
0.0110928
0.0111604
0.011096
0.0111461
0.0110959
0.0111322
0.0110911
0.0111299
0.0111084
0.0111341
0.0111156
0.0111437
0.0111312
0.0111644
0.0111809
0.0112048
0.0111807
0.0111863
0.0111758
0.0111967
0.0112231
0.0112203
0.0112226
0.0112526
0.0112507
0.0112687
0.0113086
0.0113073
0.0113132
0.0113589
0.0113968
0.0114328
0.0114598
0.0114933
0.0115115
0.0115299
0.0115583
0.0115794
0.0115967
0.0116418
0.0116666
0.0117052
0.0117299
0.0117703
0.0117866
0.0118163
0.0118608
0.0118985
0.0119178
0.0119594
0.0119529
0.012207
0.000646365
0.00513007
0.00842682
0.0102588
0.0108589
0.0113883
0.0113432
0.0114471
0.0113803
0.0114431
0.0113836
0.011434
0.0113845
0.0114189
0.0113775
0.0114139
0.0113926
0.0114168
0.0113988
0.0114262
0.0114141
0.0114463
0.0114649
0.0114873
0.011463
0.0114677
0.0114567
0.011477
0.0115032
0.0114993
0.0115012
0.0115307
0.0115283
0.0115459
0.0115855
0.0115835
0.011589
0.0116344
0.0116727
0.0117086
0.0117357
0.011769
0.0117874
0.0118037
0.0118319
0.0118534
0.0118703
0.0119155
0.0119383
0.0119751
0.0120035
0.0120424
0.0120644
0.0120937
0.0121492
0.0121709
0.0122251
0.0122686
0.0123221
0.0126186
0.000627717
0.00501489
0.00824478
0.00998301
0.0104717
0.0109568
0.0108961
0.0110005
0.0109269
0.0109959
0.0109299
0.0109825
0.0109325
0.0109708
0.0109328
0.0109755
0.0109536
0.0109822
0.0109619
0.0109889
0.0109777
0.011011
0.0110296
0.0110523
0.0110267
0.0110323
0.0110213
0.0110435
0.0110725
0.0110703
0.0110723
0.0111022
0.0111011
0.0111196
0.0111599
0.0111587
0.0111648
0.0112106
0.0112484
0.0112847
0.0113114
0.0113436
0.0113622
0.0113811
0.0114094
0.0114318
0.01145
0.011495
0.0115234
0.0115655
0.0115769
0.0115999
0.011646
0.0116837
0.0117054
0.0117565
0.0117742
0.0117929
0.0117529
0.0120184
0.00067072
0.00540639
0.00910191
0.0106629
0.010825
0.0108904
0.0108356
0.0109121
0.0108837
0.0109383
0.0109037
0.0109383
0.0109081
0.0109321
0.0109108
0.0109418
0.0109292
0.0109581
0.0109697
0.0109867
0.0109565
0.0109675
0.0109922
0.0109998
0.0109654
0.0109732
0.0109884
0.010986
0.0109822
0.0109927
0.0109863
0.0109941
0.0110292
0.0110517
0.0110514
0.0110515
0.0110461
0.0110695
0.0110763
0.011086
0.0111169
0.011115
0.0111233
0.0111625
0.0111669
0.0111756
0.0112228
0.011239
0.0112417
0.0112725
0.0113212
0.011337
0.0113269
0.0113507
0.0113909
0.0114636
0.0113815
0.0115229
0.0113723
0.0120608
0.00985175
0.0609643
0.0877711
0.0981038
0.0997796
0.100355
0.100052
0.100183
0.0999893
0.100103
0.0999238
0.100006
0.0998386
0.0998901
0.0997233
0.0997451
0.0995934
0.0995972
0.0994724
0.0994837
0.0993921
0.0994018
0.0992768
0.0992802
0.0991595
0.0991649
0.0990506
0.0990578
0.0989487
0.0989571
0.0988534
0.0988647
0.0987721
0.0987881
0.0987064
0.0987291
0.0986686
0.0986997
0.0986613
0.0986999
0.0986777
0.0987221
0.098717
0.0987665
0.0987667
0.0988445
0.0988957
0.0989776
0.0990426
0.0991368
0.099217
0.099286
0.0993187
0.0993453
0.0992977
0.099369
0.0992826
0.0993875
0.0987764
0.100471
1.08387
2.29677
2.71186
2.80147
2.82381
2.81981
2.82327
2.82077
2.8235
2.82092
2.82246
2.82023
2.82137
2.81957
2.82036
2.81895
2.81949
2.81833
2.81865
2.81777
2.81795
2.81717
2.81721
2.81672
2.81668
2.81596
2.81582
2.81518
2.81485
2.8143
2.81396
2.8135
2.813
2.81257
2.81208
2.81171
2.81123
2.81089
2.81025
2.80991
2.80932
2.80898
2.80835
2.808
2.8073
2.80692
2.8062
2.80575
2.80495
2.80442
2.80366
2.80282
2.80216
2.80085
2.79946
2.79816
2.79314
2.79315
2.77636
2.81881
0.701939
1.73388
2.11164
2.22046
2.24259
2.24563
2.24454
2.24546
2.24575
2.24619
2.24582
2.24637
2.24637
2.24634
2.24606
2.2471
2.24744
2.24736
2.24715
2.24759
2.24771
2.24701
2.24743
2.248
2.24704
2.24677
2.24681
2.24636
2.24654
2.24729
2.24666
2.24653
2.24734
2.24762
2.2474
2.24676
2.24668
2.2473
2.24676
2.24675
2.24728
2.24679
2.24686
2.24756
2.24712
2.24768
2.24852
2.24748
2.24772
2.24862
2.24852
2.2486
2.24803
2.24824
2.24769
2.24926
2.25124
2.25294
2.25162
2.27862
0.697993
1.71141
2.08058
2.18792
2.2126
2.22113
2.22367
2.22724
2.22873
2.2294
2.2286
2.22918
2.22917
2.22916
2.22891
2.23009
2.23047
2.23039
2.23016
2.23065
2.2308
2.23069
2.23045
2.23087
2.2311
2.23094
2.23068
2.23021
2.23011
2.22962
2.22987
2.23069
2.22984
2.2298
2.23038
2.22983
2.22995
2.2307
2.23012
2.23012
2.23068
2.23022
2.23043
2.23126
2.2306
2.23085
2.23174
2.23097
2.23113
2.23226
2.23237
2.23223
2.23146
2.2317
2.23249
2.23222
2.23249
2.23262
2.23215
2.25239
0.696049
1.7105
2.08157
2.18982
2.21515
2.22391
2.22631
2.2302
2.23158
2.23184
2.23214
2.23289
2.23229
2.23231
2.23143
2.23223
2.23262
2.23189
2.23213
2.233
2.23264
2.23259
2.23202
2.23276
2.23324
2.23312
2.23294
2.23247
2.23228
2.23167
2.23194
2.23282
2.23197
2.23188
2.23237
2.23187
2.23201
2.23277
2.23217
2.23216
2.23273
2.23227
2.23249
2.23333
2.23265
2.23288
2.23376
2.23302
2.23319
2.23433
2.23444
2.2343
2.23355
2.23386
2.23475
2.23386
2.23443
2.23507
2.23448
2.2536
0.696927
1.7101
2.08039
2.1883
2.21346
2.22217
2.22455
2.22844
2.2299
2.23022
2.23054
2.23133
2.23069
2.2307
2.22991
2.23074
2.23115
2.23043
2.23066
2.23153
2.23117
2.23112
2.23055
2.2313
2.23178
2.23167
2.23149
2.23103
2.23084
2.23023
2.2305
2.23138
2.23053
2.23044
2.23092
2.23042
2.23057
2.23132
2.23074
2.23073
2.23128
2.23082
2.23104
2.23187
2.2312
2.23144
2.23233
2.23157
2.23175
2.23277
2.23285
2.23276
2.23202
2.23229
2.23315
2.23225
2.23265
2.23337
2.23237
2.25096
0.696367
1.71011
2.08105
2.18923
2.21454
2.22324
2.22559
2.2294
2.23087
2.23129
2.23158
2.23215
2.23154
2.23156
2.23069
2.23151
2.23193
2.2312
2.23146
2.23234
2.23196
2.23192
2.23132
2.23205
2.23251
2.2324
2.23222
2.23175
2.23157
2.23096
2.23123
2.23211
2.23126
2.23117
2.23165
2.23115
2.23129
2.23204
2.23136
2.23137
2.23205
2.23157
2.2318
2.23263
2.23194
2.23215
2.233
2.2323
2.23251
2.23349
2.23355
2.23349
2.23276
2.23307
2.23399
2.2331
2.23357
2.23429
2.23347
2.25216
0.696367
1.71011
2.08105
2.18923
2.21454
2.22324
2.2256
2.22932
2.23128
2.2318
2.23107
2.23145
2.23144
2.23139
2.23065
2.2315
2.23193
2.23121
2.23146
2.23234
2.23197
2.23192
2.23132
2.23205
2.23251
2.2324
2.23222
2.23175
2.23157
2.23096
2.23123
2.23211
2.23127
2.23117
2.23164
2.23133
2.23127
2.23168
2.23133
2.23188
2.23286
2.23242
2.23274
2.23284
2.23267
2.23201
2.23224
2.23319
2.23266
2.23325
2.23367
2.23358
2.23336
2.23321
2.23364
2.23308
2.23362
2.23435
2.23354
2.25223
0.696927
1.7101
2.08039
2.18831
2.21346
2.22216
2.22456
2.22833
2.23041
2.23097
2.23025
2.23067
2.23065
2.2306
2.22989
2.23075
2.23119
2.23047
2.23072
2.23159
2.23121
2.23117
2.23058
2.23132
2.23178
2.23166
2.23147
2.231
2.23082
2.23022
2.2305
2.23138
2.23054
2.23044
2.23091
2.23061
2.23055
2.23095
2.2306
2.23113
2.23222
2.2322
2.23231
2.23235
2.23228
2.23129
2.23146
2.23239
2.23194
2.23254
2.23295
2.23285
2.23259
2.23243
2.23283
2.23222
2.23267
2.23341
2.2324
2.251
0.696049
1.7105
2.08157
2.18983
2.21515
2.22391
2.22632
2.2302
2.23159
2.23186
2.23214
2.23289
2.23229
2.23231
2.23144
2.23223
2.23261
2.23189
2.23212
2.233
2.23264
2.23259
2.23202
2.23277
2.23323
2.23312
2.23293
2.23247
2.23228
2.23167
2.23193
2.23281
2.23198
2.23189
2.23235
2.23204
2.23199
2.23239
2.23204
2.23258
2.23365
2.23347
2.23361
2.23368
2.23359
2.23272
2.23291
2.23384
2.23328
2.23386
2.23441
2.23441
2.23439
2.23406
2.2343
2.23386
2.2345
2.23521
2.2346
2.25375
0.697994
1.71141
2.08058
2.18792
2.2126
2.22113
2.22367
2.22724
2.22873
2.22941
2.2286
2.22918
2.22917
2.22916
2.22891
2.23008
2.23046
2.23038
2.23018
2.23068
2.23083
2.23074
2.23055
2.23085
2.23094
2.23072
2.23022
2.2299
2.2301
2.22965
2.22984
2.23061
2.22981
2.22979
2.23037
2.23003
2.22996
2.23034
2.23
2.23055
2.23153
2.23109
2.23141
2.23151
2.23134
2.23068
2.23084
2.23202
2.23212
2.23203
2.23132
2.23162
2.23244
2.23157
2.23206
2.23274
2.23242
2.23246
2.23151
2.25176
0.701939
1.73388
2.11164
2.22046
2.24258
2.24563
2.24456
2.24548
2.24576
2.24619
2.24582
2.24638
2.24637
2.24634
2.24606
2.2471
2.24744
2.24695
2.24681
2.24744
2.24746
2.24706
2.24749
2.24801
2.24703
2.24676
2.24682
2.24636
2.24653
2.24727
2.24663
2.24652
2.24734
2.24761
2.24739
2.24674
2.24668
2.2473
2.24665
2.24667
2.24732
2.24681
2.24706
2.24787
2.24712
2.24732
2.24815
2.24742
2.2476
2.24842
2.24833
2.24841
2.24765
2.24853
2.24972
2.25028
2.24907
2.25076
2.25046
2.27807
1.08387
2.29677
2.71186
2.80147
2.82381
2.81981
2.82327
2.82078
2.8235
2.82092
2.82246
2.82023
2.82137
2.81957
2.82036
2.81895
2.81949
2.81832
2.81864
2.81777
2.81794
2.81717
2.81722
2.81672
2.81668
2.81596
2.81582
2.81518
2.81485
2.8143
2.81396
2.81349
2.813
2.81257
2.81208
2.81171
2.81122
2.81088
2.81025
2.80991
2.80932
2.80898
2.80835
2.808
2.80729
2.80691
2.8062
2.80575
2.80495
2.80442
2.80367
2.80284
2.80217
2.80088
2.7995
2.79824
2.79292
2.79318
2.77618
2.81899
22.8178
21.4698
20.9752
20.9047
20.9
20.9483
20.9875
21.03
21.0394
21.0526
21.0475
21.0511
21.0463
21.0492
21.0452
21.0475
21.0442
21.0461
21.0433
21.0448
21.0424
21.0436
21.0417
21.0427
21.0411
21.042
21.0407
21.0415
21.0405
21.0412
21.0404
21.0411
21.0405
21.0412
21.0408
21.0415
21.0413
21.042
21.0418
21.0426
21.0426
21.0433
21.0434
21.0441
21.044
21.0447
21.0448
21.0455
21.0455
21.0462
21.0469
21.0472
21.0495
21.0484
21.0505
21.0465
21.0505
21.0453
21.0553
21.2759
8.8209
6.09515
4.73662
4.06587
3.67411
3.3938
3.22985
3.13968
3.09403
3.07532
3.06928
3.06839
3.06644
3.06601
3.06462
3.06435
3.06322
3.06305
3.06228
3.06217
3.0615
3.06145
3.061
3.06098
3.0606
3.0606
3.06035
3.06035
3.0595
3.06038
3.06121
3.06048
3.06086
3.0613
3.06047
3.06052
3.06054
3.06046
3.05935
3.05965
3.05979
3.05868
3.05894
3.05942
3.0592
3.05916
3.05797
3.05834
3.05863
3.05777
3.05814
3.05844
3.05836
3.05772
3.07118
3.06838
3.1235
3.13212
3.23007
3.53296
8.21004
5.43475
3.74788
2.99907
2.63249
2.48573
2.43589
2.42538
2.42106
2.42054
2.41877
2.4184
2.417
2.4167
2.41554
2.41535
2.41457
2.41445
2.4138
2.41373
2.41327
2.41324
2.41292
2.41291
2.41264
2.41264
2.41233
2.41234
2.41217
2.41214
2.41104
2.41174
2.41228
2.41224
2.41227
2.4121
2.41115
2.41143
2.41166
2.41061
2.41096
2.41137
2.41022
2.41073
2.411
2.41004
2.41042
2.4107
2.41036
2.41036
2.41025
2.41024
2.40997
2.40994
2.40917
2.40928
2.40878
2.41033
2.41362
2.45401
8.20422
5.40503
3.6956
2.94705
2.59238
2.46053
2.41994
2.41418
2.41205
2.41202
2.41073
2.41052
2.40925
2.40902
2.40794
2.40778
2.40701
2.40691
2.40627
2.40622
2.40582
2.4058
2.40543
2.40544
2.40524
2.40526
2.40495
2.40496
2.40482
2.40478
2.40365
2.40434
2.40486
2.40481
2.40484
2.40467
2.40372
2.40399
2.40428
2.40331
2.40371
2.40416
2.40307
2.4036
2.40384
2.40304
2.40345
2.40365
2.40326
2.40327
2.40327
2.40326
2.40317
2.40316
2.4031
2.40299
2.40268
2.4003
2.40157
2.42472
8.20248
5.40227
3.69194
2.94382
2.58987
2.45856
2.41817
2.41251
2.41042
2.41041
2.40915
2.40897
2.40771
2.40749
2.40645
2.40629
2.40544
2.40534
2.40476
2.40472
2.40437
2.40436
2.40398
2.40399
2.40381
2.40382
2.40352
2.40353
2.4034
2.40336
2.40224
2.40293
2.40345
2.4034
2.40343
2.40326
2.40231
2.4026
2.40284
2.40178
2.40213
2.40259
2.40143
2.4019
2.40222
2.40142
2.40181
2.402
2.40135
2.40167
2.40175
2.40157
2.40161
2.40161
2.40161
2.40156
2.40139
2.40015
2.40149
2.42441
8.20457
5.39956
3.68724
2.93945
2.58743
2.45769
2.41815
2.41282
2.41087
2.41089
2.40973
2.40957
2.40831
2.4081
2.40708
2.40693
2.40606
2.40597
2.4054
2.40536
2.40496
2.40495
2.40465
2.40467
2.40448
2.4045
2.4042
2.40421
2.40407
2.40404
2.40291
2.4036
2.40412
2.40407
2.4041
2.40393
2.40298
2.40324
2.40355
2.40263
2.40307
2.40352
2.40244
2.40295
2.40316
2.40236
2.40275
2.40294
2.40257
2.40264
2.40264
2.40259
2.40246
2.40245
2.40242
2.40236
2.40222
2.40031
2.40182
2.42448
8.20457
5.39956
3.68724
2.93945
2.58743
2.45769
2.41815
2.41282
2.41087
2.4109
2.40973
2.40957
2.40831
2.4081
2.40708
2.40693
2.40606
2.40597
2.4054
2.40536
2.40496
2.40495
2.40465
2.40467
2.40448
2.4045
2.4042
2.40421
2.40407
2.40404
2.40291
2.4036
2.40412
2.40407
2.4041
2.40393
2.40298
2.40323
2.40357
2.40266
2.4031
2.40354
2.40246
2.40295
2.40318
2.40242
2.40279
2.40301
2.4027
2.40274
2.40273
2.40271
2.40258
2.40257
2.40254
2.40247
2.40229
2.40034
2.40183
2.42449
8.20248
5.40227
3.69194
2.94382
2.58987
2.45856
2.41817
2.41251
2.41042
2.41041
2.40915
2.40897
2.40771
2.40749
2.40645
2.40629
2.40544
2.40534
2.40476
2.40472
2.40437
2.40436
2.40398
2.40399
2.40381
2.40382
2.40352
2.40353
2.4034
2.40336
2.40224
2.40293
2.40345
2.4034
2.40343
2.40326
2.40231
2.40255
2.4029
2.40199
2.40244
2.40286
2.40177
2.40227
2.40249
2.40171
2.4021
2.4023
2.40192
2.40192
2.40189
2.40189
2.40188
2.40186
2.40171
2.40166
2.40142
2.40019
2.40152
2.42444
8.20422
5.40503
3.6956
2.94705
2.59238
2.46053
2.41994
2.41418
2.41205
2.41202
2.41073
2.41052
2.40925
2.40902
2.40794
2.40778
2.40701
2.40691
2.40627
2.40622
2.40582
2.4058
2.40543
2.40544
2.40524
2.40526
2.40495
2.40496
2.40482
2.40478
2.40365
2.40434
2.40486
2.40481
2.40484
2.40467
2.40372
2.40401
2.40427
2.40321
2.40356
2.40402
2.40286
2.40335
2.40362
2.40265
2.40304
2.40333
2.40298
2.40298
2.4029
2.40289
2.40276
2.40275
2.4027
2.40262
2.40237
2.40021
2.40153
2.42475
8.21004
5.43475
3.74788
2.99907
2.63249
2.48573
2.43589
2.42538
2.42106
2.42053
2.41877
2.4184
2.417
2.4167
2.41554
2.41535
2.41457
2.41445
2.4138
2.41373
2.41327
2.41324
2.41292
2.41291
2.41264
2.41265
2.41233
2.41234
2.41217
2.41214
2.41104
2.41174
2.41228
2.41224
2.41227
2.4121
2.41115
2.41141
2.4117
2.41077
2.41122
2.41165
2.41057
2.41109
2.41129
2.4105
2.4109
2.41114
2.41086
2.41087
2.41084
2.41084
2.41058
2.41057
2.40998
2.41003
2.40908
2.41049
2.41357
2.45389
8.8209
6.09515
4.73662
4.06588
3.67411
3.39379
3.22984
3.13968
3.09402
3.07532
3.06928
3.06839
3.06643
3.06601
3.06462
3.06435
3.06322
3.06305
3.06227
3.06217
3.0615
3.06144
3.061
3.06098
3.06061
3.06061
3.06034
3.06033
3.05949
3.06037
3.0612
3.06048
3.06086
3.06131
3.06048
3.06054
3.06055
3.06048
3.05938
3.05967
3.0598
3.05868
3.05892
3.0594
3.05818
3.05858
3.05887
3.05794
3.05834
3.05878
3.05828
3.0583
3.05832
3.05765
3.07098
3.06795
3.12286
3.13134
3.22854
3.53061
22.8178
21.4699
20.9752
20.9047
20.8999
20.9483
20.9875
21.03
21.0394
21.0526
21.0475
21.051
21.0463
21.0492
21.0452
21.0475
21.0442
21.0461
21.0433
21.0447
21.0424
21.0436
21.0417
21.0427
21.0411
21.042
21.0407
21.0415
21.0405
21.0412
21.0404
21.0411
21.0405
21.0412
21.0408
21.0415
21.0413
21.042
21.0418
21.0426
21.0426
21.0433
21.0433
21.0441
21.044
21.0447
21.0448
21.0455
21.0455
21.0462
21.0468
21.0472
21.0495
21.0484
21.0504
21.0469
21.05
21.047
21.0533
21.2781
183.962
186.018
186.05
186.081
186.057
186.087
186.084
186.1
186.069
186.082
186.107
186.155
186.129
186.1
186.099
186.171
186.227
186.248
186.185
186.146
186.179
186.292
186.391
186.426
186.341
186.238
186.197
186.275
186.44
186.645
186.756
186.702
186.41
185.967
185.465
185.02
184.674
184.435
184.281
184.186
184.129
184.096
184.075
184.064
184.057
184.053
184.05
184.049
184.047
184.046
184.045
184.044
184.042
184.042
184.041
184.04
184.039
184.039
184.016
184.016
70.3357
71.6235
71.5648
71.5927
71.539
71.5619
71.5199
71.5332
71.4937
71.5068
71.4846
71.4992
71.4594
71.4515
71.4289
71.4456
71.4223
71.4069
71.3508
71.3236
71.299
71.2988
71.2611
71.207
71.1087
71.0209
70.9465
70.9007
70.8525
70.7921
70.6744
70.5069
70.2853
70.0575
69.8523
69.6957
69.5882
69.5215
69.4819
69.4596
69.4468
69.4397
69.4354
69.433
69.4315
69.4306
69.4299
69.4295
69.4289
69.4287
69.4283
69.428
69.4276
69.4274
69.4272
69.4271
69.4271
69.427
69.4115
69.43
41.9395
43.4107
43.3107
43.3159
43.2166
43.2126
43.1277
43.1104
43.0263
43.0059
42.9399
42.9168
42.8304
42.7828
42.7135
42.6869
42.6172
42.5578
42.4557
42.3847
42.3149
42.2704
42.1929
42.1032
41.9761
41.8615
41.762
41.6926
41.6288
41.5623
41.4594
41.3253
41.1572
40.9889
40.8402
40.7287
40.6535
40.6079
40.5817
40.5673
40.5594
40.5552
40.5527
40.5513
40.5505
40.5501
40.5497
40.5495
40.5492
40.5491
40.5488
40.5487
40.5485
40.5484
40.5484
40.5483
40.5485
40.5485
40.5425
40.6169
35.578
37.4013
37.3063
37.2961
37.1746
37.1542
37.0481
37.0134
36.9084
36.8709
36.7857
36.7449
36.6392
36.5748
36.4893
36.4473
36.3623
36.2881
36.1732
36.091
36.0119
35.9583
35.8735
35.7773
35.6472
35.5313
35.4324
35.3639
35.3018
35.2369
35.1381
35.01
34.8508
34.6921
34.5524
34.448
34.3779
34.3355
34.3114
34.2983
34.2911
34.2873
34.2851
34.2839
34.2832
34.2828
34.2824
34.2822
34.282
34.2819
34.2816
34.2815
34.2813
34.2813
34.2811
34.2811
34.2811
34.2811
34.2802
34.4194
34.4853
36.3975
36.3045
36.291
36.1639
36.1394
36.0277
35.9885
35.878
35.8361
35.7459
35.7007
35.5903
35.5218
35.4324
35.387
35.2986
35.2214
35.104
35.0197
34.939
34.8837
34.7976
34.7006
34.5704
34.4548
34.3564
34.2881
34.2262
34.1615
34.0634
33.9367
33.7797
33.6233
33.486
33.3833
33.3145
33.273
33.2493
33.2365
33.2295
33.2258
33.2236
33.2225
33.2217
33.2214
33.221
33.2208
33.2206
33.2205
33.2202
33.2201
33.2199
33.2198
33.2197
33.2196
33.2197
33.2197
33.22
33.3472
34.3909
36.3405
36.2486
36.2328
36.1037
36.0774
35.964
35.9233
35.8113
35.7682
35.6769
35.6306
35.5191
35.4496
35.3595
35.3134
35.2244
35.1466
35.0287
34.9441
34.8631
34.8077
34.7216
34.6245
34.4943
34.3788
34.2805
34.2123
34.1506
34.0861
33.9882
33.8617
33.7048
33.5485
33.4113
33.3087
33.2399
33.1984
33.1747
33.1619
33.1549
33.1512
33.149
33.1479
33.1471
33.1467
33.1464
33.1462
33.1459
33.1458
33.1456
33.1455
33.1453
33.1452
33.145
33.145
33.1449
33.1449
33.1452
33.2762
34.3899
36.3392
36.2478
36.232
36.1029
36.0766
35.9633
35.9226
35.8107
35.7676
35.6763
35.63
35.5185
35.4491
35.359
35.3129
35.2239
35.1461
35.0283
34.9437
34.8628
34.8073
34.7212
34.6241
34.4939
34.3784
34.2802
34.212
34.1503
34.0857
33.9878
33.8613
33.7044
33.5481
33.4108
33.3082
33.2395
33.1979
33.1743
33.1614
33.1544
33.1507
33.1485
33.1474
33.1466
33.1463
33.1459
33.1457
33.1454
33.1453
33.1451
33.145
33.1448
33.1447
33.1445
33.1445
33.1444
33.1444
33.1449
33.2757
34.4798
36.3912
36.2977
36.2845
36.1576
36.1333
36.0217
35.9827
35.8723
35.8306
35.7405
35.6954
35.5851
35.5167
35.4274
35.3821
35.2937
35.2165
35.0993
35.0151
34.9344
34.879
34.7929
34.696
34.5659
34.4504
34.3521
34.2837
34.2218
34.157
34.059
33.9324
33.7756
33.6194
33.4823
33.3799
33.3113
33.2699
33.2463
33.2335
33.2265
33.2229
33.2207
33.2196
33.2188
33.2184
33.2181
33.2179
33.2176
33.2175
33.2173
33.2172
33.217
33.2169
33.2168
33.2167
33.2168
33.2168
33.2168
33.3441
35.5456
37.3683
37.275
37.2653
37.1446
37.1248
37.0195
36.9855
36.8814
36.8447
36.7603
36.7203
36.6154
36.5517
36.4669
36.4257
36.3413
36.2677
36.1533
36.0717
35.9931
35.94
35.8556
35.7598
35.6299
35.5142
35.4156
35.3472
35.2854
35.2206
35.1219
34.9939
34.8349
34.6762
34.5367
34.4323
34.3622
34.3198
34.2955
34.2824
34.2753
34.2715
34.2693
34.2681
34.2673
34.2669
34.2666
34.2664
34.2661
34.266
34.2658
34.2657
34.2655
34.2654
34.2653
34.2652
34.2653
34.2652
34.2646
34.4038
41.8043
43.2659
43.1679
43.1748
43.0776
43.0756
42.9928
42.978
42.8964
42.8786
42.8151
42.7947
42.711
42.6663
42.5997
42.5757
42.5086
42.4519
42.3525
42.2842
42.2167
42.1744
42.0991
42.0115
41.8866
41.774
41.6762
41.6082
41.5455
41.4798
41.3779
41.2449
41.0782
40.9114
40.7641
40.6539
40.5799
40.535
40.5093
40.4953
40.4876
40.4835
40.481
40.4797
40.4789
40.4784
40.478
40.4778
40.4776
40.4775
40.4773
40.4772
40.477
40.4769
40.4769
40.4768
40.4771
40.477
40.4708
40.5455
69.8834
71.118
71.0607
71.0914
71.0403
71.0671
71.0287
71.0472
71.0123
71.0312
71.0141
71.035
71.0012
71.0007
70.9848
71.0087
70.9922
70.985
70.9371
70.9188
70.9026
70.9108
70.8816
70.8369
70.7483
70.6707
70.6059
70.5693
70.5296
70.4772
70.3673
70.2075
69.9933
69.7725
69.5732
69.4214
69.3176
69.2534
69.2158
69.1946
69.1826
69.176
69.172
69.1698
69.1684
69.1676
69.167
69.1667
69.1663
69.1661
69.1659
69.1657
69.1655
69.1654
69.1654
69.1653
69.1655
69.1653
69.1502
69.1695
182.368
184.206
184.241
184.277
184.255
184.292
184.293
184.32
184.296
184.32
184.352
184.414
184.399
184.386
184.396
184.481
184.549
184.59
184.546
184.526
184.573
184.704
184.822
184.883
184.827
184.754
184.738
184.84
185.032
185.27
185.422
185.417
185.181
184.793
184.343
183.938
183.624
183.409
183.271
183.187
183.137
183.108
183.09
183.08
183.075
183.071
183.069
183.068
183.067
183.067
183.066
183.066
183.065
183.065
183.065
183.065
183.064
183.064
183.044
183.046
40.8001
42.0497
42.0317
42.0487
42.0224
42.0356
42.0196
42.0305
42.0078
42.021
42.021
42.0491
42.0271
42.0244
42.0192
42.0566
42.0655
42.0748
42.0374
42.0241
42.0277
42.0669
42.0788
42.0687
42.0015
41.937
41.8922
41.8914
41.9076
41.9256
41.8837
41.7731
41.574
41.3393
41.108
40.9215
40.7883
40.7031
40.6517
40.6221
40.6049
40.5953
40.5895
40.5864
40.5845
40.5835
40.5827
40.5823
40.5819
40.5817
40.5814
40.5813
40.5809
40.5808
40.5806
40.5805
40.5807
40.5806
40.5795
40.5471
36.8115
38.2905
38.2702
38.2613
38.2322
38.2179
38.1888
38.1739
38.1419
38.1213
38.0892
38.0742
38.0446
38.017
37.9778
37.9537
37.9245
37.9011
37.8642
37.824
37.7796
37.7477
37.7167
37.6876
37.6487
37.6007
37.5483
37.501
37.4615
37.4332
37.4091
37.3853
37.3576
37.3245
37.2887
37.2525
37.2193
37.1914
37.1693
37.1532
37.1418
37.1345
37.1295
37.1267
37.125
37.1241
37.1233
37.123
37.1226
37.1225
37.1222
37.1221
37.1218
37.1217
37.1216
37.1215
37.1216
37.1215
37.1222
37.1221
32.0469
33.6134
33.6293
33.6162
33.5988
33.5819
33.563
33.5467
33.5247
33.5041
33.4832
33.4704
33.4527
33.4297
33.4039
33.3869
33.3735
33.361
33.3414
33.3149
33.2901
33.2757
33.2681
33.2608
33.2467
33.2221
33.1952
33.173
33.1613
33.1605
33.1647
33.1667
33.1617
33.1461
33.1229
33.0951
33.0673
33.0427
33.0227
33.0079
32.9973
32.9904
32.9858
32.9832
32.9816
32.9807
32.98
32.9797
32.9793
32.9792
32.9789
32.9789
32.9786
32.9785
32.9785
32.9785
32.9788
32.9788
32.9789
32.9789
30.9817
32.5328
32.5568
32.5491
32.5374
32.526
32.5137
32.5029
32.4882
32.4734
32.4603
32.4533
32.4433
32.4264
32.4084
32.3979
32.392
32.3857
32.3732
32.353
32.3353
32.3271
32.3257
32.3238
32.3151
32.2954
32.2733
32.2556
32.2479
32.2502
32.2567
32.26
32.2555
32.2401
32.2167
32.1887
32.1606
32.1357
32.1156
32.1007
32.0901
32.0832
32.0786
32.076
32.0743
32.0735
32.0728
32.0725
32.0721
32.072
32.0717
32.0716
32.0714
32.0713
32.0712
32.0711
32.0713
32.0713
32.0718
32.0855
30.619
32.2417
32.273
32.267
32.2565
32.2454
32.2343
32.2236
32.2102
32.196
32.184
32.1778
32.1689
32.1531
32.1362
32.1265
32.1216
32.1161
32.1046
32.0853
32.0683
32.0605
32.0596
32.0583
32.0501
32.0311
32.0094
31.992
31.9844
31.9867
31.9932
31.9967
31.9927
31.9779
31.9553
31.928
31.9005
31.8762
31.8564
31.8418
31.8314
31.8246
31.8201
31.8175
31.8159
31.815
31.8143
31.814
31.8137
31.8135
31.8133
31.8132
31.8129
31.8129
31.8129
31.8128
31.8132
31.8132
31.8135
31.822
30.6672
32.2707
32.3005
32.2936
32.2827
32.2723
32.2613
32.2517
32.2385
32.2251
32.2136
32.2078
32.1993
32.1837
32.167
32.1577
32.153
32.1478
32.1363
32.117
32.1003
32.0928
32.0922
32.091
32.0829
32.0637
32.042
32.0247
32.0173
32.0197
32.0263
32.0296
32.0254
32.0104
31.9875
31.9598
31.932
31.9072
31.8871
31.8723
31.8617
31.8548
31.8502
31.8476
31.8459
31.8451
31.8444
31.8441
31.8437
31.8436
31.8433
31.8432
31.8429
31.8428
31.8427
31.8427
31.8428
31.8427
31.843
31.8549
30.6662
32.2689
32.2991
32.2923
32.2814
32.2711
32.2601
32.2506
32.2375
32.2241
32.2126
32.2069
32.1983
32.1828
32.1662
32.1568
32.1522
32.1469
32.1355
32.1162
32.0995
32.092
32.0914
32.0902
32.0821
32.0629
32.0412
32.0239
32.0165
32.0189
32.0255
32.0288
32.0246
32.0096
31.9866
31.959
31.9311
31.9064
31.8863
31.8715
31.8609
31.854
31.8494
31.8468
31.8451
31.8443
31.8436
31.8433
31.8429
31.8427
31.8425
31.8424
31.8421
31.842
31.8419
31.8418
31.842
31.8419
31.8421
31.854
30.6154
32.238
32.269
32.2631
32.2527
32.2418
32.2308
32.2203
32.2069
32.1929
32.1811
32.1749
32.1662
32.1505
32.1337
32.1241
32.1193
32.1139
32.1024
32.0831
32.0662
32.0585
32.0577
32.0564
32.0483
32.0292
32.0076
31.9902
31.9826
31.9849
31.9915
31.995
31.991
31.9762
31.9536
31.9263
31.8989
31.8746
31.8548
31.8402
31.8298
31.823
31.8185
31.8159
31.8143
31.8134
31.8127
31.8124
31.812
31.8119
31.8117
31.8116
31.8113
31.8112
31.8113
31.8112
31.8116
31.8115
31.812
31.8204
30.96
32.5081
32.5336
32.5265
32.5154
32.5045
32.4928
32.4827
32.4686
32.4545
32.442
32.4357
32.4262
32.41
32.3925
32.3825
32.3771
32.3712
32.3592
32.3394
32.322
32.3141
32.313
32.3114
32.3029
32.2834
32.2615
32.2439
32.2363
32.2386
32.2452
32.2485
32.2441
32.2287
32.2054
32.1774
32.1493
32.1245
32.1044
32.0896
32.0789
32.072
32.0674
32.0648
32.0632
32.0623
32.0616
32.0613
32.0609
32.0608
32.0605
32.0604
32.0601
32.06
32.06
32.0599
32.0601
32.0601
32.0602
32.074
31.9678
33.5251
33.5419
33.5302
33.5143
33.4991
33.482
33.4677
33.4476
33.4291
33.4102
33.3995
33.3838
33.3628
33.339
33.324
33.3125
33.3018
33.284
33.2591
33.236
33.2231
33.2169
33.2109
33.1979
33.1745
33.1485
33.1272
33.1161
33.1158
33.1205
33.1228
33.118
33.1026
33.0796
33.0519
33.0241
32.9996
32.9796
32.9649
32.9543
32.9474
32.9428
32.9402
32.9386
32.9377
32.937
32.9367
32.9363
32.9362
32.936
32.9359
32.9357
32.9356
32.9356
32.9355
32.9359
32.9358
32.9362
32.9365
36.5978
38.0453
38.0264
38.0199
37.9932
37.982
37.9557
37.9443
37.9155
37.8989
37.8703
37.8595
37.8336
37.8103
37.7752
37.7556
37.7306
37.7117
37.6792
37.6436
37.6037
37.5764
37.5498
37.5251
37.4903
37.4466
37.3982
37.3548
37.3191
37.294
37.2729
37.2516
37.226
37.1946
37.1602
37.1249
37.0925
37.065
37.0432
37.0273
37.016
37.0087
37.0039
37.0011
36.9994
36.9985
36.9978
36.9974
36.9971
36.997
36.9968
36.9967
36.9965
36.9964
36.9964
36.9963
36.9964
36.9963
36.9971
36.9974
40.4197
41.6156
41.5993
41.6184
41.5935
41.6092
41.595
41.6091
41.5889
41.6056
41.6081
41.64
41.6215
41.6233
41.6215
41.663
41.6759
41.6906
41.6583
41.6506
41.6589
41.7034
41.721
41.7178
41.658
41.601
41.5631
41.5691
41.5922
41.618
41.585
41.4845
41.2959
41.0714
40.849
40.6696
40.5416
40.46
40.411
40.3828
40.3666
40.3575
40.3521
40.3491
40.3474
40.3465
40.3459
40.3456
40.3453
40.3452
40.3451
40.345
40.3449
40.3448
40.3448
40.3448
40.345
40.345
40.3441
40.313
4.37494
4.66061
4.66895
4.6726
4.65352
4.65699
4.62652
4.62239
4.58122
4.57504
4.53874
4.52868
4.47619
4.4515
4.41013
4.39685
4.35238
4.3173
4.25402
4.21386
4.17192
4.14587
4.09623
4.0407
3.96201
3.89434
3.83588
3.79583
3.75688
3.71513
3.64962
3.56573
3.46183
3.36055
3.27352
3.21088
3.17089
3.14837
3.13677
3.13124
3.12873
3.12762
3.1271
3.12686
3.12673
3.12666
3.12661
3.1266
3.12657
3.12657
3.12655
3.12655
3.12653
3.12654
3.1265
3.12652
3.12645
3.12648
3.12611
3.12337
2.53413
2.73593
2.73614
2.72631
2.71841
2.70929
2.69897
2.69052
2.6793
2.67081
2.65936
2.651
2.6399
2.63102
2.61991
2.61114
2.60085
2.59231
2.58248
2.5737
2.56427
2.55625
2.54812
2.54096
2.53364
2.5267
2.51988
2.5138
2.50843
2.50409
2.50051
2.49761
2.49516
2.49303
2.49115
2.48949
2.48808
2.48694
2.48606
2.48544
2.485
2.48472
2.48454
2.48443
2.48438
2.48434
2.48433
2.48432
2.48431
2.48431
2.48431
2.48431
2.48433
2.48432
2.48442
2.48441
2.48465
2.48465
2.48501
2.48558
1.85848
2.05486
2.05892
2.05664
2.05489
2.0523
2.04997
2.04761
2.04513
2.04276
2.04043
2.03848
2.03638
2.03414
2.03188
2.03005
2.02844
2.02689
2.02516
2.02323
2.0215
2.02024
2.01932
2.01844
2.01735
2.01591
2.01447
2.01329
2.01259
2.01232
2.01225
2.01206
2.01159
2.01069
2.0095
2.00816
2.00687
2.00576
2.00487
2.00422
2.00377
2.00347
2.00328
2.00317
2.0031
2.00307
2.00304
2.00303
2.00301
2.00301
2.00299
2.00299
2.00298
2.00297
2.00299
2.00298
2.00307
2.00307
2.00332
2.00255
1.81003
1.99766
2.00674
1.99816
1.99721
1.99121
1.98949
1.98558
1.98372
1.98098
1.97927
1.97754
1.97615
1.97449
1.97295
1.97166
1.97065
1.96975
1.96871
1.96744
1.96622
1.96535
1.96478
1.96436
1.96378
1.96289
1.96188
1.96098
1.96041
1.96029
1.96049
1.96077
1.96094
1.96088
1.96057
1.96004
1.95944
1.95886
1.95837
1.95799
1.95772
1.95754
1.95743
1.95737
1.95734
1.95732
1.95732
1.95731
1.95732
1.95732
1.95733
1.95733
1.95737
1.95737
1.95754
1.95753
1.95798
1.95797
1.95841
1.959
1.76224
1.95151
1.96018
1.95351
1.95283
1.95001
1.9488
1.94733
1.94599
1.94454
1.94333
1.94228
1.94122
1.93986
1.93857
1.93753
1.93675
1.93591
1.9349
1.9336
1.93248
1.93172
1.93126
1.93075
1.93002
1.92889
1.92772
1.92676
1.92622
1.92605
1.92604
1.92589
1.92545
1.92459
1.92344
1.92215
1.9209
1.91982
1.91896
1.91834
1.9179
1.91761
1.91743
1.91732
1.91725
1.91722
1.91719
1.91718
1.91716
1.91716
1.91714
1.91714
1.91713
1.91712
1.91714
1.91714
1.91724
1.91724
1.9175
1.9174
1.77952
1.96839
1.97787
1.96921
1.9683
1.96237
1.96076
1.95698
1.95528
1.95271
1.95116
1.94955
1.94832
1.94676
1.94535
1.94413
1.94321
1.94237
1.94143
1.94022
1.93909
1.93826
1.93775
1.93736
1.93685
1.936
1.93506
1.93419
1.93368
1.93357
1.93378
1.93397
1.93389
1.93342
1.93268
1.93181
1.93101
1.9304
1.92993
1.92956
1.9293
1.92912
1.929
1.92893
1.9289
1.92888
1.92887
1.92887
1.92887
1.92887
1.92888
1.92888
1.92892
1.92891
1.92908
1.92907
1.9295
1.9295
1.92991
1.9303
1.77942
1.96827
1.97773
1.96907
1.96817
1.96224
1.96062
1.95685
1.95515
1.95259
1.95104
1.94943
1.94821
1.94665
1.94524
1.94402
1.94311
1.94227
1.94134
1.94012
1.939
1.93817
1.93767
1.93727
1.93677
1.93592
1.93499
1.93413
1.93362
1.93352
1.93373
1.93392
1.93384
1.93336
1.93262
1.93174
1.93094
1.93033
1.92986
1.92949
1.92923
1.92905
1.92894
1.92887
1.92884
1.92881
1.92881
1.9288
1.92881
1.9288
1.92882
1.92881
1.92885
1.92885
1.92901
1.92901
1.92944
1.92943
1.92985
1.93024
1.76227
1.95148
1.96021
1.9535
1.95282
1.94995
1.94873
1.94727
1.94593
1.94449
1.94328
1.94223
1.94117
1.93982
1.93853
1.93749
1.93672
1.93588
1.93487
1.93357
1.93245
1.93169
1.93123
1.93073
1.93
1.92887
1.9277
1.92674
1.9262
1.92603
1.92602
1.92587
1.92544
1.92457
1.92343
1.92213
1.92089
1.91981
1.91895
1.91833
1.91789
1.9176
1.91742
1.91731
1.91724
1.91721
1.91718
1.91717
1.91715
1.91715
1.91713
1.91713
1.91712
1.91711
1.91713
1.91712
1.91723
1.91723
1.91749
1.91739
1.80913
1.9967
2.00584
1.99729
1.99637
1.9904
1.98871
1.98482
1.98299
1.98028
1.97859
1.97689
1.97553
1.97389
1.97237
1.9711
1.9701
1.96921
1.96819
1.96693
1.96572
1.96486
1.9643
1.96388
1.96332
1.96243
1.96142
1.96053
1.95997
1.95985
1.96005
1.96033
1.9605
1.96044
1.96014
1.95962
1.95902
1.95844
1.95796
1.95758
1.95731
1.95713
1.95702
1.95695
1.95693
1.95691
1.9569
1.9569
1.95691
1.9569
1.95692
1.95691
1.95696
1.95695
1.95712
1.95711
1.95756
1.95756
1.95797
1.95858
1.85465
2.05079
2.05504
2.05287
2.05127
2.04882
2.04663
2.0444
2.04206
2.03982
2.03762
2.03579
2.03379
2.03167
2.0295
2.02776
2.02623
2.02476
2.0231
2.02123
2.01955
2.01832
2.01745
2.01659
2.01553
2.01411
2.01269
2.01152
2.01083
2.01056
2.0105
2.01031
2.00984
2.00894
2.00775
2.00642
2.00513
2.00401
2.00312
2.00247
2.00202
2.00172
2.00153
2.00142
2.00135
2.00131
2.00128
2.00127
2.00125
2.00125
2.00123
2.00123
2.00122
2.00121
2.00122
2.00122
2.00131
2.0013
2.00157
2.00082
2.51891
2.71954
2.72015
2.71066
2.70315
2.69444
2.68452
2.67652
2.66571
2.65766
2.64662
2.63868
2.62796
2.61948
2.60874
2.60034
2.59038
2.58216
2.57262
2.56414
2.55497
2.5472
2.53928
2.53231
2.52515
2.51836
2.51168
2.50572
2.50045
2.49619
2.49265
2.48978
2.48736
2.48525
2.4834
2.48176
2.48037
2.47925
2.47839
2.47777
2.47734
2.47707
2.47688
2.47678
2.47672
2.47669
2.47667
2.47665
2.47665
2.47664
2.47665
2.47664
2.47666
2.47665
2.47675
2.47674
2.47698
2.47698
2.47733
2.47792
4.33565
4.61228
4.62034
4.62422
4.6055
4.60926
4.5793
4.57559
4.53508
4.52934
4.49365
4.48406
4.43239
4.40834
4.36766
4.35485
4.31111
4.27674
4.21443
4.17503
4.13378
4.10827
4.05939
4.00473
3.92714
3.86047
3.80285
3.76341
3.72502
3.68384
3.61916
3.53632
3.43371
3.33368
3.24772
3.18585
3.14636
3.12413
3.11268
3.10723
3.10474
3.10365
3.10313
3.10289
3.10276
3.10269
3.10264
3.10262
3.1026
3.1026
3.10258
3.10259
3.10257
3.10258
3.10255
3.10257
3.1025
3.10253
3.10215
3.0995
4.37495
4.66061
4.66895
4.6726
4.65352
4.65699
4.62652
4.62239
4.58122
4.57505
4.53874
4.52868
4.47619
4.4515
4.41013
4.39685
4.35239
4.3173
4.25402
4.21387
4.17193
4.14587
4.09623
4.0407
3.96201
3.89435
3.83588
3.79583
3.75688
3.71513
3.64962
3.56573
3.46183
3.36055
3.27353
3.21088
3.17089
3.14837
3.13677
3.13124
3.12873
3.12763
3.1271
3.12686
3.12673
3.12666
3.12661
3.1266
3.12657
3.12657
3.12655
3.12655
3.12653
3.12654
3.1265
3.12652
3.12645
3.12648
3.12611
3.12337
2.53413
2.73593
2.73614
2.72631
2.71842
2.70929
2.69897
2.69052
2.6793
2.67081
2.65936
2.651
2.6399
2.63102
2.61991
2.61114
2.60085
2.59231
2.58248
2.57371
2.56427
2.55625
2.54812
2.54096
2.53364
2.5267
2.51988
2.5138
2.50843
2.50409
2.50051
2.49761
2.49516
2.49303
2.49115
2.48949
2.48808
2.48694
2.48606
2.48544
2.485
2.48472
2.48454
2.48443
2.48438
2.48434
2.48433
2.48431
2.48431
2.48431
2.48431
2.48431
2.48433
2.48432
2.48442
2.48441
2.48465
2.48464
2.48501
2.48558
1.85848
2.05486
2.05892
2.05663
2.05489
2.0523
2.04997
2.04761
2.04513
2.04276
2.04043
2.03848
2.03638
2.03414
2.03188
2.03005
2.02844
2.0269
2.02516
2.02323
2.0215
2.02024
2.01932
2.01844
2.01735
2.01591
2.01447
2.01329
2.01259
2.01232
2.01225
2.01206
2.01159
2.01069
2.0095
2.00816
2.00687
2.00576
2.00487
2.00423
2.00377
2.00347
2.00328
2.00317
2.0031
2.00307
2.00304
2.00303
2.00301
2.00301
2.00299
2.00299
2.00298
2.00297
2.00299
2.00298
2.00307
2.00307
2.00332
2.00255
1.81003
1.99767
2.00674
1.99817
1.99721
1.99121
1.98949
1.98558
1.98372
1.98098
1.97927
1.97754
1.97615
1.9745
1.97296
1.97167
1.97065
1.96975
1.96872
1.96744
1.96622
1.96535
1.96479
1.96436
1.96379
1.96289
1.96188
1.96098
1.96041
1.9603
1.96049
1.96077
1.96094
1.96088
1.96058
1.96005
1.95945
1.95886
1.95837
1.958
1.95773
1.95754
1.95743
1.95737
1.95734
1.95732
1.95732
1.95731
1.95732
1.95732
1.95733
1.95733
1.95737
1.95737
1.95754
1.95753
1.95798
1.95798
1.95841
1.959
1.76224
1.95151
1.96018
1.95351
1.95283
1.95001
1.9488
1.94733
1.94599
1.94454
1.94333
1.94228
1.94122
1.93986
1.93857
1.93753
1.93675
1.93591
1.93491
1.93361
1.93248
1.93172
1.93126
1.93075
1.93002
1.92889
1.92772
1.92676
1.92622
1.92605
1.92604
1.92589
1.92546
1.92459
1.92344
1.92215
1.9209
1.91982
1.91896
1.91834
1.9179
1.91761
1.91743
1.91732
1.91726
1.91722
1.91719
1.91718
1.91716
1.91716
1.91715
1.91714
1.91713
1.91713
1.91714
1.91714
1.91724
1.91724
1.9175
1.9174
1.77952
1.96839
1.97787
1.96921
1.96831
1.96237
1.96076
1.95699
1.95528
1.95271
1.95116
1.94955
1.94832
1.94676
1.94535
1.94413
1.94321
1.94237
1.94144
1.94022
1.93909
1.93826
1.93776
1.93736
1.93685
1.936
1.93506
1.9342
1.93369
1.93358
1.93379
1.93397
1.9339
1.93342
1.93268
1.93181
1.93101
1.9304
1.92993
1.92956
1.9293
1.92912
1.92901
1.92894
1.9289
1.92888
1.92888
1.92887
1.92887
1.92887
1.92888
1.92888
1.92892
1.92891
1.92908
1.92907
1.9295
1.9295
1.92991
1.93031
1.77942
1.96827
1.97773
1.96907
1.96817
1.96224
1.96063
1.95686
1.95515
1.95259
1.95104
1.94943
1.94821
1.94665
1.94524
1.94402
1.94311
1.94227
1.94134
1.94012
1.939
1.93817
1.93767
1.93728
1.93677
1.93593
1.93499
1.93413
1.93362
1.93352
1.93374
1.93392
1.93384
1.93337
1.93262
1.93175
1.93095
1.93033
1.92986
1.9295
1.92923
1.92905
1.92894
1.92887
1.92884
1.92882
1.92881
1.9288
1.92881
1.9288
1.92882
1.92881
1.92885
1.92885
1.92901
1.92901
1.92944
1.92944
1.92985
1.93024
1.76228
1.95148
1.96021
1.9535
1.95282
1.94995
1.94874
1.94727
1.94593
1.94449
1.94328
1.94223
1.94117
1.93982
1.93853
1.93749
1.93672
1.93588
1.93487
1.93358
1.93245
1.93169
1.93123
1.93073
1.93
1.92887
1.9277
1.92674
1.9262
1.92603
1.92602
1.92587
1.92544
1.92457
1.92343
1.92214
1.92089
1.91981
1.91895
1.91833
1.91789
1.9176
1.91742
1.91731
1.91724
1.91721
1.91718
1.91717
1.91715
1.91715
1.91714
1.91713
1.91712
1.91711
1.91713
1.91713
1.91723
1.91723
1.91749
1.91738
1.80914
1.9967
2.00584
1.99729
1.99637
1.9904
1.98871
1.98482
1.98299
1.98028
1.97859
1.97689
1.97553
1.97389
1.97237
1.9711
1.9701
1.96921
1.9682
1.96693
1.96573
1.96487
1.96431
1.96389
1.96332
1.96243
1.96143
1.96053
1.95997
1.95986
1.96005
1.96033
1.9605
1.96044
1.96014
1.95962
1.95902
1.95844
1.95796
1.95758
1.95731
1.95713
1.95702
1.95696
1.95693
1.95691
1.95691
1.9569
1.95691
1.95691
1.95692
1.95692
1.95696
1.95695
1.95712
1.95712
1.95757
1.95756
1.95798
1.95854
1.85465
2.05079
2.05504
2.05288
2.05127
2.04883
2.04663
2.04441
2.04206
2.03983
2.03762
2.03579
2.03379
2.03167
2.0295
2.02776
2.02623
2.02476
2.0231
2.02123
2.01955
2.01833
2.01745
2.01659
2.01553
2.01411
2.01269
2.01152
2.01083
2.01057
2.0105
2.01031
2.00984
2.00894
2.00775
2.00642
2.00513
2.00401
2.00312
2.00247
2.00202
2.00172
2.00153
2.00142
2.00135
2.00131
2.00128
2.00127
2.00125
2.00125
2.00123
2.00123
2.00122
2.00121
2.00122
2.00122
2.00131
2.0013
2.00157
2.00081
2.51891
2.71954
2.72015
2.71067
2.70315
2.69445
2.68453
2.67652
2.66571
2.65766
2.64662
2.63868
2.62796
2.61948
2.60874
2.60034
2.59038
2.58216
2.57263
2.56414
2.55497
2.5472
2.53928
2.53231
2.52515
2.51836
2.51168
2.50573
2.50045
2.49619
2.49265
2.48978
2.48736
2.48526
2.4834
2.48177
2.48038
2.47925
2.47839
2.47778
2.47735
2.47707
2.47689
2.47678
2.47672
2.47669
2.47667
2.47666
2.47665
2.47665
2.47665
2.47664
2.47666
2.47666
2.47675
2.47675
2.47698
2.47698
2.47733
2.4779
4.33564
4.61228
4.62034
4.62421
4.6055
4.60926
4.5793
4.57559
4.53507
4.52934
4.49364
4.48406
4.43239
4.40834
4.36766
4.35485
4.31111
4.27674
4.21443
4.17503
4.13378
4.10827
4.05939
4.00473
3.92714
3.86047
3.80285
3.76341
3.72502
3.68384
3.61916
3.53632
3.43371
3.33368
3.24772
3.18585
3.14636
3.12413
3.11268
3.10723
3.10474
3.10365
3.10313
3.10289
3.10276
3.10269
3.10264
3.10262
3.1026
3.1026
3.10258
3.10259
3.10257
3.10258
3.10255
3.10257
3.1025
3.10253
3.10215
3.0995
40.8001
42.0497
42.0317
42.0487
42.0224
42.0356
42.0197
42.0305
42.0078
42.021
42.021
42.0491
42.0271
42.0244
42.0192
42.0566
42.0655
42.0749
42.0374
42.0241
42.0277
42.0669
42.0788
42.0687
42.0015
41.937
41.8922
41.8914
41.9076
41.9256
41.8837
41.7731
41.574
41.3393
41.108
40.9215
40.7883
40.7031
40.6517
40.6221
40.6049
40.5953
40.5895
40.5864
40.5845
40.5835
40.5827
40.5823
40.5819
40.5817
40.5814
40.5813
40.5809
40.5808
40.5806
40.5805
40.5806
40.5806
40.5795
40.5471
36.8115
38.2905
38.2702
38.2613
38.2321
38.2179
38.1888
38.1739
38.1419
38.1213
38.0892
38.0742
38.0446
38.017
37.9778
37.9537
37.9244
37.901
37.8642
37.824
37.7796
37.7477
37.7167
37.6876
37.6486
37.6007
37.5483
37.5009
37.4615
37.4331
37.4091
37.3853
37.3576
37.3245
37.2887
37.2524
37.2193
37.1913
37.1693
37.1532
37.1418
37.1344
37.1295
37.1267
37.125
37.1241
37.1233
37.123
37.1226
37.1225
37.1222
37.1221
37.1218
37.1217
37.1216
37.1215
37.1215
37.1215
37.1221
37.122
32.0469
33.6133
33.6293
33.6162
33.5988
33.5818
33.563
33.5467
33.5247
33.5041
33.4832
33.4704
33.4527
33.4297
33.4038
33.3868
33.3735
33.361
33.3414
33.3148
33.2901
33.2757
33.2681
33.2608
33.2467
33.2221
33.1952
33.173
33.1613
33.1604
33.1647
33.1667
33.1616
33.1461
33.1229
33.0951
33.0673
33.0426
33.0227
33.0079
32.9973
32.9904
32.9858
32.9832
32.9815
32.9807
32.98
32.9797
32.9793
32.9792
32.9789
32.9788
32.9786
32.9785
32.9785
32.9784
32.9788
32.9788
32.9788
32.9789
30.9817
32.5328
32.5568
32.5491
32.5374
32.5259
32.5137
32.5029
32.4882
32.4734
32.4603
32.4533
32.4433
32.4264
32.4084
32.3979
32.392
32.3857
32.3732
32.353
32.3353
32.3271
32.3257
32.3238
32.3151
32.2954
32.2733
32.2556
32.2479
32.2502
32.2567
32.2599
32.2555
32.2401
32.2167
32.1886
32.1605
32.1357
32.1156
32.1007
32.0901
32.0832
32.0786
32.076
32.0743
32.0735
32.0728
32.0725
32.0721
32.072
32.0717
32.0716
32.0713
32.0713
32.0712
32.0711
32.0713
32.0713
32.0718
32.0854
30.619
32.2417
32.273
32.267
32.2565
32.2454
32.2343
32.2236
32.2102
32.196
32.184
32.1778
32.1689
32.1531
32.1362
32.1265
32.1216
32.1161
32.1045
32.0853
32.0683
32.0605
32.0596
32.0583
32.0501
32.031
32.0094
31.992
31.9844
31.9867
31.9932
31.9967
31.9927
31.9779
31.9553
31.928
31.9005
31.8762
31.8564
31.8418
31.8314
31.8246
31.8201
31.8175
31.8159
31.815
31.8143
31.814
31.8137
31.8135
31.8133
31.8132
31.8129
31.8129
31.8129
31.8128
31.8132
31.8132
31.8135
31.822
30.6672
32.2707
32.3005
32.2936
32.2827
32.2723
32.2613
32.2517
32.2385
32.2251
32.2136
32.2078
32.1993
32.1837
32.167
32.1577
32.153
32.1478
32.1363
32.117
32.1003
32.0928
32.0922
32.091
32.0829
32.0637
32.042
32.0247
32.0173
32.0197
32.0263
32.0296
32.0254
32.0104
31.9875
31.9598
31.932
31.9072
31.8871
31.8723
31.8617
31.8548
31.8502
31.8476
31.8459
31.8451
31.8444
31.8441
31.8437
31.8436
31.8433
31.8432
31.8429
31.8428
31.8427
31.8427
31.8428
31.8427
31.843
31.8551
30.6662
32.2689
32.2991
32.2923
32.2814
32.2711
32.2601
32.2506
32.2375
32.2241
32.2126
32.2069
32.1983
32.1828
32.1662
32.1568
32.1522
32.1469
32.1355
32.1162
32.0995
32.092
32.0914
32.0902
32.0821
32.0629
32.0412
32.0239
32.0165
32.0189
32.0255
32.0288
32.0246
32.0096
31.9866
31.959
31.9311
31.9064
31.8863
31.8715
31.8609
31.854
31.8494
31.8468
31.8451
31.8443
31.8436
31.8433
31.8429
31.8427
31.8425
31.8424
31.8421
31.842
31.8419
31.8418
31.842
31.8419
31.8421
31.854
30.6154
32.238
32.269
32.2631
32.2527
32.2418
32.2308
32.2203
32.2069
32.1929
32.1811
32.1749
32.1662
32.1505
32.1337
32.1241
32.1193
32.1139
32.1024
32.0831
32.0662
32.0586
32.0577
32.0564
32.0483
32.0292
32.0076
31.9902
31.9826
31.9849
31.9915
31.995
31.991
31.9762
31.9536
31.9263
31.8989
31.8746
31.8548
31.8402
31.8298
31.823
31.8185
31.8159
31.8143
31.8134
31.8127
31.8124
31.812
31.8119
31.8117
31.8116
31.8113
31.8112
31.8113
31.8112
31.8116
31.8115
31.812
31.8203
30.96
32.5081
32.5336
32.5265
32.5154
32.5045
32.4928
32.4827
32.4686
32.4545
32.442
32.4357
32.4262
32.41
32.3925
32.3825
32.3771
32.3712
32.3592
32.3394
32.322
32.3141
32.313
32.3114
32.3029
32.2834
32.2615
32.2439
32.2363
32.2386
32.2452
32.2485
32.2441
32.2287
32.2054
32.1774
32.1493
32.1245
32.1044
32.0896
32.0789
32.072
32.0674
32.0648
32.0632
32.0623
32.0616
32.0613
32.0609
32.0608
32.0605
32.0604
32.0601
32.06
32.06
32.0599
32.0601
32.0601
32.0602
32.0736
31.9677
33.5251
33.5419
33.5302
33.5143
33.4991
33.482
33.4677
33.4476
33.4291
33.4102
33.3995
33.3838
33.3628
33.339
33.324
33.3125
33.3018
33.284
33.2591
33.236
33.2231
33.2169
33.2109
33.1979
33.1745
33.1485
33.1272
33.1161
33.1158
33.1205
33.1228
33.118
33.1026
33.0796
33.0519
33.0241
32.9996
32.9796
32.9649
32.9543
32.9474
32.9428
32.9402
32.9386
32.9377
32.937
32.9367
32.9363
32.9362
32.936
32.9359
32.9357
32.9356
32.9356
32.9355
32.9359
32.9358
32.9362
32.9363
36.5978
38.0453
38.0264
38.0199
37.9931
37.982
37.9557
37.9443
37.9155
37.8989
37.8703
37.8595
37.8336
37.8103
37.7752
37.7556
37.7306
37.7117
37.6792
37.6436
37.6037
37.5764
37.5498
37.5251
37.4903
37.4466
37.3982
37.3548
37.3191
37.294
37.2729
37.2516
37.226
37.1946
37.1602
37.1249
37.0925
37.065
37.0432
37.0273
37.016
37.0087
37.0039
37.0011
36.9994
36.9985
36.9978
36.9974
36.9971
36.997
36.9968
36.9967
36.9965
36.9964
36.9964
36.9963
36.9964
36.9963
36.9971
36.9973
40.4197
41.6156
41.5993
41.6184
41.5935
41.6092
41.595
41.6091
41.5889
41.6056
41.6081
41.64
41.6215
41.6233
41.6215
41.663
41.6759
41.6906
41.6583
41.6506
41.6589
41.7034
41.721
41.7178
41.658
41.601
41.5631
41.5691
41.5922
41.618
41.585
41.4845
41.2959
41.0714
40.849
40.6696
40.5416
40.46
40.411
40.3828
40.3666
40.3575
40.3521
40.3491
40.3474
40.3465
40.3459
40.3456
40.3453
40.3452
40.3451
40.345
40.3449
40.3448
40.3448
40.3448
40.345
40.345
40.3441
40.313
183.962
186.018
186.05
186.081
186.057
186.087
186.084
186.1
186.069
186.082
186.107
186.155
186.129
186.1
186.099
186.17
186.227
186.248
186.185
186.146
186.179
186.292
186.391
186.426
186.341
186.238
186.197
186.275
186.44
186.645
186.756
186.702
186.41
185.967
185.465
185.02
184.674
184.435
184.281
184.186
184.129
184.096
184.075
184.064
184.057
184.053
184.05
184.049
184.047
184.046
184.045
184.044
184.042
184.042
184.041
184.04
184.039
184.039
184.016
184.016
70.3357
71.6235
71.5648
71.5927
71.539
71.5619
71.5199
71.5331
71.4937
71.5067
71.4846
71.4991
71.4594
71.4515
71.4289
71.4456
71.4223
71.4069
71.3508
71.3236
71.299
71.2988
71.261
71.207
71.1087
71.0209
70.9465
70.9006
70.8525
70.7921
70.6744
70.5069
70.2853
70.0575
69.8523
69.6957
69.5882
69.5214
69.4819
69.4595
69.4468
69.4397
69.4353
69.433
69.4314
69.4306
69.4298
69.4294
69.4289
69.4287
69.4282
69.428
69.4276
69.4274
69.4272
69.427
69.4271
69.4269
69.4114
69.43
41.9395
43.4106
43.3106
43.3159
43.2166
43.2126
43.1277
43.1104
43.0263
43.0058
42.9399
42.9168
42.8304
42.7828
42.7135
42.6869
42.6172
42.5577
42.4557
42.3847
42.3149
42.2704
42.1929
42.1032
41.9761
41.8615
41.7619
41.6925
41.6288
41.5622
41.4594
41.3252
41.1572
40.9888
40.8402
40.7286
40.6535
40.6079
40.5817
40.5673
40.5594
40.5552
40.5527
40.5513
40.5505
40.55
40.5496
40.5494
40.5492
40.549
40.5488
40.5487
40.5485
40.5484
40.5484
40.5483
40.5485
40.5484
40.5425
40.6166
35.5779
37.4012
37.3063
37.296
37.1746
37.1542
37.0481
37.0134
36.9084
36.8709
36.7857
36.7449
36.6392
36.5748
36.4893
36.4473
36.3623
36.2881
36.1732
36.0909
36.0119
35.9583
35.8735
35.7773
35.6472
35.5313
35.4324
35.3639
35.3018
35.2369
35.1381
35.01
34.8508
34.692
34.5524
34.448
34.3779
34.3355
34.3113
34.2983
34.2911
34.2873
34.2851
34.2839
34.2832
34.2828
34.2824
34.2822
34.282
34.2819
34.2816
34.2815
34.2813
34.2812
34.2811
34.281
34.2811
34.2811
34.2801
34.4183
34.4853
36.3975
36.3045
36.2909
36.1639
36.1394
36.0277
35.9885
35.878
35.8361
35.7459
35.7007
35.5902
35.5218
35.4324
35.387
35.2986
35.2213
35.104
35.0197
34.939
34.8837
34.7976
34.7006
34.5704
34.4548
34.3564
34.2881
34.2262
34.1615
34.0634
33.9367
33.7797
33.6233
33.486
33.3833
33.3145
33.273
33.2493
33.2365
33.2295
33.2258
33.2236
33.2225
33.2217
33.2214
33.221
33.2208
33.2205
33.2204
33.2202
33.2201
33.2199
33.2198
33.2197
33.2196
33.2197
33.2197
33.22
33.3472
34.3909
36.3405
36.2486
36.2328
36.1037
36.0773
35.964
35.9233
35.8113
35.7682
35.6768
35.6305
35.5191
35.4496
35.3595
35.3134
35.2244
35.1466
35.0287
34.9441
34.8631
34.8077
34.7215
34.6245
34.4943
34.3788
34.2805
34.2123
34.1506
34.0861
33.9882
33.8617
33.7048
33.5485
33.4113
33.3087
33.2399
33.1984
33.1747
33.1619
33.1549
33.1512
33.149
33.1479
33.1471
33.1467
33.1464
33.1462
33.1459
33.1458
33.1456
33.1455
33.1453
33.1452
33.145
33.145
33.1449
33.1449
33.1452
33.2771
34.3899
36.3392
36.2477
36.232
36.1029
36.0766
35.9633
35.9226
35.8106
35.7676
35.6763
35.63
35.5185
35.4491
35.359
35.3129
35.2239
35.1461
35.0283
34.9437
34.8628
34.8073
34.7212
34.6241
34.4939
34.3784
34.2802
34.212
34.1503
34.0857
33.9878
33.8613
33.7044
33.5481
33.4108
33.3082
33.2395
33.1979
33.1743
33.1614
33.1544
33.1507
33.1485
33.1474
33.1466
33.1463
33.1459
33.1457
33.1454
33.1453
33.1451
33.145
33.1448
33.1447
33.1445
33.1445
33.1444
33.1444
33.1449
33.2757
34.4797
36.3912
36.2977
36.2845
36.1576
36.1333
36.0217
35.9827
35.8723
35.8306
35.7405
35.6954
35.5851
35.5167
35.4274
35.3821
35.2937
35.2165
35.0993
35.0151
34.9344
34.879
34.7929
34.696
34.5659
34.4504
34.3521
34.2837
34.2217
34.157
34.059
33.9324
33.7756
33.6194
33.4823
33.3799
33.3113
33.2699
33.2463
33.2335
33.2265
33.2229
33.2207
33.2196
33.2188
33.2184
33.2181
33.2179
33.2176
33.2175
33.2173
33.2172
33.217
33.2169
33.2168
33.2167
33.2168
33.2168
33.2168
33.3431
35.5456
37.3683
37.275
37.2653
37.1446
37.1248
37.0195
36.9855
36.8813
36.8447
36.7603
36.7203
36.6154
36.5517
36.4669
36.4257
36.3413
36.2677
36.1533
36.0717
35.9931
35.94
35.8556
35.7598
35.6299
35.5142
35.4156
35.3472
35.2854
35.2206
35.1219
34.9939
34.8349
34.6762
34.5367
34.4323
34.3622
34.3198
34.2955
34.2824
34.2753
34.2715
34.2693
34.2681
34.2673
34.2669
34.2666
34.2664
34.2661
34.266
34.2658
34.2657
34.2655
34.2654
34.2653
34.2652
34.2653
34.2652
34.2645
34.4008
41.8042
43.2659
43.1679
43.1748
43.0775
43.0756
42.9928
42.978
42.8964
42.8785
42.8151
42.7947
42.711
42.6663
42.5997
42.5757
42.5086
42.4519
42.3525
42.2842
42.2167
42.1744
42.0991
42.0115
41.8866
41.774
41.6762
41.6082
41.5455
41.4798
41.3779
41.2449
41.0782
40.9114
40.7642
40.6539
40.5799
40.535
40.5093
40.4953
40.4876
40.4835
40.481
40.4797
40.4789
40.4784
40.478
40.4778
40.4776
40.4775
40.4773
40.4772
40.477
40.4769
40.4769
40.4768
40.4771
40.477
40.4708
40.5445
69.8834
71.1179
71.0606
71.0914
71.0403
71.0671
71.0287
71.0471
71.0123
71.0312
71.0141
71.035
71.0012
71.0007
70.9848
71.0087
70.9922
70.985
70.937
70.9188
70.9025
70.9108
70.8816
70.8368
70.7483
70.6706
70.6059
70.5693
70.5296
70.4772
70.3673
70.2075
69.9933
69.7725
69.5732
69.4215
69.3176
69.2535
69.2158
69.1946
69.1826
69.176
69.172
69.1698
69.1684
69.1676
69.167
69.1667
69.1663
69.1661
69.1659
69.1657
69.1655
69.1654
69.1654
69.1653
69.1655
69.1653
69.1502
69.1692
182.368
184.206
184.241
184.277
184.255
184.292
184.293
184.32
184.296
184.32
184.352
184.414
184.399
184.386
184.396
184.481
184.549
184.59
184.546
184.526
184.573
184.704
184.822
184.883
184.827
184.754
184.738
184.84
185.032
185.27
185.422
185.417
185.181
184.793
184.342
183.938
183.624
183.409
183.271
183.187
183.137
183.108
183.09
183.08
183.075
183.071
183.069
183.068
183.067
183.067
183.066
183.066
183.065
183.065
183.065
183.065
183.064
183.064
183.044
183.046
)
;

boundaryField
{
    upperWall
    {
        type            fixedValue;
        value           uniform 0;
    }
    lowerWall
    {
        type            fixedValue;
        value           uniform 0;
    }
    heatedWall
    {
        type            fixedValue;
        value           uniform 0;
    }
    inlet
    {
        type            fixedValue;
        value           uniform 2e-05;
    }
    outlet
    {
        type            inletOutlet;
        inletValue      uniform 0;
        value           nonuniform List<scalar> 
72
(
184.016
69.43
40.6169
34.4194
33.3472
33.2762
33.2757
33.3441
34.4038
40.5455
69.1695
183.046
0
37.1221
32.9789
32.0855
31.822
31.8549
31.854
31.8204
32.074
32.9365
36.9974
0
3.12337
2.48558
2.00255
1.959
1.9174
1.9303
1.93024
1.91739
1.95858
2.00082
2.47792
3.0995
3.12337
2.48558
2.00255
1.959
1.9174
1.93031
1.93024
1.91738
1.95854
2.00081
2.4779
3.0995
0
37.122
32.9789
32.0854
31.822
31.8551
31.854
31.8203
32.0736
32.9363
36.9973
0
184.016
69.43
40.6166
34.4183
33.3472
33.2771
33.2757
33.3431
34.4008
40.5445
69.1692
183.046
)
;
    }
    frontAndBack
    {
        type            empty;
    }
}


// ************************************************************************* //
