/*--------------------------------*- C++ -*----------------------------------*\
  =========                 |
  \\      /  F ield         | OpenFOAM: The Open Source CFD Toolbox
   \\    /   O peration     | Website:  https://openfoam.org
    \\  /    A nd           | Version:  7
     \\/     M anipulation  |
\*---------------------------------------------------------------------------*/
FoamFile
{
    version     2.0;
    format      ascii;
    class       volScalarField;
    location    "0.43";
    object      p_0;
}
// * * * * * * * * * * * * * * * * * * * * * * * * * * * * * * * * * * * * * //

dimensions      [1 -1 -2 0 0 0 0];

internalField   nonuniform List<scalar> 
4950
(
101483
101470
101475
101467
101472
101465
101469
101464
101467
101463
101465
101462
101464
101460
101462
101459
101460
101457
101458
101455
101469
101458
101463
101455
101460
101453
101457
101452
101455
101451
101453
101449
101452
101448
101450
101447
101448
101445
101445
101443
101478
101469
101473
101465
101470
101463
101467
101462
101465
101461
101463
101460
101462
101458
101460
101457
101458
101455
101457
101454
101467
101459
101463
101455
101460
101453
101457
101452
101455
101451
101453
101449
101451
101448
101450
101447
101448
101445
101445
101443
101478
101469
101474
101465
101470
101463
101467
101462
101465
101461
101463
101459
101462
101458
101460
101457
101458
101456
101457
101454
101467
101459
101463
101455
101460
101453
101457
101452
101455
101451
101453
101449
101451
101448
101450
101447
101448
101445
101445
101443
101478
101469
101473
101465
101470
101463
101467
101462
101465
101461
101463
101460
101462
101458
101460
101457
101458
101455
101457
101454
101469
101458
101463
101455
101460
101453
101457
101452
101455
101451
101453
101449
101452
101448
101450
101447
101448
101445
101445
101443
101483
101470
101475
101467
101472
101465
101469
101464
101467
101463
101465
101462
101464
101460
101462
101459
101460
101457
101458
101455
101453
101455
101450
101452
101447
101449
101446
101448
101445
101446
101445
101445
101444
101444
101443
101443
101442
101442
101440
101441
101462
101465
101460
101462
101458
101460
101457
101458
101456
101457
101455
101456
101454
101455
101453
101454
101452
101452
101452
101452
101453
101455
101450
101452
101448
101449
101446
101448
101446
101447
101445
101446
101444
101444
101443
101443
101442
101442
101440
101441
101462
101465
101460
101462
101458
101460
101457
101458
101456
101457
101455
101456
101454
101455
101453
101454
101453
101452
101452
101452
101453
101455
101450
101452
101448
101450
101447
101448
101446
101447
101445
101446
101444
101444
101443
101443
101442
101442
101440
101441
101462
101465
101460
101462
101458
101460
101457
101458
101456
101457
101455
101456
101454
101455
101453
101454
101453
101452
101452
101452
101453
101455
101450
101452
101448
101449
101446
101448
101446
101447
101445
101446
101444
101444
101443
101443
101442
101442
101440
101441
101462
101465
101460
101462
101458
101460
101457
101458
101456
101457
101455
101456
101454
101455
101453
101454
101452
101452
101452
101452
101453
101455
101450
101452
101447
101449
101446
101448
101445
101446
101445
101445
101444
101444
101443
101443
101442
101442
101440
101441
101446
101445
101445
101444
101443
101443
101442
101442
101441
101441
101440
101440
101439
101439
101438
101438
101437
101437
101436
101436
101446
101445
101445
101444
101443
101443
101442
101442
101441
101441
101440
101440
101439
101439
101438
101438
101437
101437
101436
101436
101446
101445
101444
101444
101443
101443
101442
101442
101441
101441
101440
101440
101439
101439
101438
101438
101437
101437
101436
101436
101446
101445
101445
101444
101443
101443
101442
101442
101441
101441
101440
101440
101439
101439
101438
101438
101437
101437
101436
101436
101446
101445
101444
101444
101443
101443
101442
101442
101441
101441
101440
101440
101439
101439
101438
101438
101437
101437
101436
101436
101446
101445
101445
101444
101443
101443
101442
101442
101441
101441
101440
101440
101439
101439
101438
101438
101437
101437
101436
101436
101446
101445
101444
101444
101443
101443
101442
101442
101441
101441
101440
101440
101439
101439
101438
101438
101437
101437
101436
101436
101446
101445
101445
101444
101443
101443
101442
101442
101441
101441
101440
101440
101439
101439
101438
101438
101437
101437
101436
101436
101446
101445
101445
101444
101443
101443
101442
101442
101441
101441
101440
101440
101439
101439
101438
101438
101437
101437
101436
101436
101453
101455
101450
101452
101447
101449
101446
101448
101445
101446
101445
101445
101444
101444
101443
101443
101442
101442
101440
101441
101462
101465
101460
101462
101458
101460
101457
101458
101456
101457
101455
101456
101454
101455
101453
101454
101452
101452
101452
101452
101453
101455
101450
101452
101448
101449
101446
101448
101446
101447
101445
101446
101444
101444
101443
101443
101442
101442
101440
101441
101462
101465
101460
101462
101458
101460
101457
101458
101456
101457
101455
101456
101454
101455
101453
101454
101453
101452
101452
101452
101453
101455
101450
101452
101448
101450
101447
101448
101446
101447
101445
101446
101444
101444
101443
101443
101442
101442
101440
101441
101462
101465
101460
101462
101458
101460
101457
101458
101456
101457
101455
101456
101454
101455
101453
101454
101453
101452
101452
101452
101453
101455
101450
101452
101448
101449
101446
101448
101446
101447
101445
101446
101444
101444
101443
101443
101442
101442
101440
101441
101462
101465
101460
101462
101458
101460
101457
101458
101456
101457
101455
101456
101454
101455
101453
101454
101452
101452
101452
101452
101453
101455
101450
101452
101447
101449
101446
101448
101445
101446
101445
101445
101444
101444
101443
101443
101442
101442
101440
101441
101483
101470
101475
101467
101472
101465
101469
101464
101467
101463
101465
101462
101464
101460
101462
101459
101460
101457
101458
101455
101469
101458
101463
101455
101460
101453
101457
101452
101455
101451
101453
101449
101452
101448
101450
101447
101448
101445
101445
101443
101478
101469
101473
101465
101470
101463
101467
101462
101465
101461
101463
101460
101462
101458
101460
101457
101458
101455
101457
101454
101467
101459
101463
101455
101460
101453
101457
101452
101455
101451
101453
101449
101451
101448
101450
101447
101448
101445
101445
101443
101478
101469
101474
101465
101470
101463
101467
101462
101465
101461
101463
101459
101462
101458
101460
101457
101458
101456
101457
101454
101467
101459
101463
101455
101460
101453
101457
101452
101455
101451
101453
101449
101451
101448
101450
101447
101448
101445
101445
101443
101478
101469
101473
101465
101470
101463
101467
101462
101465
101461
101463
101460
101462
101458
101460
101457
101458
101455
101457
101454
101469
101458
101463
101455
101460
101453
101457
101452
101455
101451
101453
101449
101452
101448
101450
101447
101448
101445
101445
101443
101483
101470
101475
101467
101472
101465
101469
101464
101467
101463
101465
101462
101464
101460
101462
101459
101460
101457
101458
101455
101472
101457
101456
101443
101442
101431
101430
101420
101418
101407
101403
101392
101388
101379
101375
101367
101363
101354
101350
101340
101334
101324
101319
101309
101303
101295
101290
101281
101276
101267
101260
101249
101241
101231
101223
101213
101207
101198
101192
101183
101176
101165
101156
101144
101134
101123
101113
101103
101095
101086
101078
101069
101061
101049
101038
101025
101012
100998
100986
100972
100961
100950
100940
100930
100920
100909
100897
100882
100867
100848
100829
100807
100785
100760
100737
100710
100687
100659
100636
100605
100579
100544
100512
100471
100431
100381
100332
100275
100216
100155
101440
101424
101423
101410
101409
101398
101397
101386
101384
101373
101369
101358
101355
101345
101342
101333
101329
101320
101316
101306
101301
101291
101285
101275
101270
101261
101256
101247
101242
101233
101226
101215
101207
101197
101189
101180
101173
101165
101159
101150
101142
101132
101122
101110
101100
101089
101080
101069
101061
101052
101045
101036
101027
101016
101005
100991
100979
100965
100952
100939
100928
100916
100907
100896
100887
100875
100863
100849
100833
100815
100796
100773
100751
100726
100703
100677
100654
100626
100602
100572
100545
100510
100479
100437
100397
100348
100298
100242
100183
100122
101466
101451
101450
101437
101437
101426
101425
101414
101412
101401
101397
101386
101382
101373
101369
101361
101357
101348
101344
101334
101328
101318
101313
101303
101298
101289
101284
101275
101270
101261
101254
101243
101235
101225
101217
101207
101201
101192
101186
101177
101170
101159
101150
101138
101128
101117
101107
101097
101089
101080
101072
101063
101055
101043
101032
101019
101006
100992
100980
100966
100955
100944
100934
100924
100914
100903
100891
100876
100861
100842
100823
100801
100779
100754
100731
100704
100681
100653
100630
100599
100573
100538
100506
100465
100425
100375
100326
100269
100210
100149
101439
101424
101422
101409
101408
101397
101396
101386
101383
101372
101369
101358
101354
101344
101341
101332
101329
101320
101315
101306
101300
101290
101284
101275
101269
101260
101255
101247
101241
101232
101225
101215
101207
101196
101189
101179
101173
101164
101158
101149
101142
101131
101122
101110
101100
101088
101079
101069
101061
101052
101044
101035
101026
101015
101004
100991
100978
100964
100951
100938
100927
100916
100906
100896
100886
100875
100863
100848
100833
100814
100795
100772
100751
100726
100703
100676
100653
100625
100601
100571
100545
100510
100478
100437
100397
100347
100298
100241
100182
100122
101465
101451
101450
101437
101436
101425
101424
101414
101411
101400
101397
101386
101382
101372
101369
101360
101357
101348
101343
101334
101328
101318
101312
101303
101297
101288
101283
101275
101269
101260
101253
101243
101235
101224
101217
101207
101201
101192
101186
101177
101170
101159
101150
101138
101128
101116
101107
101097
101089
101080
101072
101063
101054
101043
101032
101019
101006
100992
100979
100966
100955
100944
100934
100924
100914
100902
100891
100876
100861
100842
100823
100800
100779
100753
100731
100704
100681
100653
100629
100599
100572
100538
100506
100464
100424
100375
100325
100269
100209
100149
101439
101424
101422
101409
101408
101397
101396
101386
101383
101372
101369
101358
101354
101344
101341
101332
101329
101320
101316
101306
101300
101290
101284
101275
101269
101260
101255
101247
101242
101232
101225
101215
101207
101196
101189
101179
101173
101164
101158
101149
101142
101131
101122
101110
101100
101088
101079
101069
101061
101052
101044
101035
101026
101015
101004
100991
100978
100964
100951
100938
100927
100916
100906
100896
100886
100875
100863
100848
100833
100814
100795
100772
100751
100726
100703
100676
100653
100625
100601
100571
100545
100510
100478
100437
100397
100347
100298
100241
100182
100122
101466
101451
101450
101437
101436
101425
101424
101414
101412
101401
101397
101386
101382
101373
101369
101361
101357
101348
101344
101334
101328
101318
101312
101303
101297
101289
101284
101275
101270
101260
101254
101243
101235
101224
101217
101207
101201
101192
101186
101177
101170
101159
101150
101138
101128
101116
101107
101097
101089
101080
101072
101063
101055
101043
101032
101019
101006
100992
100979
100966
100955
100944
100934
100924
100914
100903
100891
100876
100861
100842
100823
100801
100779
100754
100731
100704
100681
100653
100629
100599
100573
100538
100506
100465
100425
100375
100326
100269
100209
100149
101440
101424
101423
101410
101409
101398
101397
101386
101384
101373
101369
101358
101355
101345
101342
101333
101329
101320
101316
101306
101301
101291
101285
101275
101270
101261
101256
101247
101242
101233
101226
101216
101208
101197
101189
101180
101173
101165
101159
101150
101142
101132
101122
101111
101100
101089
101080
101069
101061
101052
101045
101036
101027
101016
101005
100991
100979
100965
100952
100939
100928
100916
100907
100896
100887
100875
100864
100849
100834
100815
100796
100773
100751
100726
100703
100677
100654
100626
100602
100572
100545
100511
100479
100437
100397
100348
100298
100242
100183
100122
101472
101457
101456
101443
101442
101431
101430
101420
101417
101406
101403
101392
101388
101378
101375
101366
101363
101354
101350
101340
101334
101324
101318
101309
101303
101294
101289
101281
101276
101266
101259
101249
101241
101230
101223
101213
101207
101198
101192
101183
101176
101165
101156
101144
101134
101122
101113
101103
101095
101086
101078
101069
101060
101049
101038
101025
101012
100998
100985
100972
100961
100950
100940
100930
100920
100909
100897
100882
100867
100848
100829
100806
100785
100760
100737
100710
100687
100659
100635
100605
100579
100544
100512
100471
100431
100381
100331
100275
100215
100155
101426
101416
101413
101404
101402
101394
101393
101384
101382
101372
101368
101359
101355
101346
101343
101334
101331
101322
101318
101309
101303
101293
101288
101278
101273
101264
101259
101251
101245
101236
101229
101219
101211
101200
101193
101183
101177
101168
101162
101153
101146
101135
101126
101114
101104
101093
101083
101073
101065
101056
101049
101039
101031
101020
101009
100995
100983
100968
100956
100943
100932
100920
100911
100900
100891
100879
100868
100853
100838
100819
100800
100777
100755
100730
100707
100681
100658
100630
100606
100575
100549
100514
100482
100440
100400
100351
100301
100244
100184
100124
101455
101446
101443
101435
101432
101425
101423
101415
101412
101402
101399
101389
101385
101376
101373
101364
101361
101353
101348
101339
101333
101323
101318
101308
101303
101294
101289
101281
101275
101266
101259
101249
101241
101230
101223
101213
101207
101198
101192
101184
101176
101166
101156
101144
101134
101123
101113
101103
101095
101086
101079
101069
101061
101050
101039
101025
101013
100998
100986
100973
100962
100950
100941
100930
100921
100909
100897
100883
100867
100849
100830
100807
100785
100760
100737
100711
100687
100659
100635
100605
100579
100544
100512
100470
100430
100381
100330
100274
100214
100153
101427
101418
101414
101405
101403
101395
101394
101385
101383
101373
101369
101360
101356
101347
101344
101335
101332
101323
101319
101310
101304
101294
101288
101279
101274
101265
101260
101252
101246
101237
101230
101220
101212
101201
101194
101184
101178
101169
101163
101154
101147
101136
101127
101115
101105
101094
101084
101074
101066
101057
101050
101040
101032
101021
101010
100996
100984
100969
100957
100944
100933
100921
100912
100901
100892
100880
100868
100854
100838
100820
100801
100778
100756
100731
100708
100682
100658
100631
100606
100576
100550
100515
100483
100441
100401
100352
100302
100245
100185
100125
101454
101445
101443
101434
101432
101424
101422
101414
101411
101402
101398
101388
101384
101376
101372
101364
101361
101352
101348
101338
101333
101323
101317
101308
101302
101294
101289
101280
101275
101266
101259
101249
101241
101230
101222
101213
101206
101198
101192
101183
101176
101165
101156
101144
101134
101122
101113
101103
101095
101086
101078
101069
101060
101049
101038
101025
101012
100998
100985
100972
100961
100950
100940
100930
100920
100909
100897
100882
100867
100848
100829
100806
100785
100760
100737
100710
100687
100659
100635
100605
100578
100543
100511
100470
100430
100380
100330
100274
100213
100153
101428
101418
101414
101406
101404
101396
101394
101386
101383
101374
101370
101360
101356
101347
101344
101336
101332
101324
101319
101310
101304
101295
101289
101279
101274
101265
101260
101252
101247
101237
101231
101220
101212
101202
101194
101184
101178
101170
101163
101155
101147
101137
101127
101116
101105
101094
101085
101074
101066
101057
101050
101041
101032
101021
101010
100997
100984
100970
100957
100944
100933
100921
100912
100901
100892
100880
100869
100854
100839
100820
100801
100778
100756
100731
100708
100682
100659
100631
100607
100576
100550
100515
100483
100442
100401
100352
100302
100246
100186
100125
101454
101445
101443
101434
101432
101424
101422
101414
101411
101402
101398
101388
101384
101376
101372
101364
101361
101352
101348
101338
101333
101323
101317
101308
101302
101294
101289
101280
101275
101266
101259
101249
101241
101230
101222
101213
101206
101198
101192
101183
101176
101165
101156
101144
101134
101122
101113
101103
101095
101086
101078
101069
101060
101049
101038
101025
101012
100998
100985
100972
100961
100950
100940
100930
100920
100909
100897
100882
100867
100848
100829
100806
100785
100759
100737
100710
100687
100659
100635
100605
100578
100543
100511
100470
100430
100380
100330
100274
100213
100153
101427
101418
101414
101405
101403
101395
101394
101385
101383
101373
101369
101360
101356
101347
101344
101335
101332
101323
101319
101310
101304
101294
101289
101279
101274
101265
101260
101252
101246
101237
101230
101220
101212
101201
101194
101184
101178
101169
101163
101154
101147
101136
101127
101115
101105
101094
101084
101074
101066
101057
101050
101040
101032
101021
101010
100996
100984
100969
100957
100944
100933
100921
100912
100901
100892
100880
100868
100854
100839
100820
100801
100778
100756
100731
100708
100682
100658
100631
100607
100576
100550
100515
100483
100441
100401
100352
100302
100245
100185
100125
101455
101446
101443
101434
101432
101424
101423
101414
101412
101402
101398
101389
101385
101376
101373
101364
101361
101352
101348
101339
101333
101323
101317
101308
101303
101294
101289
101281
101275
101266
101259
101249
101241
101230
101223
101213
101207
101198
101192
101183
101176
101165
101156
101144
101134
101123
101113
101103
101095
101086
101078
101069
101061
101050
101039
101025
101012
100998
100986
100973
100961
100950
100940
100930
100920
100909
100897
100883
100867
100848
100829
100807
100785
100760
100737
100710
100687
100659
100635
100605
100578
100543
100512
100470
100430
100380
100330
100274
100213
100153
101426
101416
101413
101405
101402
101394
101393
101385
101382
101372
101368
101359
101355
101346
101343
101334
101331
101323
101318
101309
101303
101293
101288
101278
101273
101264
101259
101251
101245
101236
101229
101219
101211
101200
101193
101183
101177
101168
101162
101153
101146
101136
101126
101114
101104
101093
101083
101073
101065
101056
101049
101039
101031
101020
101009
100995
100983
100969
100956
100943
100932
100920
100911
100900
100891
100879
100868
100853
100838
100819
100800
100777
100755
100730
100707
100681
100658
100630
100606
100575
100549
100514
100482
100441
100400
100351
100301
100244
100184
100124
101433
101425
101421
101414
101411
101404
101402
101395
101392
101384
101380
101371
101366
101358
101355
101347
101344
101335
101331
101322
101316
101307
101301
101292
101286
101278
101273
101265
101259
101250
101243
101233
101225
101214
101207
101197
101191
101183
101176
101168
101160
101150
101140
101129
101119
101107
101098
101087
101079
101070
101063
101054
101045
101034
101023
101010
100997
100983
100970
100957
100946
100935
100925
100915
100905
100894
100882
100867
100852
100833
100814
100791
100769
100744
100721
100695
100672
100644
100620
100589
100563
100528
100496
100454
100414
100365
100314
100258
100198
100137
101433
101425
101421
101414
101411
101405
101403
101395
101392
101384
101380
101371
101367
101358
101355
101347
101344
101336
101331
101322
101317
101307
101301
101292
101287
101278
101273
101265
101259
101250
101244
101233
101225
101215
101207
101198
101191
101183
101177
101168
101160
101150
101141
101129
101119
101107
101098
101088
101080
101071
101063
101054
101045
101034
101023
101010
100997
100983
100970
100957
100946
100935
100925
100915
100905
100894
100882
100867
100852
100833
100814
100792
100770
100745
100722
100695
100672
100644
100620
100589
100563
100528
100496
100455
100414
100365
100315
100258
100198
100138
101432
101425
101421
101414
101411
101404
101402
101395
101392
101383
101379
101370
101366
101358
101355
101347
101343
101335
101331
101322
101316
101307
101301
101292
101286
101278
101273
101264
101259
101250
101243
101233
101225
101214
101207
101197
101191
101182
101176
101168
101160
101150
101140
101128
101118
101107
101098
101087
101079
101070
101063
101054
101045
101034
101023
101010
100997
100983
100970
100957
100946
100934
100925
100914
100905
100893
100882
100867
100852
100833
100814
100791
100769
100744
100721
100695
100671
100644
100619
100589
100563
100528
100496
100454
100414
100364
100314
100258
100198
100137
101433
101425
101421
101414
101411
101405
101403
101395
101392
101384
101380
101371
101367
101358
101355
101347
101344
101336
101331
101322
101317
101307
101301
101292
101287
101278
101273
101265
101260
101250
101244
101233
101225
101215
101207
101198
101191
101183
101177
101168
101161
101150
101141
101129
101119
101107
101098
101088
101080
101071
101063
101054
101046
101034
101023
101010
100997
100983
100971
100957
100946
100935
100925
100915
100905
100894
100882
100868
100852
100833
100814
100792
100770
100745
100722
100695
100672
100644
100620
100590
100563
100528
100496
100455
100414
100365
100315
100258
100198
100138
101432
101425
101421
101414
101411
101404
101402
101395
101392
101383
101379
101370
101366
101358
101355
101347
101343
101335
101331
101322
101316
101307
101301
101291
101286
101278
101273
101264
101259
101250
101243
101233
101225
101214
101207
101197
101191
101182
101176
101167
101160
101150
101140
101128
101118
101107
101097
101087
101079
101070
101063
101054
101045
101034
101023
101010
100997
100983
100970
100957
100946
100934
100925
100914
100905
100893
100882
100867
100852
100833
100814
100791
100769
100744
100721
100695
100671
100643
100619
100589
100562
100528
100496
100454
100414
100364
100314
100258
100198
100137
101433
101425
101421
101414
101411
101405
101403
101395
101392
101384
101380
101371
101367
101358
101355
101347
101344
101336
101331
101322
101317
101307
101301
101292
101287
101278
101273
101265
101260
101250
101244
101233
101225
101215
101207
101198
101191
101183
101177
101168
101161
101150
101141
101129
101119
101107
101098
101088
101080
101071
101063
101054
101046
101034
101023
101010
100997
100983
100971
100957
100946
100935
100925
100915
100905
100894
100882
100868
100852
100833
100814
100792
100770
100745
100722
100695
100672
100644
100620
100590
100563
100528
100496
100455
100414
100365
100315
100258
100198
100138
101432
101425
101421
101414
101411
101404
101402
101395
101392
101383
101379
101370
101366
101358
101355
101347
101343
101335
101331
101322
101316
101307
101301
101292
101286
101278
101273
101264
101259
101250
101243
101233
101225
101214
101207
101197
101191
101182
101176
101167
101160
101150
101140
101128
101118
101107
101098
101087
101079
101070
101063
101054
101045
101034
101023
101010
100997
100983
100970
100957
100946
100934
100925
100914
100905
100893
100882
100867
100852
100833
100814
100791
100769
100744
100721
100695
100671
100644
100619
100589
100563
100528
100496
100454
100414
100364
100314
100258
100198
100137
101433
101425
101421
101414
101411
101405
101403
101395
101392
101384
101380
101371
101367
101358
101355
101347
101344
101336
101331
101322
101317
101307
101301
101292
101287
101278
101273
101265
101259
101250
101244
101233
101225
101215
101207
101198
101191
101183
101177
101168
101160
101150
101141
101129
101119
101107
101098
101088
101080
101071
101063
101054
101045
101034
101023
101010
100997
100983
100970
100957
100946
100935
100925
100915
100905
100894
100882
100867
100852
100833
100814
100792
100770
100745
100722
100695
100672
100644
100620
100589
100563
100528
100496
100455
100414
100365
100315
100258
100198
100138
101433
101425
101421
101414
101411
101404
101402
101395
101392
101384
101379
101370
101366
101358
101355
101347
101344
101335
101331
101322
101316
101307
101301
101292
101286
101278
101273
101265
101259
101250
101243
101233
101225
101214
101207
101197
101191
101182
101176
101168
101160
101150
101140
101129
101118
101107
101098
101087
101079
101070
101063
101054
101045
101034
101023
101010
100997
100983
100970
100957
100946
100934
100925
100915
100905
100894
100882
100867
100852
100833
100814
100791
100769
100744
100721
100695
100672
100644
100620
100589
100563
100528
100496
100454
100414
100365
100314
100258
100198
100137
101426
101416
101413
101404
101402
101394
101393
101384
101382
101372
101368
101359
101355
101346
101343
101334
101331
101322
101318
101309
101303
101293
101288
101278
101273
101264
101259
101251
101245
101236
101229
101219
101211
101200
101193
101183
101177
101168
101162
101153
101146
101135
101126
101114
101104
101093
101083
101073
101065
101056
101049
101039
101031
101020
101009
100995
100983
100968
100956
100943
100932
100920
100911
100900
100891
100879
100868
100853
100838
100819
100800
100777
100755
100730
100707
100681
100658
100630
100606
100575
100549
100514
100482
100440
100400
100351
100301
100244
100184
100124
101455
101446
101443
101435
101432
101425
101423
101415
101412
101402
101399
101389
101385
101376
101373
101364
101361
101353
101348
101339
101333
101323
101318
101308
101303
101294
101289
101281
101275
101266
101259
101249
101241
101230
101223
101213
101207
101198
101192
101184
101176
101166
101156
101144
101134
101123
101113
101103
101095
101086
101079
101069
101061
101050
101039
101025
101013
100998
100986
100973
100962
100950
100941
100930
100921
100909
100897
100883
100867
100849
100830
100807
100785
100760
100737
100711
100687
100659
100635
100605
100579
100544
100512
100470
100430
100381
100330
100274
100214
100153
101427
101418
101414
101405
101403
101395
101394
101385
101383
101373
101369
101360
101356
101347
101344
101335
101332
101323
101319
101310
101304
101294
101288
101279
101274
101265
101260
101252
101246
101237
101230
101220
101212
101201
101194
101184
101178
101169
101163
101154
101147
101136
101127
101115
101105
101094
101084
101074
101066
101057
101050
101040
101032
101021
101010
100996
100984
100969
100957
100944
100933
100921
100912
100901
100892
100880
100868
100854
100838
100820
100801
100778
100756
100731
100708
100682
100658
100631
100606
100576
100550
100515
100483
100441
100401
100352
100302
100245
100185
100125
101454
101445
101443
101434
101432
101424
101422
101414
101411
101402
101398
101388
101384
101376
101372
101364
101361
101352
101348
101338
101333
101323
101317
101308
101302
101294
101289
101280
101275
101266
101259
101249
101241
101230
101222
101213
101206
101198
101192
101183
101176
101165
101156
101144
101134
101122
101113
101103
101095
101086
101078
101069
101060
101049
101038
101025
101012
100998
100985
100972
100961
100950
100940
100930
100920
100909
100897
100882
100867
100848
100829
100806
100785
100760
100737
100710
100687
100659
100635
100605
100578
100543
100511
100470
100430
100380
100330
100274
100213
100153
101428
101418
101414
101406
101404
101396
101394
101386
101383
101374
101370
101360
101356
101347
101344
101336
101332
101324
101319
101310
101304
101295
101289
101279
101274
101265
101260
101252
101247
101237
101231
101220
101212
101202
101194
101184
101178
101170
101163
101155
101147
101137
101127
101116
101105
101094
101085
101074
101066
101057
101050
101041
101032
101021
101010
100997
100984
100970
100957
100944
100933
100921
100912
100901
100892
100880
100869
100854
100839
100820
100801
100778
100756
100731
100708
100682
100659
100631
100607
100576
100550
100515
100483
100442
100401
100352
100302
100246
100186
100125
101454
101445
101443
101434
101432
101424
101422
101414
101411
101402
101398
101388
101384
101376
101372
101364
101361
101352
101348
101338
101333
101323
101317
101308
101302
101294
101289
101280
101275
101266
101259
101249
101241
101230
101222
101213
101206
101198
101192
101183
101176
101165
101156
101144
101134
101122
101113
101103
101095
101086
101078
101069
101060
101049
101038
101025
101012
100998
100985
100972
100961
100950
100940
100930
100920
100909
100897
100882
100867
100848
100829
100806
100785
100759
100737
100710
100687
100659
100635
100605
100578
100543
100511
100470
100430
100380
100330
100274
100213
100153
101427
101418
101414
101405
101403
101395
101394
101385
101383
101373
101369
101360
101356
101347
101344
101335
101332
101323
101319
101310
101304
101294
101289
101279
101274
101265
101260
101252
101246
101237
101230
101220
101212
101201
101194
101184
101178
101169
101163
101154
101147
101136
101127
101115
101105
101094
101084
101074
101066
101057
101050
101040
101032
101021
101010
100996
100984
100969
100957
100944
100933
100921
100912
100901
100892
100880
100868
100854
100839
100820
100801
100778
100756
100731
100708
100682
100658
100631
100607
100576
100550
100515
100483
100441
100401
100352
100302
100245
100185
100125
101455
101446
101443
101434
101432
101424
101423
101414
101412
101402
101398
101389
101385
101376
101373
101364
101361
101352
101348
101339
101333
101323
101317
101308
101303
101294
101289
101281
101275
101266
101259
101249
101241
101230
101223
101213
101207
101198
101192
101183
101176
101165
101156
101144
101134
101123
101113
101103
101095
101086
101078
101069
101061
101050
101039
101025
101012
100998
100986
100973
100961
100950
100940
100930
100920
100909
100897
100883
100867
100848
100829
100807
100785
100760
100737
100710
100687
100659
100635
100605
100578
100543
100512
100470
100430
100380
100330
100274
100213
100153
101426
101416
101413
101405
101402
101394
101393
101385
101382
101372
101368
101359
101355
101346
101343
101334
101331
101323
101318
101309
101303
101293
101288
101278
101273
101264
101259
101251
101245
101236
101229
101219
101211
101200
101193
101183
101177
101168
101162
101153
101146
101136
101126
101114
101104
101093
101083
101073
101065
101056
101049
101039
101031
101020
101009
100995
100983
100969
100956
100943
100932
100920
100911
100900
100891
100879
100868
100853
100838
100819
100800
100777
100755
100730
100707
100681
100658
100630
100606
100575
100549
100514
100482
100441
100400
100351
100301
100244
100184
100124
101472
101457
101456
101443
101442
101431
101430
101420
101418
101407
101403
101392
101388
101379
101375
101367
101363
101354
101350
101340
101334
101324
101319
101309
101303
101295
101290
101281
101276
101267
101260
101249
101241
101231
101223
101213
101207
101198
101192
101183
101176
101165
101156
101144
101134
101123
101113
101103
101095
101086
101078
101069
101061
101049
101038
101025
101012
100998
100986
100972
100961
100950
100940
100930
100920
100909
100897
100882
100867
100848
100829
100807
100785
100760
100737
100710
100687
100659
100636
100605
100579
100544
100512
100471
100431
100381
100332
100275
100216
100155
101440
101424
101423
101410
101409
101398
101397
101386
101384
101373
101369
101358
101355
101345
101342
101333
101329
101320
101316
101306
101301
101291
101285
101275
101270
101261
101256
101247
101242
101233
101226
101215
101207
101197
101189
101180
101173
101165
101159
101150
101142
101132
101122
101110
101100
101089
101080
101069
101061
101052
101045
101036
101027
101016
101005
100991
100979
100965
100952
100939
100928
100916
100907
100896
100887
100875
100863
100849
100833
100815
100796
100773
100751
100726
100703
100677
100654
100626
100602
100572
100545
100510
100479
100437
100397
100348
100298
100242
100183
100122
101466
101451
101450
101437
101437
101426
101425
101414
101412
101401
101397
101386
101382
101373
101369
101361
101357
101348
101344
101334
101328
101318
101313
101303
101298
101289
101284
101275
101270
101261
101254
101243
101235
101225
101217
101207
101201
101192
101186
101177
101170
101159
101150
101138
101128
101117
101107
101097
101089
101080
101072
101063
101055
101043
101032
101019
101006
100992
100980
100966
100955
100944
100934
100924
100914
100903
100891
100876
100861
100842
100823
100801
100779
100754
100731
100704
100681
100653
100630
100599
100573
100538
100506
100465
100425
100375
100326
100269
100210
100149
101439
101424
101422
101409
101408
101397
101396
101386
101383
101372
101369
101358
101354
101344
101341
101332
101329
101320
101315
101306
101300
101290
101284
101275
101269
101260
101255
101247
101241
101232
101225
101215
101207
101196
101189
101179
101173
101164
101158
101149
101142
101131
101122
101110
101100
101088
101079
101069
101061
101052
101044
101035
101026
101015
101004
100991
100978
100964
100951
100938
100927
100916
100906
100896
100886
100875
100863
100848
100833
100814
100795
100772
100751
100726
100703
100676
100653
100625
100601
100571
100545
100510
100478
100437
100397
100347
100298
100241
100182
100122
101465
101451
101450
101437
101436
101425
101424
101414
101411
101400
101397
101386
101382
101372
101369
101360
101357
101348
101343
101334
101328
101318
101312
101303
101297
101288
101283
101275
101269
101260
101253
101243
101235
101224
101217
101207
101201
101192
101186
101177
101170
101159
101150
101138
101128
101116
101107
101097
101089
101080
101072
101063
101054
101043
101032
101019
101006
100992
100979
100966
100955
100944
100934
100924
100914
100902
100891
100876
100861
100842
100823
100800
100779
100753
100731
100704
100681
100653
100629
100599
100572
100538
100506
100464
100424
100375
100325
100269
100209
100149
101439
101424
101422
101409
101408
101397
101396
101386
101383
101372
101369
101358
101354
101344
101341
101332
101329
101320
101316
101306
101300
101290
101284
101275
101269
101260
101255
101247
101242
101232
101225
101215
101207
101196
101189
101179
101173
101164
101158
101149
101142
101131
101122
101110
101100
101088
101079
101069
101061
101052
101044
101035
101026
101015
101004
100991
100978
100964
100951
100938
100927
100916
100906
100896
100886
100875
100863
100848
100833
100814
100795
100772
100751
100726
100703
100676
100653
100625
100601
100571
100545
100510
100478
100437
100397
100347
100298
100241
100182
100122
101466
101451
101450
101437
101436
101425
101424
101414
101412
101401
101397
101386
101382
101373
101369
101361
101357
101348
101344
101334
101328
101318
101312
101303
101297
101289
101284
101275
101270
101260
101254
101243
101235
101224
101217
101207
101201
101192
101186
101177
101170
101159
101150
101138
101128
101116
101107
101097
101089
101080
101072
101063
101055
101043
101032
101019
101006
100992
100979
100966
100955
100944
100934
100924
100914
100903
100891
100876
100861
100842
100823
100801
100779
100754
100731
100704
100681
100653
100629
100599
100573
100538
100506
100465
100425
100375
100326
100269
100209
100149
101440
101424
101423
101410
101409
101398
101397
101386
101384
101373
101369
101358
101355
101345
101342
101333
101329
101320
101316
101306
101301
101291
101285
101275
101270
101261
101256
101247
101242
101233
101226
101216
101208
101197
101189
101180
101173
101165
101159
101150
101142
101132
101122
101111
101100
101089
101080
101069
101061
101052
101045
101036
101027
101016
101005
100991
100979
100965
100952
100939
100928
100916
100907
100896
100887
100875
100864
100849
100834
100815
100796
100773
100751
100726
100703
100677
100654
100626
100602
100572
100545
100511
100479
100437
100397
100348
100298
100242
100183
100122
101472
101457
101456
101443
101442
101431
101430
101420
101417
101406
101403
101392
101388
101378
101375
101366
101363
101354
101350
101340
101334
101324
101318
101309
101303
101294
101289
101281
101276
101266
101259
101249
101241
101230
101223
101213
101207
101198
101192
101183
101176
101165
101156
101144
101134
101122
101113
101103
101095
101086
101078
101069
101060
101049
101038
101025
101012
100998
100985
100972
100961
100950
100940
100930
100920
100909
100897
100882
100867
100848
100829
100806
100785
100760
100737
100710
100687
100659
100635
100605
100579
100544
100512
100471
100431
100381
100331
100275
100215
100155
)
;

boundaryField
{
    upperWall
    {
        type            zeroGradient;
    }
    lowerWall
    {
        type            zeroGradient;
    }
    heatedWall
    {
        type            zeroGradient;
    }
    inlet
    {
        type            zeroGradient;
    }
    outlet
    {
        type            waveTransmissive;
        gamma           1.3;
        fieldInf        100000;
        lInf            0.3;
        value           nonuniform List<scalar> 
45
(
100117
100092
100112
100092
100112
100092
100112
100092
100117
100093
100115
100094
100115
100094
100115
100094
100115
100093
100103
100103
100103
100103
100103
100103
100103
100103
100103
100093
100115
100094
100115
100094
100115
100094
100115
100093
100117
100092
100112
100092
100112
100092
100112
100092
100117
)
;
    }
    frontAndBack
    {
        type            empty;
    }
}


// ************************************************************************* //
