/*--------------------------------*- C++ -*----------------------------------*\
  =========                 |
  \\      /  F ield         | OpenFOAM: The Open Source CFD Toolbox
   \\    /   O peration     | Website:  https://openfoam.org
    \\  /    A nd           | Version:  7
     \\/     M anipulation  |
\*---------------------------------------------------------------------------*/
FoamFile
{
    version     2.0;
    format      ascii;
    class       volScalarField;
    location    "0.0375";
    object      p_0;
}
// * * * * * * * * * * * * * * * * * * * * * * * * * * * * * * * * * * * * * //

dimensions      [1 -1 -2 0 0 0 0];

internalField   nonuniform List<scalar> 
1440
(
100375
100374
100373
100372
100371
100369
100367
100366
100364
100362
100360
100358
100356
100355
100353
100351
100349
100347
100345
100343
100341
100340
100338
100337
100336
100334
100333
100331
100329
100328
100326
100325
100324
100323
100323
100322
100321
100319
100318
100317
100315
100314
100312
100311
100310
100308
100307
100305
100304
100302
100301
100299
100298
100296
100295
100293
100292
100290
100288
100287
100285
100284
100282
100281
100279
100278
100276
100274
100273
100271
100269
100267
100265
100263
100261
100259
100256
100254
100252
100250
100248
100245
100243
100241
100239
100237
100235
100233
100231
100229
100227
100225
100222
100220
100218
100216
100213
100211
100209
100206
100204
100201
100199
100197
100194
100192
100189
100187
100184
100182
100179
100177
100174
100172
100169
100166
100164
100161
100159
100156
100372
100372
100372
100371
100370
100368
100367
100365
100363
100362
100360
100358
100356
100354
100353
100351
100349
100347
100345
100343
100342
100340
100338
100337
100335
100334
100332
100331
100329
100328
100327
100325
100324
100323
100322
100321
100320
100319
100318
100317
100315
100314
100313
100311
100310
100308
100307
100305
100304
100302
100301
100299
100297
100296
100294
100293
100291
100289
100288
100287
100285
100284
100282
100280
100279
100278
100276
100275
100273
100271
100269
100267
100265
100263
100261
100259
100256
100254
100252
100249
100247
100245
100243
100241
100239
100237
100235
100233
100231
100229
100227
100224
100222
100220
100218
100215
100213
100211
100208
100206
100204
100201
100199
100196
100194
100191
100189
100186
100184
100181
100179
100176
100174
100171
100169
100166
100164
100161
100158
100155
100372
100372
100371
100370
100369
100368
100366
100365
100363
100362
100360
100358
100356
100355
100353
100351
100349
100348
100346
100344
100342
100340
100339
100337
100336
100334
100332
100331
100329
100328
100326
100325
100324
100323
100322
100321
100320
100318
100317
100316
100315
100314
100313
100311
100310
100309
100307
100306
100304
100302
100301
100299
100297
100296
100294
100292
100290
100288
100287
100285
100284
100282
100281
100279
100278
100277
100276
100275
100273
100272
100270
100268
100266
100264
100262
100260
100257
100255
100252
100248
100246
100243
100241
100239
100237
100235
100234
100232
100230
100228
100226
100224
100222
100220
100217
100215
100213
100210
100208
100206
100203
100201
100198
100196
100194
100191
100189
100186
100184
100181
100179
100176
100174
100171
100168
100166
100163
100161
100158
100155
100371
100371
100370
100369
100368
100367
100366
100365
100363
100362
100360
100358
100357
100355
100353
100351
100349
100348
100346
100344
100342
100341
100339
100337
100336
100334
100332
100331
100329
100328
100327
100325
100324
100323
100322
100320
100319
100318
100317
100316
100315
100314
100313
100312
100310
100309
100308
100306
100304
100303
100301
100299
100297
100295
100294
100291
100289
100287
100286
100284
100283
100281
100280
100278
100277
100276
100275
100274
100273
100272
100270
100269
100267
100265
100263
100261
100258
100255
100252
100248
100245
100242
100240
100238
100236
100234
100233
100232
100230
100228
100226
100224
100222
100219
100217
100215
100212
100210
100208
100205
100203
100200
100198
100196
100193
100191
100188
100186
100183
100181
100178
100176
100173
100171
100168
100165
100163
100160
100158
100155
100371
100370
100370
100369
100368
100367
100366
100364
100363
100361
100360
100358
100357
100355
100353
100351
100350
100348
100346
100344
100343
100341
100339
100337
100336
100334
100333
100331
100329
100328
100327
100325
100324
100323
100321
100320
100319
100318
100317
100316
100315
100314
100313
100312
100310
100309
100308
100306
100304
100303
100301
100299
100297
100295
100293
100291
100289
100287
100285
100284
100283
100281
100279
100278
100277
100276
100275
100275
100274
100272
100271
100269
100267
100266
100264
100262
100259
100255
100252
100248
100244
100241
100239
100237
100235
100234
100233
100231
100230
100228
100226
100224
100222
100219
100217
100215
100212
100210
100208
100205
100203
100200
100198
100196
100193
100191
100188
100186
100183
100181
100178
100176
100173
100170
100168
100165
100163
100160
100157
100155
100370
100370
100370
100369
100368
100367
100366
100364
100363
100361
100360
100358
100357
100355
100353
100351
100350
100348
100346
100344
100343
100341
100339
100338
100336
100334
100333
100331
100329
100328
100327
100325
100324
100323
100321
100320
100319
100318
100317
100316
100315
100314
100313
100312
100310
100309
100308
100306
100304
100303
100301
100299
100297
100295
100293
100291
100289
100287
100285
100284
100282
100281
100279
100278
100276
100276
100275
100275
100274
100272
100271
100269
100268
100266
100264
100262
100259
100255
100251
100248
100244
100241
100238
100237
100235
100234
100233
100231
100230
100228
100226
100224
100222
100219
100217
100215
100212
100210
100207
100205
100203
100200
100198
100195
100193
100191
100188
100186
100183
100181
100178
100176
100173
100170
100168
100165
100163
100160
100157
100155
100370
100370
100370
100369
100368
100367
100366
100364
100363
100361
100360
100358
100357
100355
100353
100351
100350
100348
100346
100344
100343
100341
100339
100338
100336
100334
100333
100331
100329
100328
100327
100325
100324
100323
100321
100320
100319
100318
100317
100316
100315
100314
100313
100312
100310
100309
100308
100306
100304
100303
100301
100299
100297
100295
100293
100291
100289
100287
100285
100284
100282
100281
100279
100278
100276
100276
100275
100275
100274
100272
100271
100269
100268
100266
100264
100262
100259
100255
100251
100247
100244
100241
100238
100237
100235
100234
100233
100231
100230
100228
100226
100224
100221
100219
100217
100214
100212
100210
100207
100205
100203
100200
100198
100195
100193
100191
100188
100186
100183
100181
100178
100175
100173
100170
100168
100165
100163
100160
100157
100155
100371
100370
100370
100369
100368
100367
100366
100364
100363
100361
100360
100358
100357
100355
100353
100351
100350
100348
100346
100344
100343
100341
100339
100337
100336
100334
100333
100331
100329
100328
100327
100325
100324
100323
100321
100320
100319
100318
100317
100316
100315
100314
100313
100312
100310
100309
100308
100306
100304
100302
100301
100299
100297
100295
100293
100291
100289
100287
100285
100284
100282
100281
100279
100278
100276
100276
100275
100274
100274
100272
100271
100269
100267
100266
100264
100261
100259
100255
100251
100248
100244
100241
100239
100237
100235
100234
100233
100231
100230
100228
100226
100224
100221
100219
100217
100214
100212
100210
100207
100205
100203
100200
100198
100195
100193
100191
100188
100186
100183
100181
100178
100175
100173
100170
100168
100165
100163
100160
100157
100155
100371
100371
100370
100369
100368
100367
100366
100365
100363
100361
100360
100358
100356
100355
100353
100351
100349
100348
100346
100344
100342
100341
100339
100337
100336
100334
100332
100331
100329
100328
100327
100325
100324
100323
100321
100320
100319
100318
100317
100316
100315
100314
100313
100311
100310
100309
100307
100306
100304
100302
100300
100299
100297
100295
100293
100291
100289
100287
100286
100284
100283
100281
100280
100278
100277
100276
100275
100274
100273
100272
100270
100269
100267
100265
100263
100261
100258
100255
100251
100248
100245
100242
100239
100237
100236
100234
100233
100231
100230
100228
100226
100224
100221
100219
100217
100214
100212
100210
100207
100205
100203
100200
100198
100195
100193
100190
100188
100186
100183
100181
100178
100175
100173
100170
100168
100165
100162
100160
100157
100155
100372
100372
100371
100370
100369
100368
100366
100365
100363
100362
100360
100358
100356
100355
100353
100351
100349
100348
100346
100344
100342
100340
100339
100337
100336
100334
100332
100331
100329
100328
100326
100325
100324
100323
100321
100320
100319
100318
100317
100316
100315
100314
100312
100311
100310
100308
100307
100305
100304
100302
100300
100298
100297
100295
100293
100291
100289
100288
100286
100285
100283
100282
100280
100279
100277
100276
100275
100274
100273
100271
100269
100268
100266
100264
100262
100260
100257
100254
100251
100248
100245
100242
100240
100238
100237
100235
100233
100232
100230
100228
100226
100224
100221
100219
100217
100214
100212
100210
100207
100205
100203
100200
100198
100195
100193
100190
100188
100186
100183
100180
100178
100175
100173
100170
100168
100165
100162
100160
100157
100155
100372
100372
100372
100371
100370
100368
100367
100365
100363
100362
100360
100358
100356
100354
100352
100351
100349
100347
100345
100343
100342
100340
100338
100337
100335
100334
100332
100331
100329
100328
100327
100325
100324
100323
100322
100321
100319
100318
100317
100316
100315
100313
100312
100311
100309
100308
100306
100305
100303
100301
100300
100298
100297
100295
100293
100292
100290
100289
100287
100286
100284
100283
100281
100280
100278
100277
100275
100274
100272
100270
100268
100266
100264
100262
100260
100258
100255
100253
100251
100248
100246
100244
100242
100240
100238
100236
100234
100232
100230
100228
100226
100224
100221
100219
100217
100214
100212
100210
100207
100205
100203
100200
100198
100195
100193
100190
100188
100186
100183
100180
100178
100175
100173
100170
100168
100165
100162
100160
100157
100154
100375
100374
100373
100372
100371
100369
100367
100365
100364
100362
100360
100358
100356
100354
100352
100350
100349
100347
100345
100343
100341
100340
100338
100337
100335
100334
100332
100331
100329
100328
100327
100325
100324
100323
100322
100321
100319
100318
100317
100316
100314
100313
100312
100310
100309
100308
100306
100305
100303
100301
100300
100298
100297
100295
100294
100292
100291
100289
100288
100286
100285
100283
100281
100280
100278
100277
100275
100273
100271
100270
100268
100266
100264
100262
100259
100257
100255
100253
100251
100249
100246
100244
100242
100240
100238
100236
100234
100232
100230
100228
100226
100223
100221
100219
100217
100214
100212
100210
100207
100205
100203
100200
100198
100195
100193
100190
100188
100185
100183
100180
100178
100175
100173
100170
100168
100165
100162
100160
100157
100154
)
;

boundaryField
{
    upperWall
    {
        type            zeroGradient;
    }
    lowerWall
    {
        type            zeroGradient;
    }
    inlet
    {
        type            zeroGradient;
    }
    outlet
    {
        type            waveTransmissive;
        gamma           1.3;
        fieldInf        100000;
        lInf            0.3;
        value           nonuniform List<scalar> 
12
(
100154
100154
100154
100153
100153
100153
100153
100153
100153
100153
100153
100153
)
;
    }
    frontAndBack
    {
        type            empty;
    }
}


// ************************************************************************* //
