/*--------------------------------*- C++ -*----------------------------------*\
  =========                 |
  \\      /  F ield         | OpenFOAM: The Open Source CFD Toolbox
   \\    /   O peration     | Website:  https://openfoam.org
    \\  /    A nd           | Version:  7
     \\/     M anipulation  |
\*---------------------------------------------------------------------------*/
FoamFile
{
    version     2.0;
    format      ascii;
    class       volScalarField;
    location    "1.8125";
    object      pMean;
}
// * * * * * * * * * * * * * * * * * * * * * * * * * * * * * * * * * * * * * //

dimensions      [1 -1 -2 0 0 0 0];

internalField   nonuniform List<scalar> 
4950
(
100621
100607
100612
100604
100608
100601
100604
100598
100601
100596
100599
100594
100596
100592
100593
100590
100591
100588
100589
100586
100607
100596
100601
100592
100596
100589
100593
100586
100589
100584
100587
100582
100584
100580
100581
100578
100579
100576
100576
100573
100616
100606
100611
100602
100606
100599
100602
100596
100599
100594
100596
100592
100594
100590
100591
100588
100589
100586
100587
100584
100605
100596
100600
100592
100596
100589
100593
100586
100589
100584
100586
100582
100584
100580
100581
100578
100579
100576
100576
100573
100615
100606
100611
100602
100606
100599
100602
100596
100599
100594
100596
100592
100594
100590
100591
100588
100589
100586
100587
100584
100605
100596
100600
100592
100596
100589
100593
100586
100589
100584
100586
100582
100584
100580
100581
100578
100579
100576
100576
100573
100616
100606
100611
100602
100606
100599
100602
100596
100599
100594
100596
100592
100594
100590
100591
100588
100589
100586
100587
100584
100607
100596
100601
100592
100596
100589
100593
100586
100589
100584
100587
100582
100584
100580
100581
100578
100579
100576
100576
100573
100621
100607
100612
100604
100608
100601
100604
100598
100601
100596
100599
100594
100596
100592
100593
100590
100591
100588
100589
100586
100590
100591
100586
100587
100583
100583
100580
100581
100578
100579
100577
100577
100575
100575
100573
100573
100572
100571
100570
100570
100599
100601
100596
100597
100593
100594
100591
100591
100589
100589
100587
100587
100585
100585
100584
100583
100582
100582
100581
100581
100590
100591
100586
100587
100583
100584
100581
100581
100579
100579
100577
100577
100575
100575
100574
100573
100572
100571
100570
100570
100598
100601
100596
100597
100593
100594
100591
100591
100589
100589
100587
100587
100585
100585
100584
100583
100582
100582
100581
100581
100589
100591
100586
100587
100583
100584
100581
100581
100579
100579
100577
100577
100575
100575
100574
100573
100572
100571
100570
100570
100598
100601
100596
100597
100593
100594
100591
100591
100589
100589
100587
100587
100585
100585
100584
100583
100582
100582
100581
100581
100590
100591
100586
100587
100583
100584
100581
100581
100579
100579
100577
100577
100575
100575
100574
100573
100572
100571
100570
100570
100599
100601
100596
100597
100593
100594
100591
100591
100589
100589
100587
100587
100585
100585
100584
100583
100582
100582
100581
100581
100590
100591
100586
100587
100583
100583
100580
100581
100578
100579
100577
100577
100575
100575
100573
100573
100572
100571
100570
100570
100582
100580
100580
100578
100577
100576
100575
100574
100573
100572
100571
100571
100569
100569
100568
100567
100566
100566
100564
100564
100582
100580
100580
100578
100577
100576
100575
100574
100573
100572
100571
100571
100569
100569
100568
100567
100566
100566
100565
100564
100581
100580
100580
100578
100577
100576
100575
100574
100573
100572
100571
100571
100569
100569
100568
100567
100566
100566
100564
100564
100581
100580
100580
100578
100577
100576
100575
100574
100573
100572
100571
100571
100569
100569
100568
100567
100566
100566
100565
100564
100581
100580
100580
100578
100577
100576
100575
100574
100573
100572
100571
100571
100569
100569
100568
100567
100566
100566
100564
100564
100581
100580
100580
100578
100577
100576
100575
100574
100573
100572
100571
100571
100569
100569
100568
100567
100566
100566
100565
100564
100581
100580
100580
100578
100577
100576
100575
100574
100573
100572
100571
100571
100569
100569
100568
100567
100566
100566
100564
100564
100582
100580
100580
100578
100577
100576
100575
100574
100573
100572
100571
100571
100569
100569
100568
100567
100566
100566
100565
100564
100582
100580
100580
100578
100577
100576
100575
100574
100573
100572
100571
100571
100569
100569
100568
100567
100566
100566
100564
100564
100590
100591
100586
100587
100583
100583
100580
100581
100578
100579
100577
100577
100575
100575
100573
100573
100572
100571
100570
100570
100599
100601
100596
100597
100593
100594
100591
100591
100589
100589
100587
100587
100585
100585
100584
100583
100582
100582
100581
100581
100590
100591
100586
100587
100583
100584
100581
100581
100579
100579
100577
100577
100575
100575
100574
100573
100572
100571
100570
100570
100598
100601
100596
100597
100593
100594
100591
100591
100589
100589
100587
100587
100585
100585
100584
100583
100582
100582
100581
100581
100589
100591
100586
100587
100583
100584
100581
100581
100579
100579
100577
100577
100575
100575
100574
100573
100572
100571
100570
100570
100598
100601
100596
100597
100593
100594
100591
100591
100589
100589
100587
100587
100585
100585
100584
100583
100582
100582
100581
100581
100590
100591
100586
100587
100583
100584
100581
100581
100579
100579
100577
100577
100575
100575
100574
100573
100572
100571
100570
100570
100599
100601
100596
100597
100593
100594
100591
100591
100589
100589
100587
100587
100585
100585
100584
100583
100582
100582
100581
100581
100590
100591
100586
100587
100583
100583
100580
100581
100578
100579
100577
100577
100575
100575
100573
100573
100572
100571
100570
100570
100621
100607
100612
100604
100608
100601
100604
100598
100601
100596
100599
100594
100596
100592
100593
100590
100591
100588
100589
100586
100607
100596
100601
100592
100596
100589
100593
100586
100589
100584
100587
100582
100584
100580
100581
100578
100579
100576
100576
100573
100616
100606
100611
100602
100606
100599
100602
100596
100599
100594
100596
100592
100594
100590
100591
100588
100589
100586
100587
100584
100605
100596
100600
100592
100596
100589
100593
100586
100589
100584
100586
100582
100584
100580
100581
100578
100579
100576
100576
100573
100615
100606
100611
100602
100606
100599
100602
100596
100599
100594
100596
100592
100594
100590
100591
100588
100589
100586
100587
100584
100605
100596
100600
100592
100596
100589
100593
100586
100589
100584
100586
100582
100584
100580
100581
100578
100579
100576
100576
100573
100616
100606
100611
100602
100606
100599
100602
100596
100599
100594
100596
100592
100594
100590
100591
100588
100589
100586
100587
100584
100607
100596
100601
100592
100596
100589
100593
100586
100589
100584
100587
100582
100584
100580
100581
100578
100579
100576
100576
100573
100621
100607
100612
100604
100608
100601
100604
100598
100601
100596
100599
100594
100596
100592
100593
100590
100591
100588
100589
100586
100602
100586
100587
100573
100572
100559
100558
100546
100544
100533
100531
100520
100518
100508
100505
100495
100492
100483
100479
100470
100466
100457
100454
100445
100441
100433
100428
100420
100416
100408
100403
100395
100390
100383
100378
100370
100365
100358
100353
100345
100340
100333
100328
100320
100315
100308
100302
100295
100290
100283
100277
100270
100265
100258
100252
100245
100239
100232
100227
100220
100214
100207
100201
100195
100189
100182
100176
100169
100163
100157
100151
100144
100138
100131
100125
100119
100113
100106
100100
100094
100087
100081
100075
100068
100062
100056
100050
100043
100037
100031
100570
100554
100554
100540
100539
100526
100525
100513
100511
100500
100497
100487
100484
100474
100471
100462
100458
100449
100446
100437
100433
100424
100420
100412
100407
100399
100395
100387
100382
100374
100370
100362
100357
100349
100344
100337
100332
100324
100319
100312
100307
100299
100294
100287
100282
100274
100269
100262
100256
100249
100244
100237
100231
100224
100219
100212
100206
100199
100193
100186
100181
100174
100168
100161
100155
100149
100143
100136
100130
100123
100117
100111
100105
100098
100092
100085
100079
100073
100067
100060
100054
100048
100041
100035
100029
100022
100016
100010
100004
99997.6
100596
100580
100581
100567
100566
100554
100552
100540
100538
100527
100525
100515
100512
100502
100499
100489
100486
100477
100473
100464
100460
100452
100448
100439
100435
100427
100422
100414
100410
100402
100397
100389
100385
100377
100372
100364
100359
100352
100347
100339
100334
100327
100322
100314
100309
100302
100296
100289
100284
100277
100271
100264
100259
100252
100246
100239
100233
100227
100221
100214
100208
100201
100195
100189
100183
100176
100170
100163
100157
100151
100145
100138
100132
100126
100119
100113
100107
100100
100094
100088
100081
100075
100069
100062
100056
100050
100044
100037
100031
100025
100570
100554
100553
100539
100538
100526
100524
100513
100511
100500
100497
100487
100484
100474
100471
100461
100458
100449
100445
100436
100432
100424
100420
100411
100407
100399
100394
100386
100382
100374
100369
100361
100357
100349
100344
100336
100331
100324
100319
100311
100306
100299
100294
100286
100281
100274
100269
100261
100256
100249
100243
100236
100231
100224
100218
100211
100205
100199
100193
100186
100180
100173
100168
100161
100155
100148
100142
100136
100130
100123
100117
100110
100104
100098
100092
100085
100079
100072
100066
100060
100054
100047
100041
100035
100028
100022
100016
100009
100004
99997.3
100595
100580
100581
100567
100566
100553
100552
100540
100538
100527
100525
100514
100512
100502
100499
100489
100486
100476
100473
100464
100460
100451
100447
100439
100435
100426
100422
100414
100409
100401
100397
100389
100384
100377
100372
100364
100359
100352
100347
100339
100334
100327
100321
100314
100309
100302
100296
100289
100284
100276
100271
100264
100258
100251
100246
100239
100233
100226
100220
100214
100208
100201
100195
100188
100183
100176
100170
100163
100157
100151
100145
100138
100132
100125
100119
100113
100107
100100
100094
100087
100081
100075
100069
100062
100056
100050
100043
100037
100031
100024
100570
100554
100553
100539
100538
100526
100524
100513
100511
100500
100497
100487
100484
100474
100471
100461
100458
100449
100445
100436
100432
100424
100420
100411
100407
100399
100394
100386
100382
100374
100369
100361
100357
100349
100344
100336
100332
100324
100319
100311
100306
100299
100294
100286
100281
100274
100269
100261
100256
100249
100243
100236
100231
100224
100218
100211
100206
100199
100193
100186
100180
100173
100168
100161
100155
100148
100142
100136
100130
100123
100117
100110
100104
100098
100092
100085
100079
100072
100066
100060
100054
100047
100041
100035
100028
100022
100016
100009
100004
99997.4
100596
100580
100581
100567
100566
100554
100552
100540
100538
100527
100525
100515
100512
100502
100499
100489
100486
100477
100473
100464
100460
100452
100448
100439
100435
100427
100422
100414
100410
100402
100397
100389
100384
100377
100372
100364
100359
100352
100347
100339
100334
100327
100322
100314
100309
100302
100296
100289
100284
100277
100271
100264
100259
100252
100246
100239
100233
100226
100221
100214
100208
100201
100195
100189
100183
100176
100170
100163
100157
100151
100145
100138
100132
100125
100119
100113
100107
100100
100094
100088
100081
100075
100069
100062
100056
100050
100044
100037
100031
100025
100570
100554
100554
100540
100539
100526
100525
100513
100511
100500
100498
100487
100484
100474
100471
100462
100459
100449
100446
100437
100433
100424
100420
100412
100408
100399
100395
100387
100382
100374
100370
100362
100357
100349
100345
100337
100332
100324
100319
100312
100307
100300
100294
100287
100282
100274
100269
100262
100257
100249
100244
100237
100231
100224
100219
100212
100206
100199
100193
100187
100181
100174
100168
100161
100155
100149
100143
100136
100130
100124
100117
100111
100105
100098
100092
100086
100079
100073
100067
100060
100054
100048
100042
100035
100029
100023
100016
100010
100004
99997.8
100602
100586
100587
100573
100572
100559
100558
100546
100544
100533
100531
100520
100517
100508
100504
100495
100492
100482
100479
100470
100466
100457
100453
100445
100441
100432
100428
100420
100415
100407
100403
100395
100390
100382
100378
100370
100365
100357
100352
100345
100340
100332
100327
100320
100315
100307
100302
100295
100289
100282
100277
100270
100264
100257
100252
100245
100239
100232
100226
100220
100214
100207
100201
100194
100188
100182
100176
100169
100163
100156
100150
100144
100138
100131
100125
100119
100112
100106
100100
100093
100087
100081
100074
100068
100062
100055
100049
100043
100037
100030
100555
100545
100543
100534
100532
100522
100520
100511
100508
100499
100496
100487
100484
100475
100472
100463
100459
100450
100447
100438
100435
100426
100422
100414
100410
100401
100397
100389
100385
100377
100372
100364
100360
100352
100347
100340
100335
100327
100322
100315
100310
100302
100297
100290
100284
100277
100272
100265
100259
100252
100247
100240
100234
100227
100221
100215
100209
100202
100196
100189
100184
100177
100171
100164
100158
100152
100146
100139
100133
100126
100120
100114
100108
100101
100095
100088
100082
100076
100069
100063
100057
100050
100044
100037
100031
100025
100018
100012
100005
99999.1
100584
100574
100573
100563
100561
100552
100550
100540
100538
100528
100526
100516
100514
100504
100501
100492
100489
100480
100477
100468
100464
100456
100452
100444
100440
100431
100427
100419
100415
100407
100402
100394
100390
100382
100377
100369
100365
100357
100352
100345
100339
100332
100327
100320
100314
100307
100302
100295
100289
100282
100276
100269
100264
100257
100251
100244
100239
100232
100226
100219
100213
100207
100201
100194
100188
100181
100175
100169
100163
100156
100150
100143
100137
100131
100125
100118
100112
100105
100099
100093
100086
100080
100074
100067
100061
100055
100048
100042
100035
100029
100557
100547
100544
100535
100533
100523
100521
100511
100509
100500
100497
100488
100485
100476
100473
100464
100460
100451
100448
100439
100436
100427
100423
100415
100411
100402
100398
100390
100386
100378
100373
100365
100361
100353
100348
100341
100336
100328
100323
100316
100311
100303
100298
100291
100285
100278
100273
100266
100260
100253
100248
100241
100235
100228
100222
100216
100210
100203
100197
100190
100185
100178
100172
100165
100159
100153
100147
100140
100134
100127
100121
100115
100109
100102
100096
100089
100083
100077
100070
100064
100058
100051
100045
100039
100032
100026
100019
100013
100007
100000
100584
100574
100572
100563
100561
100552
100549
100540
100538
100528
100525
100516
100513
100504
100501
100492
100489
100480
100476
100468
100464
100455
100452
100443
100439
100431
100427
100419
100414
100406
100402
100394
100389
100381
100377
100369
100364
100357
100352
100344
100339
100332
100326
100319
100314
100307
100301
100294
100289
100282
100276
100269
100263
100256
100251
100244
100238
100231
100226
100219
100213
100206
100200
100194
100188
100181
100175
100168
100162
100156
100150
100143
100137
100130
100124
100118
100111
100105
100099
100092
100086
100080
100073
100067
100060
100054
100048
100041
100035
100028
100557
100547
100545
100535
100533
100523
100521
100512
100509
100500
100497
100488
100485
100476
100473
100464
100461
100452
100448
100440
100436
100427
100423
100415
100411
100403
100399
100390
100386
100378
100374
100366
100361
100353
100349
100341
100336
100328
100323
100316
100311
100304
100298
100291
100286
100279
100273
100266
100261
100253
100248
100241
100235
100228
100223
100216
100210
100203
100197
100191
100185
100178
100172
100165
100160
100153
100147
100140
100134
100128
100122
100115
100109
100102
100096
100090
100083
100077
100071
100064
100058
100052
100045
100039
100032
100026
100020
100013
100007
100001
100584
100574
100572
100563
100561
100551
100549
100540
100537
100528
100525
100516
100513
100504
100501
100492
100489
100480
100476
100468
100464
100455
100451
100443
100439
100431
100427
100418
100414
100406
100402
100394
100389
100381
100377
100369
100364
100356
100351
100344
100339
100332
100326
100319
100314
100307
100301
100294
100289
100281
100276
100269
100263
100256
100251
100244
100238
100231
100225
100219
100213
100206
100200
100193
100188
100181
100175
100168
100162
100156
100149
100143
100137
100130
100124
100118
100111
100105
100099
100092
100086
100079
100073
100067
100060
100054
100048
100041
100034
100028
100557
100547
100544
100535
100533
100523
100521
100512
100509
100500
100497
100488
100485
100476
100473
100464
100460
100451
100448
100439
100436
100427
100423
100415
100411
100402
100398
100390
100386
100378
100373
100365
100361
100353
100348
100341
100336
100328
100323
100316
100311
100303
100298
100291
100286
100278
100273
100266
100260
100253
100248
100241
100235
100228
100223
100216
100210
100203
100197
100190
100185
100178
100172
100165
100159
100153
100147
100140
100134
100127
100121
100115
100109
100102
100096
100089
100083
100077
100070
100064
100058
100051
100045
100039
100032
100026
100019
100013
100007
100000
100584
100574
100573
100563
100561
100552
100550
100540
100538
100528
100526
100516
100513
100504
100501
100492
100489
100480
100477
100468
100464
100456
100452
100443
100439
100431
100427
100419
100414
100406
100402
100394
100389
100382
100377
100369
100364
100357
100352
100344
100339
100332
100327
100319
100314
100307
100301
100294
100289
100282
100276
100269
100264
100257
100251
100244
100238
100231
100226
100219
100213
100206
100200
100194
100188
100181
100175
100168
100162
100156
100150
100143
100137
100130
100124
100118
100112
100105
100099
100092
100086
100080
100073
100067
100061
100054
100048
100041
100035
100028
100555
100545
100543
100534
100532
100522
100520
100511
100508
100499
100496
100487
100484
100475
100472
100463
100459
100451
100447
100438
100435
100426
100422
100414
100410
100402
100397
100389
100385
100377
100372
100364
100360
100352
100347
100340
100335
100327
100322
100315
100310
100302
100297
100290
100285
100277
100272
100265
100259
100252
100247
100240
100234
100227
100222
100215
100209
100202
100196
100189
100184
100177
100171
100164
100158
100152
100146
100139
100133
100126
100120
100114
100108
100101
100095
100088
100082
100076
100070
100063
100057
100050
100044
100038
100031
100025
100018
100012
100006
99999.2
100561
100553
100550
100542
100540
100531
100529
100520
100518
100509
100507
100498
100495
100486
100483
100475
100471
100463
100459
100451
100447
100439
100435
100427
100423
100414
100410
100402
100398
100390
100385
100378
100373
100365
100361
100353
100348
100341
100336
100328
100323
100316
100310
100303
100298
100291
100285
100278
100273
100266
100260
100253
100248
100241
100235
100228
100222
100215
100210
100203
100197
100190
100184
100178
100172
100165
100159
100152
100146
100140
100134
100127
100121
100114
100108
100102
100095
100089
100083
100076
100070
100064
100057
100051
100044
100038
100032
100025
100019
100012
100562
100553
100551
100543
100540
100532
100529
100521
100518
100509
100507
100498
100495
100486
100483
100475
100471
100463
100459
100451
100447
100439
100435
100427
100423
100415
100410
100402
100398
100390
100386
100378
100373
100366
100361
100353
100348
100341
100336
100328
100323
100316
100311
100303
100298
100291
100286
100278
100273
100266
100260
100253
100248
100241
100235
100228
100223
100216
100210
100203
100197
100190
100185
100178
100172
100165
100159
100153
100147
100140
100134
100127
100121
100115
100108
100102
100096
100089
100083
100076
100070
100064
100057
100051
100045
100038
100032
100025
100019
100013
100561
100553
100550
100542
100540
100531
100529
100520
100518
100509
100506
100498
100495
100486
100483
100474
100471
100462
100459
100451
100447
100439
100435
100426
100422
100414
100410
100402
100398
100390
100385
100377
100373
100365
100360
100353
100348
100340
100335
100328
100323
100315
100310
100303
100298
100291
100285
100278
100273
100265
100260
100253
100247
100240
100235
100228
100222
100215
100209
100203
100197
100190
100184
100177
100171
100165
100159
100152
100146
100140
100133
100127
100121
100114
100108
100101
100095
100089
100083
100076
100070
100063
100057
100051
100044
100038
100031
100025
100019
100012
100562
100554
100551
100543
100540
100532
100529
100521
100518
100510
100507
100498
100495
100487
100483
100475
100472
100463
100460
100451
100447
100439
100435
100427
100423
100415
100411
100403
100398
100390
100386
100378
100373
100366
100361
100353
100348
100341
100336
100328
100323
100316
100311
100303
100298
100291
100286
100279
100273
100266
100260
100253
100248
100241
100235
100228
100223
100216
100210
100203
100197
100191
100185
100178
100172
100165
100159
100153
100147
100140
100134
100127
100121
100115
100109
100102
100096
100089
100083
100077
100070
100064
100058
100051
100045
100038
100032
100026
100019
100013
100561
100553
100550
100542
100540
100531
100529
100520
100518
100509
100506
100498
100495
100486
100483
100474
100471
100462
100459
100451
100447
100438
100435
100426
100422
100414
100410
100402
100398
100390
100385
100377
100373
100365
100360
100353
100348
100340
100335
100328
100323
100315
100310
100303
100298
100290
100285
100278
100273
100265
100260
100253
100247
100240
100235
100228
100222
100215
100209
100203
100197
100190
100184
100177
100171
100165
100159
100152
100146
100139
100133
100127
100121
100114
100108
100101
100095
100089
100082
100076
100070
100063
100057
100051
100044
100038
100031
100025
100019
100012
100562
100554
100551
100543
100540
100532
100529
100521
100518
100510
100507
100498
100495
100487
100483
100475
100472
100463
100460
100451
100447
100439
100435
100427
100423
100415
100411
100403
100398
100390
100386
100378
100373
100366
100361
100353
100348
100341
100336
100328
100323
100316
100311
100303
100298
100291
100286
100278
100273
100266
100260
100253
100248
100241
100235
100228
100223
100216
100210
100203
100197
100191
100185
100178
100172
100165
100159
100153
100147
100140
100134
100127
100121
100115
100109
100102
100096
100089
100083
100077
100070
100064
100058
100051
100045
100038
100032
100026
100019
100013
100561
100553
100550
100542
100540
100531
100529
100520
100518
100509
100506
100498
100495
100486
100483
100474
100471
100462
100459
100451
100447
100439
100435
100426
100422
100414
100410
100402
100398
100390
100385
100377
100373
100365
100360
100353
100348
100340
100335
100328
100323
100315
100310
100303
100298
100290
100285
100278
100273
100265
100260
100253
100247
100240
100235
100228
100222
100215
100209
100203
100197
100190
100184
100177
100171
100165
100159
100152
100146
100139
100133
100127
100121
100114
100108
100101
100095
100089
100083
100076
100070
100063
100057
100051
100044
100038
100031
100025
100019
100012
100562
100553
100551
100543
100540
100532
100529
100521
100518
100509
100507
100498
100495
100486
100483
100475
100471
100463
100459
100451
100447
100439
100435
100427
100423
100415
100410
100402
100398
100390
100386
100378
100373
100366
100361
100353
100348
100341
100336
100328
100323
100316
100311
100303
100298
100291
100286
100278
100273
100266
100260
100253
100248
100241
100235
100228
100222
100216
100210
100203
100197
100190
100185
100178
100172
100165
100159
100153
100147
100140
100134
100127
100121
100115
100108
100102
100096
100089
100083
100076
100070
100064
100057
100051
100045
100038
100032
100025
100019
100013
100561
100553
100550
100542
100540
100531
100529
100520
100518
100509
100506
100498
100495
100486
100483
100474
100471
100463
100459
100451
100447
100439
100435
100427
100423
100414
100410
100402
100398
100390
100385
100378
100373
100365
100361
100353
100348
100340
100335
100328
100323
100316
100310
100303
100298
100291
100285
100278
100273
100266
100260
100253
100247
100241
100235
100228
100222
100215
100210
100203
100197
100190
100184
100178
100172
100165
100159
100152
100146
100140
100134
100127
100121
100114
100108
100102
100095
100089
100083
100076
100070
100063
100057
100051
100044
100038
100032
100025
100019
100012
100555
100545
100543
100534
100532
100522
100520
100511
100508
100499
100496
100487
100484
100475
100472
100463
100459
100450
100447
100438
100435
100426
100422
100414
100410
100401
100397
100389
100385
100377
100372
100364
100360
100352
100347
100340
100335
100327
100322
100315
100310
100302
100297
100290
100284
100277
100272
100265
100259
100252
100247
100240
100234
100227
100221
100215
100209
100202
100196
100189
100184
100177
100171
100164
100158
100152
100146
100139
100133
100126
100120
100114
100108
100101
100095
100088
100082
100076
100069
100063
100057
100050
100044
100037
100031
100025
100018
100012
100005
99999.1
100584
100574
100573
100563
100561
100552
100550
100540
100538
100528
100526
100516
100514
100504
100501
100492
100489
100480
100477
100468
100464
100456
100452
100444
100440
100431
100427
100419
100415
100407
100402
100394
100390
100382
100377
100369
100365
100357
100352
100345
100339
100332
100327
100320
100314
100307
100302
100295
100289
100282
100276
100269
100264
100257
100251
100244
100239
100232
100226
100219
100213
100207
100201
100194
100188
100181
100175
100169
100163
100156
100150
100143
100137
100131
100125
100118
100112
100105
100099
100093
100086
100080
100074
100067
100061
100055
100048
100042
100035
100029
100557
100547
100544
100535
100533
100523
100521
100511
100509
100500
100497
100488
100485
100476
100473
100464
100460
100451
100448
100439
100436
100427
100423
100415
100411
100402
100398
100390
100386
100378
100373
100365
100361
100353
100348
100341
100336
100328
100323
100316
100311
100303
100298
100291
100285
100278
100273
100266
100260
100253
100248
100241
100235
100228
100222
100216
100210
100203
100197
100190
100185
100178
100172
100165
100159
100153
100147
100140
100134
100127
100121
100115
100109
100102
100096
100089
100083
100077
100070
100064
100058
100051
100045
100039
100032
100026
100019
100013
100007
100000
100584
100574
100572
100563
100561
100552
100549
100540
100538
100528
100525
100516
100513
100504
100501
100492
100489
100480
100476
100468
100464
100455
100452
100443
100439
100431
100427
100419
100414
100406
100402
100394
100389
100381
100377
100369
100364
100357
100352
100344
100339
100332
100326
100319
100314
100307
100301
100294
100289
100282
100276
100269
100263
100256
100251
100244
100238
100231
100226
100219
100213
100206
100200
100194
100188
100181
100175
100168
100162
100156
100150
100143
100137
100130
100124
100118
100111
100105
100099
100092
100086
100080
100073
100067
100060
100054
100048
100041
100035
100028
100557
100547
100545
100535
100533
100523
100521
100512
100509
100500
100497
100488
100485
100476
100473
100464
100461
100452
100448
100440
100436
100427
100423
100415
100411
100403
100399
100390
100386
100378
100374
100366
100361
100353
100349
100341
100336
100328
100323
100316
100311
100304
100298
100291
100286
100279
100273
100266
100261
100253
100248
100241
100235
100228
100223
100216
100210
100203
100197
100191
100185
100178
100172
100165
100160
100153
100147
100140
100134
100128
100122
100115
100109
100102
100096
100090
100083
100077
100071
100064
100058
100052
100045
100039
100032
100026
100020
100013
100007
100001
100584
100574
100572
100563
100561
100551
100549
100540
100537
100528
100525
100516
100513
100504
100501
100492
100489
100480
100476
100468
100464
100455
100451
100443
100439
100431
100427
100418
100414
100406
100402
100394
100389
100381
100377
100369
100364
100356
100351
100344
100339
100332
100326
100319
100314
100307
100301
100294
100289
100281
100276
100269
100263
100256
100251
100244
100238
100231
100225
100219
100213
100206
100200
100193
100188
100181
100175
100168
100162
100156
100149
100143
100137
100130
100124
100118
100111
100105
100099
100092
100086
100079
100073
100067
100060
100054
100048
100041
100034
100028
100557
100547
100544
100535
100533
100523
100521
100512
100509
100500
100497
100488
100485
100476
100473
100464
100460
100451
100448
100439
100436
100427
100423
100415
100411
100402
100398
100390
100386
100378
100373
100365
100361
100353
100348
100341
100336
100328
100323
100316
100311
100303
100298
100291
100286
100278
100273
100266
100260
100253
100248
100241
100235
100228
100223
100216
100210
100203
100197
100190
100185
100178
100172
100165
100159
100153
100147
100140
100134
100127
100121
100115
100109
100102
100096
100089
100083
100077
100070
100064
100058
100051
100045
100039
100032
100026
100019
100013
100007
100000
100584
100574
100573
100563
100561
100552
100550
100540
100538
100528
100526
100516
100513
100504
100501
100492
100489
100480
100477
100468
100464
100456
100452
100443
100439
100431
100427
100419
100414
100406
100402
100394
100389
100382
100377
100369
100364
100357
100352
100344
100339
100332
100327
100319
100314
100307
100301
100294
100289
100282
100276
100269
100264
100257
100251
100244
100238
100231
100226
100219
100213
100206
100200
100194
100188
100181
100175
100168
100162
100156
100150
100143
100137
100130
100124
100118
100112
100105
100099
100092
100086
100080
100073
100067
100061
100054
100048
100041
100035
100028
100555
100545
100543
100534
100532
100522
100520
100511
100508
100499
100496
100487
100484
100475
100472
100463
100459
100451
100447
100438
100435
100426
100422
100414
100410
100402
100397
100389
100385
100377
100372
100364
100360
100352
100347
100340
100335
100327
100322
100315
100310
100302
100297
100290
100285
100277
100272
100265
100259
100252
100247
100240
100234
100227
100222
100215
100209
100202
100196
100189
100184
100177
100171
100164
100158
100152
100146
100139
100133
100126
100120
100114
100108
100101
100095
100088
100082
100076
100070
100063
100057
100050
100044
100038
100031
100025
100018
100012
100006
99999.2
100602
100586
100587
100573
100572
100559
100558
100546
100544
100533
100531
100520
100518
100508
100505
100495
100492
100483
100479
100470
100466
100457
100454
100445
100441
100433
100428
100420
100416
100408
100403
100395
100390
100383
100378
100370
100365
100358
100353
100345
100340
100333
100328
100320
100315
100308
100302
100295
100290
100283
100277
100270
100265
100258
100252
100245
100239
100232
100227
100220
100214
100207
100201
100195
100189
100182
100176
100169
100163
100157
100151
100144
100138
100131
100125
100119
100113
100106
100100
100094
100087
100081
100075
100068
100062
100056
100050
100043
100037
100031
100570
100554
100554
100540
100539
100526
100525
100513
100511
100500
100497
100487
100484
100474
100471
100462
100458
100449
100446
100437
100433
100424
100420
100412
100407
100399
100395
100387
100382
100374
100370
100362
100357
100349
100344
100337
100332
100324
100319
100312
100307
100299
100294
100287
100282
100274
100269
100262
100256
100249
100244
100237
100231
100224
100219
100212
100206
100199
100193
100186
100181
100174
100168
100161
100155
100149
100143
100136
100130
100123
100117
100111
100105
100098
100092
100085
100079
100073
100067
100060
100054
100048
100041
100035
100029
100022
100016
100010
100004
99997.6
100596
100580
100581
100567
100566
100554
100552
100540
100538
100527
100525
100515
100512
100502
100499
100489
100486
100477
100473
100464
100460
100452
100448
100439
100435
100427
100422
100414
100410
100402
100397
100389
100385
100377
100372
100364
100359
100352
100347
100339
100334
100327
100322
100314
100309
100302
100296
100289
100284
100277
100271
100264
100259
100252
100246
100239
100233
100227
100221
100214
100208
100201
100195
100189
100183
100176
100170
100163
100157
100151
100145
100138
100132
100126
100119
100113
100107
100100
100094
100088
100081
100075
100069
100062
100056
100050
100044
100037
100031
100025
100570
100554
100553
100539
100538
100526
100524
100513
100511
100500
100497
100487
100484
100474
100471
100461
100458
100449
100445
100436
100432
100424
100420
100411
100407
100399
100394
100386
100382
100374
100369
100361
100357
100349
100344
100336
100331
100324
100319
100311
100306
100299
100294
100286
100281
100274
100269
100261
100256
100249
100243
100236
100231
100224
100218
100211
100205
100199
100193
100186
100180
100173
100168
100161
100155
100148
100142
100136
100130
100123
100117
100110
100104
100098
100092
100085
100079
100072
100066
100060
100054
100047
100041
100035
100028
100022
100016
100009
100004
99997.3
100595
100580
100581
100567
100566
100553
100552
100540
100538
100527
100525
100514
100512
100502
100499
100489
100486
100476
100473
100464
100460
100451
100447
100439
100435
100426
100422
100414
100409
100401
100397
100389
100384
100377
100372
100364
100359
100352
100347
100339
100334
100327
100321
100314
100309
100302
100296
100289
100284
100276
100271
100264
100258
100251
100246
100239
100233
100226
100220
100214
100208
100201
100195
100188
100183
100176
100170
100163
100157
100151
100145
100138
100132
100125
100119
100113
100107
100100
100094
100087
100081
100075
100069
100062
100056
100050
100043
100037
100031
100024
100570
100554
100553
100539
100538
100526
100524
100513
100511
100500
100497
100487
100484
100474
100471
100461
100458
100449
100445
100436
100432
100424
100420
100411
100407
100399
100394
100386
100382
100374
100369
100361
100357
100349
100344
100336
100332
100324
100319
100311
100306
100299
100294
100286
100281
100274
100269
100261
100256
100249
100243
100236
100231
100224
100218
100211
100206
100199
100193
100186
100180
100173
100168
100161
100155
100148
100142
100136
100130
100123
100117
100110
100104
100098
100092
100085
100079
100072
100066
100060
100054
100047
100041
100035
100028
100022
100016
100009
100004
99997.4
100596
100580
100581
100567
100566
100554
100552
100540
100538
100527
100525
100515
100512
100502
100499
100489
100486
100477
100473
100464
100460
100452
100448
100439
100435
100427
100422
100414
100410
100402
100397
100389
100384
100377
100372
100364
100359
100352
100347
100339
100334
100327
100322
100314
100309
100302
100296
100289
100284
100277
100271
100264
100259
100252
100246
100239
100233
100226
100221
100214
100208
100201
100195
100189
100183
100176
100170
100163
100157
100151
100145
100138
100132
100125
100119
100113
100107
100100
100094
100088
100081
100075
100069
100062
100056
100050
100044
100037
100031
100025
100570
100554
100554
100540
100539
100526
100525
100513
100511
100500
100498
100487
100484
100475
100471
100462
100459
100449
100446
100437
100433
100424
100420
100412
100408
100399
100395
100387
100382
100374
100370
100362
100357
100349
100345
100337
100332
100324
100319
100312
100307
100300
100294
100287
100282
100274
100269
100262
100257
100249
100244
100237
100231
100224
100219
100212
100206
100199
100193
100187
100181
100174
100168
100161
100155
100149
100143
100136
100130
100124
100117
100111
100105
100098
100092
100086
100079
100073
100067
100060
100054
100048
100042
100035
100029
100023
100016
100010
100004
99997.8
100602
100586
100587
100573
100572
100559
100558
100546
100544
100533
100531
100520
100517
100508
100504
100495
100492
100482
100479
100470
100466
100457
100453
100445
100441
100432
100428
100420
100415
100407
100403
100395
100390
100382
100378
100370
100365
100357
100352
100345
100340
100332
100327
100320
100315
100307
100302
100295
100289
100282
100277
100270
100264
100257
100252
100245
100239
100232
100226
100220
100214
100207
100201
100194
100188
100182
100176
100169
100163
100156
100150
100144
100138
100131
100125
100119
100112
100106
100100
100093
100087
100081
100074
100068
100062
100055
100049
100043
100037
100030
)
;

boundaryField
{
    upperWall
    {
        type            calculated;
        value           nonuniform List<scalar> 
550
(
100621
100590
100582
100590
100621
100607
100591
100580
100591
100607
100612
100586
100580
100586
100612
100604
100587
100578
100587
100604
100608
100583
100577
100583
100608
100601
100583
100576
100583
100601
100604
100580
100575
100580
100604
100598
100581
100574
100581
100598
100601
100578
100573
100578
100601
100596
100579
100572
100579
100596
100599
100577
100571
100577
100599
100594
100577
100571
100577
100594
100596
100575
100569
100575
100596
100592
100575
100569
100575
100592
100593
100573
100568
100573
100593
100590
100573
100567
100573
100590
100591
100572
100566
100572
100591
100588
100571
100566
100571
100588
100589
100570
100564
100570
100589
100586
100570
100564
100570
100586
100602
100555
100561
100555
100602
100586
100545
100553
100545
100586
100587
100543
100550
100543
100587
100573
100534
100542
100534
100573
100572
100532
100540
100532
100572
100559
100522
100531
100522
100559
100558
100520
100529
100520
100558
100546
100511
100520
100511
100546
100544
100508
100518
100508
100544
100533
100499
100509
100499
100533
100531
100496
100506
100496
100531
100520
100487
100498
100487
100520
100517
100484
100495
100484
100517
100508
100475
100486
100475
100508
100504
100472
100483
100472
100504
100495
100463
100474
100463
100495
100492
100459
100471
100459
100492
100482
100451
100463
100451
100482
100479
100447
100459
100447
100479
100470
100438
100451
100438
100470
100466
100435
100447
100435
100466
100457
100426
100439
100426
100457
100453
100422
100435
100422
100453
100445
100414
100427
100414
100445
100441
100410
100423
100410
100441
100432
100402
100414
100402
100432
100428
100397
100410
100397
100428
100420
100389
100402
100389
100420
100415
100385
100398
100385
100415
100407
100377
100390
100377
100407
100403
100372
100385
100372
100403
100395
100364
100378
100364
100395
100390
100360
100373
100360
100390
100382
100352
100365
100352
100382
100378
100347
100361
100347
100378
100370
100340
100353
100340
100370
100365
100335
100348
100335
100365
100357
100327
100340
100327
100357
100352
100322
100335
100322
100352
100345
100315
100328
100315
100345
100340
100310
100323
100310
100340
100332
100302
100316
100302
100332
100327
100297
100310
100297
100327
100320
100290
100303
100290
100320
100315
100285
100298
100285
100315
100307
100277
100291
100277
100307
100302
100272
100285
100272
100302
100295
100265
100278
100265
100295
100289
100259
100273
100259
100289
100282
100252
100266
100252
100282
100277
100247
100260
100247
100277
100270
100240
100253
100240
100270
100264
100234
100247
100234
100264
100257
100227
100241
100227
100257
100252
100222
100235
100222
100252
100245
100215
100228
100215
100245
100239
100209
100222
100209
100239
100232
100202
100215
100202
100232
100226
100196
100210
100196
100226
100220
100189
100203
100189
100220
100214
100184
100197
100184
100214
100207
100177
100190
100177
100207
100201
100171
100184
100171
100201
100194
100164
100178
100164
100194
100188
100158
100172
100158
100188
100182
100152
100165
100152
100182
100176
100146
100159
100146
100176
100169
100139
100152
100139
100169
100163
100133
100146
100133
100163
100156
100126
100140
100126
100156
100150
100120
100134
100120
100150
100144
100114
100127
100114
100144
100138
100108
100121
100108
100138
100131
100101
100114
100101
100131
100125
100095
100108
100095
100125
100119
100088
100102
100088
100119
100112
100082
100095
100082
100112
100106
100076
100089
100076
100106
100100
100070
100083
100070
100100
100093
100063
100076
100063
100093
100087
100057
100070
100057
100087
100081
100050
100063
100050
100081
100074
100044
100057
100044
100074
100068
100038
100051
100038
100068
100062
100031
100044
100031
100062
100055
100025
100038
100025
100055
100049
100018
100032
100018
100049
100043
100012
100025
100012
100043
100037
100006
100019
100006
100037
100030
99999.2
100012
99999.2
100030
)
;
    }
    lowerWall
    {
        type            calculated;
        value           nonuniform List<scalar> 
100
(
100621
100590
100582
100590
100621
100607
100591
100580
100591
100607
100612
100586
100580
100586
100612
100604
100587
100578
100587
100604
100608
100583
100577
100583
100608
100601
100583
100576
100583
100601
100604
100580
100575
100580
100604
100598
100581
100574
100581
100598
100601
100578
100573
100578
100601
100596
100579
100572
100579
100596
100599
100577
100571
100577
100599
100594
100577
100571
100577
100594
100596
100575
100569
100575
100596
100592
100575
100569
100575
100592
100593
100573
100568
100573
100593
100590
100573
100567
100573
100590
100591
100572
100566
100572
100591
100588
100571
100566
100571
100588
100589
100570
100564
100570
100589
100586
100570
100564
100570
100586
)
;
    }
    heatedWall
    {
        type            calculated;
        value           nonuniform List<scalar> 
450
(
100602
100555
100561
100555
100602
100586
100545
100553
100545
100586
100587
100543
100550
100543
100587
100573
100534
100542
100534
100573
100572
100532
100540
100532
100572
100559
100522
100531
100522
100559
100558
100520
100529
100520
100558
100546
100511
100520
100511
100546
100544
100508
100518
100508
100544
100533
100499
100509
100499
100533
100531
100496
100507
100496
100531
100520
100487
100498
100487
100520
100518
100484
100495
100484
100518
100508
100475
100486
100475
100508
100505
100472
100483
100472
100505
100495
100463
100475
100463
100495
100492
100459
100471
100459
100492
100483
100450
100463
100450
100483
100479
100447
100459
100447
100479
100470
100438
100451
100438
100470
100466
100435
100447
100435
100466
100457
100426
100439
100426
100457
100454
100422
100435
100422
100454
100445
100414
100427
100414
100445
100441
100410
100423
100410
100441
100433
100401
100414
100401
100433
100428
100397
100410
100397
100428
100420
100389
100402
100389
100420
100416
100385
100398
100385
100416
100408
100377
100390
100377
100408
100403
100372
100385
100372
100403
100395
100364
100378
100364
100395
100390
100360
100373
100360
100390
100383
100352
100365
100352
100383
100378
100347
100361
100347
100378
100370
100340
100353
100340
100370
100365
100335
100348
100335
100365
100358
100327
100341
100327
100358
100353
100322
100336
100322
100353
100345
100315
100328
100315
100345
100340
100310
100323
100310
100340
100333
100302
100316
100302
100333
100328
100297
100310
100297
100328
100320
100290
100303
100290
100320
100315
100284
100298
100284
100315
100308
100277
100291
100277
100308
100302
100272
100285
100272
100302
100295
100265
100278
100265
100295
100290
100259
100273
100259
100290
100283
100252
100266
100252
100283
100277
100247
100260
100247
100277
100270
100240
100253
100240
100270
100265
100234
100248
100234
100265
100258
100227
100241
100227
100258
100252
100221
100235
100221
100252
100245
100215
100228
100215
100245
100239
100209
100222
100209
100239
100232
100202
100215
100202
100232
100227
100196
100210
100196
100227
100220
100189
100203
100189
100220
100214
100184
100197
100184
100214
100207
100177
100190
100177
100207
100201
100171
100184
100171
100201
100195
100164
100178
100164
100195
100189
100158
100172
100158
100189
100182
100152
100165
100152
100182
100176
100146
100159
100146
100176
100169
100139
100152
100139
100169
100163
100133
100146
100133
100163
100157
100126
100140
100126
100157
100151
100120
100134
100120
100151
100144
100114
100127
100114
100144
100138
100108
100121
100108
100138
100131
100101
100114
100101
100131
100125
100095
100108
100095
100125
100119
100088
100102
100088
100119
100113
100082
100095
100082
100113
100106
100076
100089
100076
100106
100100
100069
100083
100069
100100
100094
100063
100076
100063
100094
100087
100057
100070
100057
100087
100081
100050
100064
100050
100081
100075
100044
100057
100044
100075
100068
100037
100051
100037
100068
100062
100031
100044
100031
100062
100056
100025
100038
100025
100056
100050
100018
100032
100018
100050
100043
100012
100025
100012
100043
100037
100005
100019
100005
100037
100031
99999.1
100012
99999.1
100031
)
;
    }
    inlet
    {
        type            calculated;
        value           nonuniform List<scalar> 
45
(
100621
100607
100616
100605
100615
100605
100616
100607
100621
100590
100599
100590
100598
100589
100598
100590
100599
100590
100582
100582
100581
100581
100581
100581
100581
100582
100582
100590
100599
100590
100598
100589
100598
100590
100599
100590
100621
100607
100616
100605
100615
100605
100616
100607
100621
)
;
    }
    outlet
    {
        type            calculated;
        value           nonuniform List<scalar> 
45
(
100023
99998.2
100019
99998
100018
99998
100018
99998.4
100023
99999.3
100021
100000
100021
100000
100021
100000
100021
99999.4
100009
100010
100009
100010
100009
100010
100009
100010
100009
99999.3
100021
100000
100021
100000
100021
100000
100021
99999.4
100023
99998.2
100019
99998
100018
99998
100018
99998.4
100023
)
;
    }
    frontAndBack
    {
        type            empty;
    }
}


// ************************************************************************* //
