/*--------------------------------*- C++ -*----------------------------------*\
  =========                 |
  \\      /  F ield         | OpenFOAM: The Open Source CFD Toolbox
   \\    /   O peration     | Website:  https://openfoam.org
    \\  /    A nd           | Version:  7
     \\/     M anipulation  |
\*---------------------------------------------------------------------------*/
FoamFile
{
    version     2.0;
    format      ascii;
    class       volScalarField;
    location    "2.7575";
    object      T;
}
// * * * * * * * * * * * * * * * * * * * * * * * * * * * * * * * * * * * * * //

dimensions      [0 0 0 1 0 0 0];

internalField   nonuniform List<scalar> 
7920
(
282.711
282.692
282.578
282.648
282.583
282.658
282.615
282.672
282.636
282.675
282.647
282.675
282.661
282.675
282.679
282.665
282.713
282.627
282.802
282.487
282.762
282.747
282.674
282.707
282.662
282.702
282.684
282.716
282.707
282.727
282.719
282.73
282.732
282.731
282.749
282.72
282.783
282.677
282.877
282.52
282.728
282.726
282.631
282.675
282.608
282.649
282.607
282.648
282.624
282.66
282.647
282.673
282.671
282.682
282.697
282.682
282.731
282.662
282.785
282.606
282.754
282.758
282.686
282.726
282.677
282.708
282.676
282.704
282.687
282.712
282.709
282.728
282.736
282.746
282.765
282.761
282.791
282.766
282.814
282.761
282.733
282.745
282.656
282.708
282.646
282.687
282.644
282.678
282.65
282.681
282.667
282.695
282.692
282.716
282.719
282.738
282.745
282.758
282.765
282.773
282.739
282.762
282.673
282.73
282.669
282.713
282.669
282.705
282.675
282.707
282.69
282.72
282.713
282.741
282.74
282.765
282.766
282.789
282.787
282.81
282.739
282.762
282.673
282.73
282.669
282.713
282.668
282.705
282.675
282.707
282.69
282.72
282.713
282.741
282.739
282.765
282.766
282.789
282.787
282.81
282.733
282.745
282.656
282.708
282.646
282.688
282.644
282.678
282.65
282.682
282.666
282.696
282.69
282.718
282.717
282.741
282.742
282.762
282.76
282.777
282.754
282.758
282.686
282.726
282.677
282.709
282.675
282.704
282.686
282.713
282.707
282.731
282.732
282.751
282.757
282.771
282.777
282.786
282.789
282.792
282.728
282.726
282.631
282.675
282.608
282.65
282.607
282.649
282.623
282.662
282.645
282.677
282.665
282.691
282.684
282.704
282.698
282.713
282.708
282.717
282.762
282.747
282.674
282.707
282.662
282.702
282.683
282.717
282.706
282.728
282.717
282.734
282.726
282.74
282.734
282.745
282.74
282.75
282.746
282.752
282.711
282.692
282.578
282.648
282.582
282.658
282.615
282.673
282.635
282.676
282.645
282.679
282.656
282.683
282.665
282.687
282.675
282.694
282.682
282.702
283.239
283.195
283.276
283.197
283.268
283.206
283.271
283.218
283.263
283.211
283.248
283.202
283.242
283.191
283.242
283.163
283.267
283.09
283.402
282.794
283.182
283.133
283.166
283.122
283.143
283.113
283.134
283.119
283.134
283.118
283.132
283.113
283.133
283.102
283.139
283.076
283.162
283.015
283.238
282.859
283.228
283.165
283.231
283.171
283.216
283.166
283.202
283.165
283.197
283.168
283.197
283.17
283.198
283.165
283.2
283.148
283.207
283.112
283.227
283.051
283.198
283.129
283.181
283.124
283.157
283.112
283.136
283.103
283.123
283.101
283.119
283.103
283.12
283.105
283.121
283.101
283.122
283.089
283.118
283.071
283.222
283.144
283.213
283.143
283.19
283.135
283.169
283.127
283.154
283.124
283.149
283.128
283.149
283.133
283.151
283.136
283.15
283.133
283.14
283.125
283.214
283.125
283.195
283.12
283.167
283.11
283.144
283.101
283.129
283.097
283.122
283.1
283.121
283.106
283.122
283.111
283.121
283.112
283.112
283.103
283.214
283.125
283.195
283.12
283.167
283.11
283.144
283.101
283.128
283.097
283.121
283.1
283.121
283.106
283.122
283.112
283.121
283.112
283.113
283.102
283.222
283.144
283.213
283.143
283.19
283.135
283.168
283.127
283.154
283.125
283.148
283.128
283.148
283.134
283.149
283.138
283.147
283.136
283.137
283.126
283.198
283.129
283.18
283.124
283.157
283.113
283.136
283.103
283.122
283.102
283.117
283.106
283.116
283.11
283.115
283.11
283.11
283.104
283.099
283.093
283.228
283.165
283.231
283.171
283.216
283.166
283.201
283.166
283.196
283.17
283.195
283.174
283.192
283.175
283.186
283.17
283.175
283.158
283.161
283.144
283.182
283.133
283.166
283.122
283.143
283.114
283.134
283.12
283.133
283.121
283.129
283.118
283.125
283.115
283.118
283.109
283.109
283.101
283.1
283.089
283.239
283.195
283.276
283.197
283.267
283.206
283.271
283.219
283.262
283.213
283.245
283.207
283.234
283.203
283.221
283.197
283.209
283.192
283.199
283.175
283.154
283.145
283.152
283.138
283.147
283.148
283.181
283.191
283.208
283.185
283.195
283.172
283.209
283.159
283.235
283.105
283.311
282.964
283.547
282.573
283.151
283.141
283.139
283.129
283.127
283.12
283.127
283.13
283.146
283.146
283.165
283.151
283.181
283.142
283.199
283.11
283.23
283.045
283.293
282.942
283.152
283.142
283.142
283.132
283.131
283.123
283.126
283.122
283.132
283.133
283.149
283.148
283.169
283.159
283.185
283.159
283.194
283.146
283.194
283.125
283.152
283.141
283.139
283.128
283.125
283.117
283.117
283.113
283.117
283.118
283.127
283.131
283.142
283.146
283.156
283.157
283.163
283.161
283.157
283.158
283.152
283.142
283.141
283.13
283.128
283.12
283.12
283.116
283.119
283.121
283.128
283.133
283.141
283.148
283.155
283.161
283.163
283.169
283.16
283.168
283.153
283.141
283.14
283.128
283.126
283.117
283.116
283.112
283.115
283.116
283.122
283.127
283.135
283.141
283.148
283.154
283.157
283.161
283.156
283.16
283.153
283.141
283.14
283.128
283.126
283.117
283.116
283.112
283.115
283.116
283.123
283.127
283.135
283.141
283.148
283.154
283.157
283.161
283.157
283.158
283.152
283.142
283.141
283.13
283.128
283.12
283.119
283.116
283.119
283.121
283.128
283.133
283.141
283.147
283.155
283.161
283.164
283.167
283.163
283.163
283.152
283.141
283.139
283.128
283.125
283.118
283.116
283.113
283.116
283.119
283.126
283.132
283.14
283.147
283.154
283.159
283.161
283.162
283.158
283.155
283.152
283.142
283.142
283.132
283.131
283.124
283.125
283.124
283.13
283.136
283.145
283.153
283.162
283.168
283.174
283.175
283.175
283.171
283.165
283.159
283.151
283.141
283.139
283.129
283.127
283.121
283.126
283.132
283.143
283.15
283.158
283.162
283.165
283.165
283.164
283.16
283.156
283.151
283.146
283.143
283.154
283.145
283.151
283.138
283.147
283.148
283.18
283.193
283.205
283.19
283.189
283.183
283.192
283.188
283.188
283.182
283.182
283.179
283.18
283.176
283.154
283.145
283.152
283.138
283.147
283.148
283.181
283.191
283.208
283.185
283.195
283.172
283.209
283.159
283.235
283.105
283.311
282.964
283.547
282.573
283.151
283.141
283.139
283.129
283.127
283.12
283.127
283.13
283.146
283.146
283.165
283.151
283.181
283.142
283.199
283.11
283.23
283.045
283.293
282.942
283.152
283.142
283.142
283.132
283.131
283.123
283.126
283.122
283.132
283.133
283.149
283.148
283.169
283.159
283.185
283.159
283.194
283.146
283.194
283.125
283.152
283.141
283.139
283.128
283.125
283.117
283.117
283.113
283.117
283.118
283.127
283.131
283.142
283.146
283.156
283.157
283.163
283.161
283.157
283.158
283.152
283.142
283.141
283.13
283.128
283.12
283.12
283.116
283.119
283.121
283.128
283.133
283.141
283.148
283.155
283.161
283.163
283.169
283.16
283.168
283.153
283.141
283.14
283.128
283.126
283.117
283.116
283.112
283.115
283.116
283.122
283.127
283.135
283.141
283.148
283.154
283.157
283.161
283.156
283.16
283.153
283.141
283.14
283.128
283.126
283.117
283.116
283.112
283.115
283.116
283.123
283.127
283.135
283.141
283.148
283.154
283.157
283.161
283.157
283.158
283.152
283.142
283.141
283.13
283.128
283.12
283.119
283.116
283.119
283.121
283.128
283.133
283.141
283.147
283.155
283.161
283.164
283.167
283.163
283.163
283.152
283.141
283.139
283.128
283.125
283.118
283.116
283.113
283.116
283.119
283.126
283.132
283.14
283.147
283.154
283.159
283.161
283.162
283.158
283.155
283.152
283.142
283.142
283.132
283.131
283.124
283.125
283.124
283.13
283.136
283.145
283.153
283.162
283.168
283.174
283.175
283.175
283.171
283.165
283.159
283.151
283.141
283.139
283.129
283.127
283.121
283.126
283.132
283.143
283.15
283.158
283.162
283.165
283.165
283.164
283.16
283.156
283.151
283.146
283.143
283.154
283.145
283.151
283.138
283.147
283.148
283.18
283.193
283.205
283.19
283.189
283.183
283.192
283.188
283.188
283.182
283.182
283.179
283.18
283.176
283.239
283.195
283.276
283.197
283.268
283.206
283.271
283.218
283.263
283.211
283.248
283.202
283.242
283.191
283.242
283.163
283.267
283.09
283.402
282.794
283.182
283.133
283.166
283.122
283.143
283.113
283.134
283.119
283.134
283.118
283.132
283.113
283.133
283.102
283.139
283.076
283.162
283.015
283.238
282.859
283.228
283.165
283.231
283.171
283.216
283.166
283.202
283.165
283.197
283.168
283.197
283.17
283.198
283.165
283.2
283.148
283.207
283.112
283.227
283.051
283.198
283.129
283.181
283.124
283.157
283.112
283.136
283.103
283.123
283.101
283.119
283.103
283.12
283.105
283.121
283.101
283.122
283.089
283.118
283.071
283.222
283.144
283.213
283.143
283.19
283.135
283.169
283.127
283.154
283.124
283.149
283.128
283.149
283.133
283.151
283.136
283.15
283.133
283.14
283.125
283.214
283.125
283.195
283.12
283.167
283.11
283.144
283.101
283.129
283.097
283.122
283.1
283.121
283.106
283.122
283.111
283.121
283.112
283.112
283.103
283.214
283.125
283.195
283.12
283.167
283.11
283.144
283.101
283.128
283.097
283.121
283.1
283.121
283.106
283.122
283.112
283.121
283.112
283.113
283.102
283.222
283.144
283.213
283.143
283.19
283.135
283.168
283.127
283.154
283.125
283.148
283.128
283.148
283.134
283.149
283.138
283.147
283.136
283.137
283.126
283.198
283.129
283.18
283.124
283.157
283.113
283.136
283.103
283.122
283.102
283.117
283.106
283.116
283.11
283.115
283.11
283.11
283.104
283.099
283.093
283.228
283.165
283.231
283.171
283.216
283.166
283.201
283.166
283.196
283.17
283.195
283.174
283.192
283.175
283.186
283.17
283.175
283.158
283.161
283.144
283.182
283.133
283.166
283.122
283.143
283.114
283.134
283.12
283.133
283.121
283.129
283.118
283.125
283.115
283.118
283.109
283.109
283.101
283.1
283.089
283.239
283.195
283.276
283.197
283.267
283.206
283.271
283.219
283.262
283.213
283.245
283.207
283.234
283.203
283.221
283.197
283.209
283.192
283.199
283.175
282.711
282.692
282.578
282.648
282.583
282.658
282.615
282.672
282.636
282.675
282.647
282.675
282.661
282.675
282.679
282.665
282.713
282.627
282.802
282.487
282.762
282.747
282.674
282.707
282.662
282.702
282.684
282.716
282.707
282.727
282.719
282.73
282.732
282.731
282.749
282.72
282.783
282.677
282.877
282.52
282.728
282.726
282.631
282.675
282.608
282.649
282.607
282.648
282.624
282.66
282.647
282.673
282.671
282.682
282.697
282.682
282.731
282.662
282.785
282.606
282.754
282.758
282.686
282.726
282.677
282.708
282.676
282.704
282.687
282.712
282.709
282.728
282.736
282.746
282.765
282.761
282.791
282.766
282.814
282.761
282.733
282.745
282.656
282.708
282.646
282.687
282.644
282.678
282.65
282.681
282.667
282.695
282.692
282.716
282.719
282.738
282.745
282.758
282.765
282.773
282.739
282.762
282.673
282.73
282.669
282.713
282.669
282.705
282.675
282.707
282.69
282.72
282.713
282.741
282.74
282.765
282.766
282.789
282.787
282.81
282.739
282.762
282.673
282.73
282.669
282.713
282.668
282.705
282.675
282.707
282.69
282.72
282.713
282.741
282.739
282.765
282.766
282.789
282.787
282.81
282.733
282.745
282.656
282.708
282.646
282.688
282.644
282.678
282.65
282.682
282.666
282.696
282.69
282.718
282.717
282.741
282.742
282.762
282.76
282.777
282.754
282.758
282.686
282.726
282.677
282.709
282.675
282.704
282.686
282.713
282.707
282.731
282.732
282.751
282.757
282.771
282.777
282.786
282.789
282.792
282.728
282.726
282.631
282.675
282.608
282.65
282.607
282.649
282.623
282.662
282.645
282.677
282.665
282.691
282.684
282.704
282.698
282.713
282.708
282.717
282.762
282.747
282.674
282.707
282.662
282.702
282.683
282.717
282.706
282.728
282.717
282.734
282.726
282.74
282.734
282.745
282.74
282.75
282.746
282.752
282.711
282.692
282.578
282.648
282.582
282.658
282.615
282.673
282.635
282.676
282.645
282.679
282.656
282.683
282.665
282.687
282.675
282.694
282.682
282.702
284.843
286.448
287.498
288.344
289.028
289.639
290.174
290.676
291.132
291.565
291.965
292.349
292.712
293.066
293.405
293.735
294.053
294.363
294.665
294.962
295.252
295.538
295.816
296.09
296.357
296.62
296.876
297.125
297.367
297.601
297.825
298.038
298.239
298.427
298.6
298.758
298.899
299.025
299.133
299.226
299.304
299.367
299.418
299.458
299.488
299.51
299.526
299.537
299.544
299.548
299.551
299.552
299.552
299.552
299.552
299.552
299.551
299.55
299.55
299.549
299.548
299.548
299.547
299.546
299.546
299.545
299.544
299.544
299.543
299.542
299.542
299.541
299.541
299.54
299.539
299.539
299.538
299.537
299.537
299.536
299.535
299.534
299.533
299.533
299.531
299.531
299.528
299.528
299.524
299.52
284.016
285.481
286.493
287.315
287.989
288.588
289.116
289.609
290.061
290.49
290.888
291.269
291.63
291.981
292.318
292.647
292.964
293.273
293.575
293.871
294.16
294.445
294.724
294.998
295.266
295.528
295.785
296.036
296.28
296.515
296.741
296.957
297.162
297.353
297.53
297.693
297.839
297.969
298.082
298.18
298.262
298.329
298.384
298.427
298.46
298.484
298.501
298.514
298.522
298.527
298.53
298.532
298.532
298.532
298.532
298.532
298.531
298.53
298.53
298.529
298.528
298.527
298.527
298.526
298.525
298.525
298.524
298.523
298.523
298.522
298.521
298.521
298.52
298.519
298.519
298.518
298.517
298.517
298.516
298.515
298.514
298.514
298.513
298.512
298.511
298.51
298.508
298.508
298.503
298.499
283.209
284.268
285.124
285.874
286.5
287.068
287.566
288.039
288.473
288.891
289.279
289.652
290.004
290.348
290.678
291.003
291.316
291.623
291.921
292.215
292.502
292.786
293.064
293.338
293.606
293.87
294.128
294.381
294.628
294.867
295.098
295.32
295.531
295.73
295.916
296.088
296.244
296.384
296.508
296.616
296.708
296.784
296.847
296.898
296.937
296.967
296.989
297.004
297.015
297.022
297.026
297.029
297.03
297.03
297.03
297.03
297.029
297.028
297.028
297.027
297.026
297.025
297.025
297.024
297.023
297.023
297.022
297.021
297.02
297.02
297.019
297.018
297.018
297.017
297.016
297.016
297.015
297.014
297.013
297.013
297.012
297.011
297.01
297.009
297.007
297.007
297.004
297.005
296.998
296.992
282.913
283.499
284.11
284.709
285.245
285.739
286.183
286.607
287.005
287.393
287.76
288.112
288.447
288.773
289.09
289.404
289.709
290.008
290.299
290.586
290.868
291.148
291.423
291.695
291.962
292.224
292.483
292.737
292.986
293.23
293.465
293.693
293.911
294.119
294.314
294.496
294.663
294.815
294.951
295.07
295.174
295.261
295.334
295.394
295.441
295.477
295.504
295.524
295.538
295.547
295.553
295.557
295.559
295.56
295.56
295.559
295.559
295.558
295.558
295.557
295.556
295.555
295.555
295.554
295.553
295.552
295.552
295.551
295.55
295.549
295.549
295.548
295.547
295.547
295.546
295.545
295.544
295.544
295.543
295.542
295.541
295.541
295.54
295.539
295.538
295.537
295.535
295.535
295.53
295.524
282.783
283.064
283.429
283.868
284.283
284.69
285.059
285.421
285.768
286.116
286.45
286.774
287.083
287.387
287.685
287.983
288.274
288.562
288.843
289.121
289.396
289.669
289.939
290.207
290.471
290.732
290.989
291.243
291.493
291.738
291.977
292.209
292.432
292.646
292.848
293.038
293.214
293.375
293.52
293.649
293.762
293.859
293.94
294.007
294.06
294.102
294.134
294.158
294.174
294.186
294.193
294.198
294.2
294.201
294.202
294.202
294.201
294.201
294.2
294.199
294.199
294.198
294.197
294.196
294.195
294.195
294.194
294.193
294.193
294.192
294.191
294.19
294.19
294.189
294.188
294.187
294.187
294.186
294.185
294.184
294.183
294.183
294.182
294.181
294.179
294.179
294.176
294.176
294.173
294.167
282.791
282.914
283.104
283.397
283.694
284
284.289
284.576
284.864
285.16
285.452
285.739
286.017
286.292
286.565
286.841
287.116
287.388
287.656
287.921
288.185
288.45
288.713
288.974
289.233
289.49
289.744
289.996
290.245
290.49
290.73
290.963
291.188
291.404
291.61
291.804
291.984
292.15
292.3
292.434
292.552
292.653
292.739
292.81
292.867
292.912
292.946
292.972
292.99
293.003
293.011
293.016
293.019
293.021
293.021
293.021
293.021
293.02
293.02
293.019
293.018
293.017
293.016
293.016
293.015
293.014
293.013
293.013
293.012
293.011
293.011
293.01
293.009
293.008
293.008
293.007
293.006
293.006
293.005
293.004
293.003
293.003
293.002
293.001
293
292.999
292.998
292.997
292.996
292.992
282.795
282.852
282.941
283.127
283.325
283.545
283.757
283.978
284.209
284.454
284.703
284.952
285.197
285.443
285.692
285.946
286.202
286.457
286.711
286.964
287.218
287.473
287.728
287.982
288.236
288.487
288.738
288.986
289.233
289.476
289.714
289.945
290.169
290.385
290.59
290.783
290.963
291.129
291.278
291.412
291.529
291.63
291.715
291.786
291.843
291.888
291.923
291.948
291.966
291.979
291.987
291.992
291.995
291.997
291.997
291.997
291.997
291.996
291.995
291.995
291.994
291.993
291.992
291.992
291.991
291.99
291.989
291.989
291.988
291.987
291.986
291.986
291.985
291.984
291.984
291.983
291.982
291.981
291.981
291.98
291.979
291.979
291.978
291.977
291.976
291.975
291.974
291.973
291.973
291.97
282.775
282.812
282.852
282.969
283.095
283.247
283.396
283.567
283.749
283.953
284.161
284.378
284.593
284.815
285.041
285.276
285.514
285.755
285.995
286.237
286.48
286.727
286.974
287.223
287.47
287.717
287.963
288.208
288.451
288.69
288.925
289.153
289.373
289.584
289.784
289.973
290.147
290.307
290.451
290.579
290.69
290.786
290.867
290.933
290.986
291.028
291.059
291.083
291.099
291.11
291.118
291.122
291.125
291.126
291.126
291.126
291.126
291.125
291.124
291.124
291.123
291.122
291.121
291.121
291.12
291.119
291.118
291.118
291.117
291.116
291.115
291.115
291.114
291.113
291.112
291.112
291.111
291.11
291.109
291.109
291.108
291.107
291.106
291.105
291.104
291.103
291.102
291.1
291.099
291.097
282.8
282.825
282.848
282.918
282.996
283.095
283.201
283.331
283.477
283.645
283.822
284.008
284.199
284.401
284.61
284.828
285.05
285.277
285.506
285.739
285.974
286.213
286.453
286.696
286.938
287.18
287.422
287.663
287.901
288.136
288.365
288.587
288.8
289.004
289.196
289.375
289.54
289.69
289.824
289.941
290.043
290.13
290.202
290.26
290.306
290.342
290.369
290.388
290.402
290.411
290.417
290.42
290.422
290.423
290.423
290.423
290.422
290.421
290.421
290.42
290.419
290.418
290.418
290.417
290.416
290.415
290.415
290.414
290.413
290.412
290.412
290.411
290.41
290.409
290.409
290.408
290.407
290.407
290.406
290.405
290.404
290.404
290.403
290.402
290.401
290.4
290.399
290.397
290.397
290.396
282.733
282.772
282.786
282.84
282.886
282.961
283.04
283.15
283.274
283.421
283.576
283.745
283.921
284.11
284.307
284.515
284.727
284.946
285.167
285.394
285.623
285.857
286.093
286.331
286.569
286.808
287.047
287.284
287.517
287.747
287.969
288.184
288.39
288.584
288.766
288.934
289.087
289.225
289.346
289.451
289.541
289.617
289.678
289.727
289.766
289.795
289.816
289.831
289.841
289.848
289.852
289.854
289.855
289.856
289.855
289.855
289.854
289.854
289.853
289.852
289.851
289.85
289.85
289.849
289.848
289.847
289.847
289.846
289.845
289.844
289.844
289.843
289.842
289.842
289.841
289.84
289.839
289.839
289.838
289.837
289.836
289.835
289.834
289.833
289.832
289.831
289.829
289.828
289.827
289.826
282.768
282.8
282.811
282.849
282.88
282.938
283.007
283.105
283.217
283.351
283.494
283.653
283.821
284.004
284.195
284.396
284.602
284.815
285.033
285.256
285.483
285.713
285.946
286.182
286.418
286.654
286.89
287.124
287.353
287.578
287.795
288.004
288.202
288.389
288.561
288.719
288.862
288.989
289.099
289.194
289.274
289.339
289.392
289.434
289.465
289.489
289.506
289.517
289.525
289.53
289.532
289.534
289.534
289.534
289.534
289.533
289.533
289.532
289.531
289.53
289.529
289.529
289.528
289.527
289.526
289.526
289.525
289.524
289.523
289.523
289.522
289.521
289.52
289.52
289.519
289.518
289.517
289.517
289.516
289.515
289.514
289.514
289.513
289.512
289.511
289.51
289.508
289.507
289.506
289.505
282.706
282.744
282.752
282.789
282.815
282.873
282.938
283.036
283.144
283.276
283.415
283.572
283.739
283.92
284.11
284.31
284.514
284.726
284.942
285.165
285.391
285.621
285.853
286.087
286.323
286.558
286.793
287.025
287.253
287.476
287.691
287.897
288.091
288.274
288.442
288.596
288.734
288.855
288.961
289.051
289.126
289.188
289.237
289.275
289.304
289.325
289.34
289.35
289.356
289.36
289.363
289.364
289.364
289.364
289.363
289.363
289.362
289.361
289.36
289.36
289.359
289.358
289.357
289.356
289.356
289.355
289.354
289.353
289.353
289.352
289.351
289.35
289.35
289.349
289.348
289.347
289.347
289.346
289.345
289.344
289.343
289.343
289.342
289.341
289.339
289.339
289.337
289.336
289.334
289.333
285.527
287.279
288.393
289.234
289.941
290.544
291.092
291.588
292.052
292.48
292.885
293.266
293.633
293.984
294.325
294.654
294.973
295.283
295.586
295.883
296.174
296.458
296.738
297.011
297.279
297.541
297.797
298.046
298.288
298.521
298.744
298.956
299.156
299.343
299.515
299.671
299.811
299.935
300.042
300.134
300.21
300.272
300.322
300.36
300.389
300.411
300.426
300.436
300.443
300.447
300.449
300.451
300.451
300.451
300.45
300.45
300.449
300.449
300.448
300.447
300.447
300.446
300.445
300.445
300.444
300.443
300.443
300.442
300.442
300.441
300.44
300.44
300.439
300.439
300.438
300.438
300.437
300.437
300.436
300.436
300.435
300.435
300.434
300.434
300.434
300.433
300.434
300.433
300.438
300.437
284.186
285.635
286.678
287.498
288.189
288.785
289.323
289.813
290.272
290.699
291.101
291.481
291.845
292.195
292.535
292.863
293.182
293.491
293.794
294.09
294.38
294.665
294.945
295.219
295.487
295.75
296.008
296.259
296.503
296.739
296.965
297.182
297.387
297.579
297.757
297.92
298.067
298.198
298.312
298.41
298.493
298.562
298.617
298.661
298.694
298.719
298.736
298.749
298.757
298.762
298.766
298.767
298.768
298.768
298.768
298.767
298.767
298.766
298.765
298.765
298.764
298.763
298.763
298.762
298.761
298.761
298.76
298.759
298.759
298.758
298.758
298.757
298.756
298.756
298.755
298.755
298.754
298.753
298.753
298.752
298.752
298.751
298.751
298.75
298.75
298.749
298.75
298.748
298.752
298.751
283.494
284.423
285.274
285.99
286.625
287.176
287.681
288.142
288.582
288.993
289.386
289.755
290.11
290.45
290.783
291.106
291.421
291.726
292.026
292.318
292.606
292.89
293.168
293.442
293.711
293.974
294.233
294.486
294.734
294.974
295.206
295.429
295.641
295.842
296.029
296.203
296.361
296.503
296.629
296.739
296.833
296.911
296.976
297.028
297.069
297.1
297.122
297.139
297.15
297.157
297.162
297.165
297.166
297.166
297.166
297.166
297.165
297.165
297.164
297.163
297.163
297.162
297.161
297.16
297.16
297.159
297.158
297.158
297.157
297.156
297.156
297.155
297.155
297.154
297.153
297.153
297.152
297.152
297.151
297.151
297.15
297.15
297.149
297.149
297.149
297.148
297.149
297.148
297.151
297.15
283.146
283.609
284.178
284.734
285.261
285.737
286.18
286.594
286.994
287.378
287.747
288.097
288.434
288.759
289.077
289.39
289.696
289.995
290.287
290.574
290.857
291.136
291.412
291.684
291.951
292.214
292.473
292.728
292.978
293.222
293.459
293.688
293.907
294.117
294.314
294.498
294.668
294.822
294.961
295.083
295.189
295.279
295.355
295.416
295.466
295.504
295.532
295.553
295.568
295.578
295.584
295.588
295.59
295.591
295.591
295.591
295.591
295.59
295.589
295.589
295.588
295.587
295.586
295.586
295.585
295.584
295.584
295.583
295.582
295.582
295.581
295.58
295.58
295.579
295.578
295.578
295.577
295.576
295.576
295.575
295.575
295.574
295.574
295.573
295.573
295.572
295.572
295.571
295.573
295.571
283.1
283.254
283.577
283.942
284.337
284.707
285.067
285.409
285.752
286.089
286.422
286.741
287.05
287.35
287.647
287.941
288.233
288.519
288.801
289.077
289.351
289.623
289.894
290.161
290.425
290.685
290.942
291.197
291.447
291.693
291.933
292.166
292.39
292.606
292.81
293.003
293.182
293.346
293.494
293.626
293.742
293.842
293.926
293.996
294.052
294.096
294.13
294.155
294.173
294.185
294.193
294.198
294.201
294.203
294.203
294.203
294.203
294.202
294.201
294.201
294.2
294.199
294.198
294.198
294.197
294.196
294.196
294.195
294.194
294.193
294.193
294.192
294.191
294.191
294.19
294.189
294.189
294.188
294.188
294.187
294.187
294.186
294.186
294.185
294.185
294.184
294.185
294.184
294.186
294.184
283.072
283.082
283.236
283.448
283.717
283.985
284.255
284.524
284.803
285.088
285.377
285.659
285.934
286.206
286.477
286.75
287.024
287.294
287.562
287.826
288.09
288.353
288.616
288.877
289.136
289.392
289.646
289.898
290.148
290.393
290.634
290.868
291.095
291.313
291.521
291.718
291.902
292.071
292.224
292.362
292.483
292.588
292.677
292.752
292.812
292.86
292.896
292.924
292.943
292.957
292.966
292.972
292.975
292.977
292.978
292.978
292.977
292.977
292.976
292.975
292.975
292.974
292.973
292.972
292.971
292.971
292.97
292.969
292.968
292.968
292.967
292.966
292.966
292.965
292.964
292.964
292.963
292.962
292.962
292.961
292.961
292.96
292.959
292.959
292.958
292.957
292.957
292.956
292.957
292.956
283.078
283.034
283.099
283.21
283.381
283.558
283.748
283.947
284.165
284.397
284.638
284.88
285.12
285.36
285.605
285.855
286.108
286.361
286.613
286.864
287.115
287.368
287.622
287.876
288.129
288.38
288.63
288.878
289.124
289.368
289.606
289.839
290.065
290.282
290.49
290.686
290.869
291.037
291.191
291.328
291.449
291.553
291.642
291.716
291.777
291.824
291.861
291.888
291.907
291.921
291.93
291.936
291.939
291.941
291.942
291.942
291.941
291.941
291.94
291.939
291.938
291.938
291.937
291.936
291.935
291.935
291.934
291.933
291.932
291.932
291.931
291.93
291.929
291.929
291.928
291.927
291.927
291.926
291.925
291.925
291.924
291.924
291.923
291.922
291.922
291.921
291.921
291.92
291.921
291.919
283.1
283.047
283.072
283.127
283.232
283.341
283.471
283.612
283.78
283.963
284.163
284.366
284.574
284.785
285.006
285.233
285.467
285.702
285.94
286.177
286.418
286.661
286.907
287.153
287.399
287.644
287.889
288.134
288.376
288.615
288.85
289.079
289.3
289.513
289.715
289.906
290.083
290.246
290.393
290.524
290.639
290.738
290.821
290.89
290.946
290.99
291.023
291.048
291.066
291.078
291.086
291.091
291.093
291.095
291.095
291.095
291.095
291.094
291.093
291.093
291.092
291.091
291.09
291.089
291.089
291.088
291.087
291.086
291.086
291.085
291.084
291.084
291.083
291.082
291.082
291.081
291.08
291.08
291.079
291.078
291.078
291.077
291.077
291.076
291.076
291.075
291.076
291.075
291.076
291.076
283.067
283.033
283.043
283.076
283.138
283.208
283.297
283.404
283.538
283.689
283.857
284.032
284.216
284.408
284.611
284.822
285.041
285.263
285.489
285.717
285.95
286.186
286.424
286.664
286.905
287.146
287.387
287.627
287.865
288.1
288.329
288.552
288.767
288.972
289.166
289.347
289.514
289.666
289.803
289.923
290.028
290.117
290.191
290.251
290.3
290.337
290.365
290.386
290.4
290.41
290.416
290.42
290.422
290.423
290.423
290.422
290.422
290.421
290.42
290.42
290.419
290.418
290.417
290.417
290.416
290.415
290.414
290.413
290.413
290.412
290.411
290.411
290.41
290.409
290.409
290.408
290.407
290.406
290.406
290.405
290.405
290.404
290.404
290.403
290.403
290.402
290.402
290.401
290.401
290.401
283.126
283.094
283.105
283.116
283.155
283.196
283.265
283.349
283.463
283.591
283.738
283.893
284.063
284.241
284.433
284.633
284.841
285.054
285.272
285.494
285.721
285.952
286.185
286.421
286.658
286.895
287.133
287.369
287.602
287.831
288.055
288.27
288.477
288.672
288.856
289.025
289.18
289.319
289.443
289.55
289.642
289.719
289.782
289.833
289.872
289.903
289.925
289.94
289.951
289.958
289.963
289.965
289.966
289.967
289.966
289.966
289.965
289.964
289.964
289.963
289.962
289.961
289.96
289.96
289.959
289.958
289.957
289.957
289.956
289.955
289.954
289.954
289.953
289.952
289.952
289.951
289.95
289.95
289.949
289.949
289.948
289.947
289.947
289.946
289.947
289.945
289.946
289.945
289.946
289.947
283.083
283.071
283.081
283.09
283.116
283.152
283.213
283.293
283.398
283.518
283.655
283.803
283.967
284.141
284.328
284.524
284.727
284.935
285.15
285.37
285.595
285.823
286.055
286.288
286.523
286.758
286.993
287.226
287.456
287.68
287.898
288.107
288.305
288.492
288.665
288.824
288.967
289.095
289.206
289.301
289.382
289.448
289.502
289.544
289.576
289.6
289.617
289.628
289.636
289.641
289.644
289.646
289.646
289.646
289.646
289.645
289.644
289.643
289.643
289.642
289.641
289.64
289.639
289.639
289.638
289.637
289.636
289.636
289.635
289.634
289.633
289.633
289.632
289.631
289.631
289.63
289.629
289.629
289.628
289.627
289.627
289.626
289.626
289.625
289.625
289.624
289.624
289.623
289.623
289.624
283.184
283.168
283.181
283.181
283.206
283.235
283.297
283.374
283.478
283.593
283.728
283.873
284.036
284.209
284.395
284.588
284.79
284.997
285.211
285.43
285.654
285.881
286.112
286.345
286.579
286.813
287.047
287.278
287.506
287.727
287.941
288.145
288.339
288.52
288.687
288.839
288.975
289.095
289.199
289.288
289.361
289.421
289.469
289.506
289.534
289.554
289.568
289.578
289.584
289.588
289.59
289.591
289.591
289.591
289.59
289.59
289.589
289.588
289.587
289.586
289.586
289.585
289.584
289.583
289.582
289.582
289.581
289.58
289.579
289.579
289.578
289.577
289.577
289.576
289.575
289.574
289.574
289.573
289.573
289.572
289.572
289.571
289.571
289.57
289.57
289.569
289.57
289.568
289.57
289.57
286.133
288.404
289.695
290.626
291.383
292.026
292.6
293.118
293.596
294.037
294.452
294.843
295.218
295.576
295.923
296.255
296.579
296.892
297.198
297.497
297.79
298.076
298.356
298.63
298.898
299.16
299.416
299.663
299.904
300.134
300.355
300.563
300.76
300.941
301.109
301.259
301.394
301.512
301.614
301.699
301.771
301.828
301.873
301.908
301.934
301.952
301.965
301.974
301.98
301.983
301.985
301.985
301.986
301.985
301.985
301.984
301.983
301.982
301.982
301.981
301.98
301.979
301.979
301.978
301.977
301.977
301.976
301.975
301.975
301.974
301.973
301.973
301.972
301.971
301.971
301.97
301.97
301.969
301.968
301.968
301.967
301.966
301.966
301.965
301.965
301.964
301.965
301.963
301.969
301.97
283.942
285.546
286.741
287.652
288.401
289.039
289.608
290.124
290.602
291.046
291.461
291.853
292.227
292.587
292.933
293.268
293.592
293.907
294.213
294.513
294.806
295.094
295.376
295.652
295.921
296.186
296.444
296.696
296.94
297.176
297.403
297.619
297.823
298.015
298.192
298.354
298.499
298.629
298.741
298.838
298.92
298.987
299.041
299.083
299.116
299.14
299.157
299.169
299.177
299.182
299.185
299.186
299.187
299.187
299.187
299.186
299.186
299.185
299.184
299.184
299.183
299.182
299.182
299.181
299.18
299.18
299.179
299.179
299.178
299.177
299.177
299.176
299.176
299.175
299.175
299.174
299.174
299.173
299.173
299.172
299.172
299.171
299.171
299.17
299.17
299.169
299.17
299.168
299.172
299.173
283.254
284.025
284.877
285.642
286.316
286.905
287.438
287.927
288.386
288.819
289.226
289.611
289.977
290.329
290.67
291.001
291.323
291.636
291.94
292.237
292.529
292.817
293.098
293.375
293.646
293.912
294.173
294.429
294.678
294.92
295.154
295.379
295.593
295.797
295.987
296.163
296.323
296.468
296.597
296.71
296.806
296.887
296.954
297.008
297.05
297.082
297.106
297.123
297.135
297.143
297.148
297.151
297.152
297.153
297.153
297.153
297.152
297.152
297.151
297.15
297.149
297.149
297.148
297.148
297.147
297.146
297.146
297.145
297.144
297.144
297.143
297.143
297.142
297.141
297.141
297.14
297.14
297.139
297.139
297.138
297.138
297.137
297.137
297.136
297.136
297.135
297.136
297.134
297.137
297.137
283.108
283.357
283.814
284.334
284.854
285.339
285.792
286.22
286.632
287.031
287.413
287.776
288.123
288.457
288.784
289.104
289.417
289.722
290.019
290.31
290.597
290.88
291.159
291.434
291.704
291.97
292.232
292.489
292.741
292.988
293.228
293.461
293.684
293.898
294.1
294.29
294.465
294.626
294.771
294.899
295.011
295.107
295.188
295.255
295.308
295.35
295.381
295.405
295.421
295.433
295.44
295.445
295.447
295.449
295.449
295.449
295.449
295.448
295.448
295.447
295.446
295.445
295.445
295.444
295.443
295.443
295.442
295.441
295.441
295.44
295.439
295.439
295.438
295.437
295.437
295.436
295.436
295.435
295.434
295.434
295.433
295.433
295.432
295.432
295.431
295.431
295.431
295.43
295.431
295.431
283.116
283.141
283.328
283.617
283.961
284.31
284.655
284.993
285.334
285.675
286.014
286.341
286.656
286.961
287.263
287.562
287.858
288.149
288.435
288.714
288.991
289.266
289.539
289.809
290.075
290.338
290.597
290.854
291.107
291.356
291.599
291.836
292.066
292.287
292.498
292.697
292.884
293.056
293.213
293.354
293.479
293.587
293.68
293.757
293.82
293.87
293.909
293.938
293.959
293.973
293.983
293.989
293.993
293.995
293.996
293.996
293.996
293.996
293.995
293.994
293.993
293.993
293.992
293.991
293.99
293.99
293.989
293.988
293.988
293.987
293.986
293.986
293.985
293.984
293.984
293.983
293.982
293.982
293.981
293.981
293.98
293.979
293.979
293.978
293.978
293.977
293.977
293.976
293.977
293.976
283.127
283.082
283.134
283.27
283.472
283.698
283.933
284.177
284.437
284.711
284.994
285.275
285.549
285.819
286.088
286.361
286.634
286.906
287.175
287.44
287.703
287.967
288.23
288.492
288.752
289.01
289.265
289.518
289.77
290.018
290.262
290.5
290.732
290.956
291.171
291.375
291.567
291.746
291.909
292.057
292.188
292.303
292.402
292.485
292.554
292.609
292.651
292.684
292.707
292.724
292.735
292.742
292.747
292.749
292.751
292.751
292.751
292.75
292.75
292.749
292.748
292.747
292.747
292.746
292.745
292.744
292.743
292.743
292.742
292.741
292.741
292.74
292.739
292.739
292.738
292.737
292.737
292.736
292.735
292.735
292.734
292.733
292.733
292.732
292.732
292.731
292.731
292.73
292.73
292.729
283.133
283.075
283.075
283.132
283.243
283.376
283.524
283.688
283.876
284.087
284.314
284.545
284.777
285.009
285.246
285.489
285.738
285.988
286.238
286.486
286.735
286.986
287.239
287.492
287.744
287.995
288.244
288.493
288.741
288.986
289.227
289.464
289.694
289.917
290.131
290.334
290.526
290.704
290.867
291.014
291.145
291.26
291.358
291.441
291.509
291.564
291.607
291.639
291.662
291.679
291.69
291.697
291.702
291.704
291.705
291.706
291.706
291.705
291.704
291.704
291.703
291.702
291.701
291.7
291.7
291.699
291.698
291.697
291.697
291.696
291.695
291.694
291.694
291.693
291.692
291.692
291.691
291.69
291.69
291.689
291.688
291.688
291.687
291.686
291.686
291.685
291.685
291.684
291.684
291.683
283.138
283.083
283.071
283.094
283.153
283.226
283.315
283.422
283.558
283.718
283.898
284.087
284.281
284.48
284.689
284.907
285.134
285.363
285.595
285.828
286.065
286.304
286.547
286.79
287.035
287.279
287.523
287.767
288.009
288.25
288.487
288.719
288.944
289.162
289.37
289.567
289.752
289.923
290.078
290.218
290.342
290.449
290.541
290.617
290.68
290.729
290.767
290.796
290.817
290.831
290.841
290.847
290.851
290.853
290.854
290.854
290.853
290.853
290.852
290.851
290.85
290.85
290.849
290.848
290.847
290.846
290.846
290.845
290.844
290.843
290.843
290.842
290.841
290.841
290.84
290.839
290.839
290.838
290.837
290.836
290.836
290.835
290.835
290.834
290.834
290.833
290.833
290.832
290.832
290.831
283.129
283.087
283.078
283.088
283.119
283.158
283.214
283.29
283.395
283.523
283.67
283.827
283.995
284.172
284.362
284.563
284.772
284.987
285.205
285.427
285.654
285.885
286.12
286.357
286.595
286.834
287.073
287.312
287.55
287.785
288.016
288.241
288.459
288.667
288.866
289.052
289.225
289.383
289.525
289.651
289.762
289.856
289.936
290.001
290.054
290.095
290.126
290.149
290.165
290.176
290.183
290.188
290.19
290.191
290.192
290.191
290.191
290.19
290.189
290.189
290.188
290.187
290.186
290.185
290.185
290.184
290.183
290.182
290.182
290.181
290.18
290.179
290.179
290.178
290.177
290.176
290.176
290.175
290.175
290.174
290.173
290.172
290.172
290.171
290.171
290.17
290.17
290.169
290.169
290.169
283.138
283.109
283.105
283.107
283.123
283.145
283.187
283.25
283.341
283.451
283.579
283.719
283.873
284.04
284.22
284.41
284.609
284.814
285.026
285.242
285.464
285.69
285.92
286.152
286.386
286.621
286.857
287.092
287.325
287.554
287.778
287.994
288.202
288.399
288.584
288.756
288.913
289.055
289.181
289.291
289.385
289.464
289.529
289.581
289.622
289.654
289.677
289.693
289.705
289.712
289.717
289.719
289.721
289.721
289.721
289.72
289.72
289.719
289.718
289.717
289.717
289.716
289.715
289.714
289.713
289.713
289.712
289.711
289.71
289.71
289.709
289.708
289.707
289.707
289.706
289.705
289.705
289.704
289.703
289.703
289.702
289.701
289.701
289.7
289.7
289.699
289.699
289.698
289.698
289.698
283.135
283.118
283.118
283.115
283.126
283.145
283.188
283.251
283.339
283.443
283.564
283.7
283.851
284.015
284.193
284.38
284.575
284.777
284.986
285.201
285.421
285.646
285.874
286.104
286.336
286.57
286.803
287.034
287.262
287.485
287.702
287.909
288.106
288.292
288.463
288.621
288.762
288.888
288.997
289.091
289.17
289.235
289.287
289.328
289.358
289.381
289.398
289.409
289.416
289.421
289.424
289.425
289.425
289.425
289.425
289.424
289.423
289.423
289.422
289.421
289.42
289.419
289.419
289.418
289.417
289.416
289.415
289.415
289.414
289.413
289.413
289.412
289.411
289.41
289.41
289.409
289.408
289.408
289.407
289.406
289.406
289.405
289.405
289.404
289.404
289.403
289.403
289.402
289.402
289.402
283.164
283.148
283.15
283.143
283.155
283.176
283.225
283.291
283.381
283.485
283.608
283.744
283.898
284.064
284.242
284.429
284.624
284.827
285.036
285.252
285.472
285.697
285.924
286.154
286.386
286.619
286.85
287.079
287.304
287.522
287.732
287.933
288.122
288.298
288.46
288.606
288.736
288.85
288.948
289.031
289.099
289.154
289.198
289.231
289.255
289.273
289.285
289.293
289.298
289.301
289.303
289.304
289.304
289.303
289.302
289.302
289.301
289.3
289.299
289.299
289.298
289.297
289.296
289.295
289.295
289.294
289.293
289.292
289.292
289.291
289.29
289.289
289.289
289.288
289.287
289.287
289.286
289.285
289.285
289.284
289.284
289.283
289.283
289.282
289.282
289.281
289.281
289.28
289.281
289.281
286.133
288.404
289.695
290.626
291.383
292.026
292.6
293.118
293.596
294.037
294.452
294.843
295.218
295.576
295.923
296.255
296.579
296.892
297.198
297.497
297.79
298.076
298.356
298.63
298.898
299.16
299.416
299.663
299.904
300.134
300.355
300.563
300.76
300.941
301.109
301.259
301.394
301.512
301.614
301.699
301.771
301.828
301.873
301.908
301.934
301.952
301.966
301.974
301.98
301.983
301.985
301.985
301.986
301.985
301.985
301.984
301.983
301.982
301.982
301.981
301.98
301.979
301.979
301.978
301.977
301.977
301.976
301.975
301.975
301.974
301.973
301.973
301.972
301.971
301.971
301.97
301.97
301.969
301.968
301.968
301.967
301.966
301.966
301.965
301.965
301.964
301.965
301.963
301.969
301.97
283.942
285.546
286.741
287.652
288.401
289.039
289.608
290.124
290.602
291.046
291.461
291.853
292.227
292.587
292.933
293.268
293.592
293.907
294.213
294.513
294.806
295.094
295.376
295.652
295.921
296.186
296.444
296.696
296.94
297.176
297.403
297.619
297.823
298.015
298.192
298.354
298.499
298.629
298.741
298.838
298.92
298.987
299.041
299.083
299.116
299.14
299.157
299.169
299.177
299.182
299.185
299.186
299.187
299.187
299.187
299.186
299.186
299.185
299.184
299.184
299.183
299.182
299.182
299.181
299.18
299.18
299.179
299.179
299.178
299.177
299.177
299.176
299.176
299.175
299.175
299.174
299.174
299.173
299.173
299.172
299.172
299.171
299.171
299.17
299.17
299.169
299.17
299.168
299.172
299.173
283.254
284.025
284.877
285.642
286.316
286.905
287.438
287.927
288.386
288.819
289.226
289.611
289.977
290.329
290.67
291.001
291.323
291.636
291.94
292.237
292.529
292.817
293.098
293.375
293.646
293.912
294.173
294.429
294.678
294.92
295.154
295.379
295.593
295.797
295.986
296.163
296.323
296.468
296.597
296.71
296.806
296.887
296.954
297.008
297.05
297.082
297.106
297.123
297.135
297.143
297.148
297.151
297.152
297.153
297.153
297.153
297.152
297.152
297.151
297.15
297.149
297.149
297.148
297.148
297.147
297.146
297.146
297.145
297.144
297.144
297.143
297.143
297.142
297.141
297.141
297.14
297.14
297.139
297.139
297.138
297.138
297.137
297.137
297.136
297.136
297.135
297.136
297.134
297.137
297.137
283.108
283.357
283.814
284.334
284.854
285.339
285.792
286.22
286.632
287.031
287.413
287.776
288.123
288.457
288.784
289.104
289.417
289.722
290.019
290.31
290.597
290.88
291.159
291.434
291.704
291.97
292.232
292.489
292.741
292.988
293.228
293.461
293.684
293.898
294.1
294.29
294.465
294.626
294.771
294.899
295.011
295.107
295.188
295.255
295.308
295.35
295.381
295.405
295.421
295.433
295.44
295.445
295.447
295.449
295.449
295.449
295.449
295.448
295.448
295.447
295.446
295.445
295.445
295.444
295.443
295.443
295.442
295.441
295.441
295.44
295.439
295.439
295.438
295.437
295.437
295.436
295.436
295.435
295.434
295.434
295.433
295.433
295.432
295.432
295.431
295.431
295.431
295.43
295.431
295.431
283.116
283.141
283.328
283.617
283.961
284.31
284.655
284.993
285.334
285.675
286.014
286.341
286.656
286.961
287.263
287.562
287.858
288.149
288.435
288.714
288.991
289.266
289.539
289.809
290.075
290.338
290.597
290.854
291.107
291.356
291.599
291.836
292.066
292.287
292.498
292.697
292.884
293.056
293.213
293.354
293.479
293.587
293.68
293.757
293.82
293.87
293.909
293.938
293.959
293.973
293.983
293.989
293.993
293.995
293.996
293.996
293.996
293.996
293.995
293.994
293.993
293.993
293.992
293.991
293.99
293.99
293.989
293.988
293.988
293.987
293.986
293.986
293.985
293.984
293.984
293.983
293.982
293.982
293.981
293.981
293.98
293.979
293.979
293.978
293.978
293.977
293.977
293.976
293.977
293.976
283.127
283.082
283.134
283.27
283.472
283.698
283.933
284.177
284.437
284.711
284.994
285.275
285.549
285.819
286.088
286.361
286.634
286.906
287.175
287.44
287.703
287.967
288.23
288.492
288.752
289.01
289.265
289.518
289.77
290.018
290.262
290.5
290.732
290.956
291.171
291.375
291.567
291.746
291.909
292.057
292.188
292.303
292.402
292.485
292.554
292.609
292.651
292.684
292.707
292.724
292.735
292.742
292.747
292.749
292.751
292.751
292.751
292.75
292.75
292.749
292.748
292.747
292.747
292.746
292.745
292.744
292.743
292.743
292.742
292.741
292.741
292.74
292.739
292.739
292.738
292.737
292.737
292.736
292.735
292.735
292.734
292.733
292.733
292.732
292.732
292.731
292.731
292.73
292.73
292.729
283.133
283.075
283.075
283.132
283.243
283.376
283.524
283.688
283.876
284.087
284.314
284.545
284.777
285.009
285.246
285.489
285.738
285.988
286.238
286.486
286.735
286.986
287.239
287.492
287.744
287.995
288.244
288.493
288.741
288.986
289.227
289.464
289.694
289.917
290.131
290.334
290.526
290.704
290.867
291.014
291.145
291.26
291.358
291.441
291.509
291.564
291.607
291.639
291.662
291.679
291.69
291.697
291.702
291.704
291.705
291.706
291.706
291.705
291.704
291.704
291.703
291.702
291.701
291.7
291.7
291.699
291.698
291.697
291.697
291.696
291.695
291.694
291.694
291.693
291.692
291.692
291.691
291.69
291.69
291.689
291.688
291.688
291.687
291.686
291.686
291.685
291.685
291.684
291.684
291.683
283.138
283.083
283.071
283.094
283.153
283.226
283.315
283.422
283.558
283.718
283.898
284.087
284.281
284.48
284.689
284.907
285.134
285.363
285.595
285.828
286.065
286.304
286.547
286.79
287.035
287.279
287.523
287.767
288.009
288.25
288.487
288.719
288.944
289.162
289.37
289.567
289.752
289.923
290.078
290.218
290.342
290.449
290.541
290.617
290.68
290.729
290.767
290.796
290.817
290.831
290.841
290.847
290.851
290.853
290.854
290.854
290.853
290.853
290.852
290.851
290.85
290.85
290.849
290.848
290.847
290.846
290.846
290.845
290.844
290.843
290.843
290.842
290.841
290.841
290.84
290.839
290.839
290.838
290.837
290.836
290.836
290.835
290.835
290.834
290.834
290.833
290.833
290.832
290.832
290.831
283.129
283.087
283.078
283.088
283.119
283.158
283.214
283.29
283.395
283.523
283.67
283.827
283.995
284.172
284.362
284.563
284.772
284.987
285.205
285.427
285.654
285.885
286.12
286.357
286.595
286.834
287.073
287.312
287.55
287.785
288.016
288.241
288.459
288.667
288.866
289.052
289.225
289.383
289.525
289.651
289.762
289.856
289.936
290.001
290.054
290.095
290.126
290.149
290.165
290.176
290.183
290.188
290.19
290.191
290.192
290.191
290.191
290.19
290.189
290.189
290.188
290.187
290.186
290.185
290.185
290.184
290.183
290.182
290.182
290.181
290.18
290.179
290.179
290.178
290.177
290.176
290.176
290.175
290.175
290.174
290.173
290.172
290.172
290.171
290.171
290.17
290.17
290.169
290.169
290.169
283.138
283.109
283.105
283.107
283.123
283.145
283.187
283.25
283.341
283.451
283.579
283.719
283.873
284.04
284.22
284.41
284.609
284.814
285.026
285.242
285.464
285.69
285.92
286.152
286.386
286.621
286.857
287.092
287.325
287.554
287.778
287.994
288.202
288.399
288.584
288.756
288.913
289.055
289.181
289.291
289.385
289.464
289.529
289.581
289.622
289.654
289.677
289.693
289.705
289.712
289.717
289.719
289.721
289.721
289.721
289.72
289.72
289.719
289.718
289.717
289.717
289.716
289.715
289.714
289.713
289.713
289.712
289.711
289.71
289.71
289.709
289.708
289.707
289.707
289.706
289.705
289.705
289.704
289.703
289.703
289.702
289.701
289.701
289.7
289.7
289.699
289.699
289.698
289.698
289.698
283.135
283.118
283.118
283.115
283.126
283.145
283.188
283.251
283.339
283.443
283.564
283.7
283.851
284.015
284.193
284.38
284.575
284.777
284.986
285.201
285.421
285.646
285.874
286.104
286.336
286.57
286.803
287.034
287.262
287.485
287.702
287.909
288.106
288.292
288.463
288.621
288.762
288.888
288.997
289.091
289.17
289.235
289.287
289.328
289.358
289.381
289.398
289.409
289.416
289.421
289.424
289.425
289.425
289.425
289.425
289.424
289.423
289.423
289.422
289.421
289.42
289.419
289.419
289.418
289.417
289.416
289.415
289.415
289.414
289.413
289.413
289.412
289.411
289.41
289.41
289.409
289.408
289.408
289.407
289.406
289.406
289.405
289.405
289.404
289.404
289.403
289.403
289.402
289.402
289.402
283.164
283.148
283.15
283.143
283.155
283.176
283.225
283.291
283.381
283.485
283.608
283.744
283.898
284.064
284.242
284.429
284.624
284.827
285.036
285.252
285.472
285.697
285.924
286.154
286.386
286.619
286.85
287.079
287.304
287.522
287.732
287.933
288.122
288.298
288.46
288.606
288.736
288.85
288.948
289.031
289.099
289.154
289.198
289.231
289.255
289.273
289.285
289.293
289.298
289.301
289.303
289.304
289.303
289.303
289.302
289.302
289.301
289.3
289.299
289.298
289.298
289.297
289.296
289.295
289.295
289.294
289.293
289.292
289.292
289.291
289.29
289.289
289.289
289.288
289.287
289.287
289.286
289.285
289.285
289.284
289.284
289.283
289.283
289.282
289.282
289.281
289.281
289.28
289.281
289.281
285.527
287.279
288.393
289.234
289.941
290.544
291.092
291.588
292.052
292.48
292.885
293.266
293.633
293.984
294.325
294.654
294.973
295.283
295.586
295.883
296.174
296.458
296.738
297.011
297.279
297.541
297.797
298.046
298.288
298.521
298.744
298.956
299.156
299.343
299.515
299.671
299.811
299.935
300.042
300.134
300.21
300.272
300.322
300.36
300.389
300.411
300.426
300.436
300.443
300.447
300.449
300.451
300.451
300.451
300.451
300.45
300.449
300.449
300.448
300.447
300.447
300.446
300.445
300.445
300.444
300.443
300.443
300.442
300.442
300.441
300.44
300.44
300.439
300.439
300.438
300.438
300.437
300.437
300.436
300.436
300.435
300.435
300.434
300.434
300.434
300.433
300.434
300.433
300.438
300.437
284.186
285.635
286.678
287.498
288.189
288.785
289.323
289.813
290.272
290.699
291.101
291.481
291.845
292.195
292.535
292.863
293.182
293.491
293.794
294.09
294.38
294.665
294.945
295.219
295.487
295.75
296.008
296.259
296.503
296.739
296.965
297.182
297.387
297.579
297.757
297.92
298.067
298.198
298.312
298.41
298.493
298.562
298.617
298.661
298.694
298.719
298.736
298.749
298.757
298.762
298.766
298.767
298.768
298.768
298.768
298.767
298.767
298.766
298.765
298.765
298.764
298.763
298.763
298.762
298.761
298.761
298.76
298.759
298.759
298.758
298.758
298.757
298.756
298.756
298.755
298.755
298.754
298.753
298.753
298.752
298.752
298.751
298.751
298.75
298.75
298.749
298.75
298.749
298.752
298.751
283.494
284.423
285.274
285.99
286.625
287.176
287.681
288.142
288.582
288.993
289.386
289.755
290.11
290.45
290.783
291.106
291.421
291.726
292.026
292.318
292.606
292.89
293.168
293.442
293.711
293.974
294.233
294.486
294.734
294.974
295.206
295.429
295.641
295.842
296.029
296.203
296.361
296.503
296.629
296.739
296.833
296.911
296.976
297.028
297.069
297.1
297.122
297.139
297.15
297.157
297.162
297.165
297.166
297.166
297.166
297.166
297.165
297.165
297.164
297.163
297.163
297.162
297.161
297.16
297.16
297.159
297.158
297.158
297.157
297.156
297.156
297.155
297.155
297.154
297.153
297.153
297.152
297.152
297.151
297.151
297.15
297.15
297.149
297.149
297.149
297.148
297.149
297.148
297.151
297.15
283.146
283.609
284.178
284.734
285.261
285.737
286.18
286.594
286.994
287.378
287.747
288.097
288.434
288.759
289.077
289.39
289.696
289.995
290.287
290.574
290.857
291.136
291.412
291.684
291.951
292.214
292.473
292.728
292.978
293.222
293.459
293.688
293.907
294.117
294.314
294.498
294.668
294.822
294.961
295.083
295.189
295.279
295.355
295.416
295.465
295.504
295.532
295.553
295.568
295.578
295.584
295.588
295.59
295.591
295.591
295.591
295.591
295.59
295.589
295.589
295.588
295.587
295.586
295.586
295.585
295.584
295.584
295.583
295.582
295.582
295.581
295.58
295.58
295.579
295.578
295.578
295.577
295.576
295.576
295.575
295.575
295.574
295.574
295.573
295.573
295.572
295.572
295.571
295.573
295.571
283.1
283.254
283.577
283.942
284.337
284.707
285.067
285.409
285.752
286.089
286.422
286.741
287.05
287.35
287.647
287.941
288.233
288.519
288.801
289.077
289.351
289.623
289.894
290.161
290.425
290.685
290.942
291.197
291.447
291.693
291.933
292.166
292.39
292.606
292.81
293.003
293.182
293.346
293.494
293.626
293.742
293.842
293.926
293.996
294.052
294.096
294.13
294.155
294.173
294.185
294.193
294.198
294.201
294.203
294.203
294.203
294.203
294.202
294.201
294.201
294.2
294.199
294.198
294.198
294.197
294.196
294.196
294.195
294.194
294.193
294.193
294.192
294.191
294.191
294.19
294.189
294.189
294.188
294.188
294.187
294.187
294.186
294.186
294.185
294.185
294.184
294.185
294.184
294.186
294.184
283.072
283.082
283.236
283.448
283.717
283.985
284.255
284.524
284.803
285.088
285.377
285.659
285.934
286.206
286.477
286.75
287.024
287.294
287.562
287.826
288.09
288.353
288.616
288.877
289.136
289.392
289.646
289.898
290.148
290.393
290.634
290.868
291.095
291.313
291.521
291.718
291.902
292.071
292.224
292.362
292.483
292.588
292.677
292.752
292.812
292.86
292.896
292.924
292.943
292.957
292.966
292.972
292.975
292.977
292.978
292.978
292.977
292.977
292.976
292.975
292.975
292.974
292.973
292.972
292.971
292.971
292.97
292.969
292.968
292.968
292.967
292.966
292.966
292.965
292.964
292.964
292.963
292.962
292.962
292.961
292.961
292.96
292.959
292.959
292.958
292.957
292.957
292.956
292.957
292.956
283.078
283.034
283.099
283.21
283.381
283.558
283.748
283.947
284.165
284.397
284.638
284.88
285.12
285.36
285.605
285.855
286.108
286.361
286.613
286.864
287.115
287.368
287.622
287.876
288.129
288.38
288.63
288.878
289.124
289.368
289.606
289.839
290.065
290.282
290.49
290.686
290.869
291.037
291.191
291.328
291.449
291.553
291.642
291.716
291.777
291.824
291.861
291.888
291.907
291.921
291.93
291.936
291.939
291.941
291.941
291.942
291.941
291.941
291.94
291.939
291.938
291.938
291.937
291.936
291.935
291.934
291.934
291.933
291.932
291.932
291.931
291.93
291.929
291.929
291.928
291.927
291.927
291.926
291.925
291.925
291.924
291.924
291.923
291.922
291.922
291.921
291.921
291.92
291.92
291.919
283.1
283.047
283.072
283.127
283.232
283.341
283.471
283.612
283.78
283.963
284.163
284.366
284.574
284.785
285.006
285.233
285.467
285.702
285.94
286.177
286.418
286.661
286.907
287.153
287.399
287.644
287.889
288.134
288.376
288.615
288.85
289.079
289.3
289.513
289.715
289.906
290.083
290.246
290.393
290.524
290.639
290.738
290.821
290.89
290.946
290.99
291.023
291.048
291.065
291.078
291.086
291.091
291.093
291.095
291.095
291.095
291.095
291.094
291.093
291.093
291.092
291.091
291.09
291.089
291.089
291.088
291.087
291.086
291.086
291.085
291.084
291.084
291.083
291.082
291.082
291.081
291.08
291.08
291.079
291.078
291.078
291.077
291.077
291.076
291.076
291.075
291.076
291.075
291.076
291.076
283.067
283.033
283.043
283.076
283.138
283.208
283.297
283.404
283.538
283.689
283.857
284.032
284.216
284.408
284.611
284.822
285.041
285.263
285.489
285.717
285.95
286.186
286.424
286.664
286.905
287.146
287.387
287.627
287.865
288.1
288.329
288.552
288.767
288.972
289.166
289.347
289.514
289.666
289.803
289.923
290.028
290.117
290.191
290.251
290.3
290.337
290.365
290.386
290.4
290.41
290.416
290.42
290.422
290.423
290.423
290.422
290.422
290.421
290.42
290.42
290.419
290.418
290.417
290.416
290.416
290.415
290.414
290.413
290.413
290.412
290.411
290.411
290.41
290.409
290.409
290.408
290.407
290.406
290.406
290.405
290.405
290.404
290.404
290.403
290.403
290.402
290.402
290.401
290.401
290.401
283.126
283.094
283.105
283.116
283.155
283.196
283.265
283.349
283.463
283.591
283.738
283.893
284.063
284.241
284.433
284.633
284.841
285.054
285.272
285.494
285.721
285.952
286.185
286.421
286.658
286.895
287.133
287.369
287.602
287.831
288.055
288.27
288.477
288.672
288.856
289.025
289.18
289.319
289.443
289.55
289.642
289.719
289.782
289.833
289.872
289.903
289.925
289.94
289.951
289.958
289.963
289.965
289.966
289.967
289.966
289.966
289.965
289.964
289.964
289.963
289.962
289.961
289.96
289.96
289.959
289.958
289.957
289.957
289.956
289.955
289.954
289.954
289.953
289.952
289.952
289.951
289.95
289.95
289.949
289.948
289.948
289.947
289.947
289.946
289.946
289.945
289.946
289.945
289.946
289.947
283.083
283.071
283.081
283.09
283.116
283.152
283.213
283.293
283.398
283.518
283.655
283.803
283.967
284.141
284.328
284.524
284.727
284.935
285.15
285.37
285.595
285.823
286.055
286.288
286.523
286.758
286.993
287.226
287.456
287.68
287.898
288.107
288.305
288.492
288.665
288.824
288.967
289.095
289.206
289.301
289.382
289.448
289.502
289.544
289.576
289.6
289.617
289.628
289.636
289.641
289.644
289.646
289.646
289.646
289.646
289.645
289.644
289.643
289.643
289.642
289.641
289.64
289.639
289.639
289.638
289.637
289.636
289.636
289.635
289.634
289.633
289.633
289.632
289.631
289.631
289.63
289.629
289.629
289.628
289.627
289.627
289.626
289.626
289.625
289.625
289.624
289.624
289.623
289.623
289.624
283.184
283.169
283.181
283.181
283.206
283.235
283.297
283.374
283.478
283.593
283.728
283.873
284.036
284.209
284.395
284.588
284.79
284.997
285.211
285.43
285.654
285.881
286.112
286.345
286.579
286.813
287.047
287.278
287.506
287.727
287.941
288.145
288.339
288.52
288.687
288.839
288.975
289.095
289.199
289.288
289.361
289.421
289.469
289.506
289.534
289.554
289.568
289.578
289.584
289.588
289.59
289.591
289.591
289.591
289.59
289.59
289.589
289.588
289.587
289.586
289.585
289.585
289.584
289.583
289.582
289.582
289.581
289.58
289.579
289.579
289.578
289.577
289.577
289.576
289.575
289.574
289.574
289.573
289.573
289.572
289.571
289.571
289.571
289.57
289.57
289.569
289.57
289.568
289.57
289.57
284.843
286.448
287.498
288.344
289.028
289.639
290.174
290.676
291.132
291.565
291.965
292.349
292.712
293.066
293.405
293.735
294.053
294.363
294.665
294.962
295.252
295.538
295.816
296.09
296.357
296.62
296.876
297.125
297.367
297.601
297.825
298.038
298.239
298.427
298.6
298.758
298.899
299.025
299.133
299.226
299.304
299.368
299.418
299.458
299.488
299.51
299.526
299.537
299.544
299.548
299.551
299.552
299.552
299.552
299.552
299.552
299.551
299.55
299.55
299.549
299.548
299.548
299.547
299.546
299.546
299.545
299.544
299.544
299.543
299.542
299.542
299.541
299.541
299.54
299.539
299.539
299.538
299.537
299.537
299.536
299.535
299.534
299.533
299.533
299.531
299.531
299.528
299.528
299.524
299.52
284.016
285.481
286.493
287.315
287.989
288.588
289.116
289.609
290.061
290.49
290.888
291.269
291.63
291.981
292.318
292.647
292.964
293.273
293.575
293.871
294.16
294.445
294.724
294.998
295.266
295.528
295.785
296.036
296.28
296.515
296.741
296.957
297.162
297.353
297.53
297.693
297.839
297.969
298.082
298.18
298.262
298.329
298.384
298.427
298.46
298.484
298.501
298.514
298.522
298.527
298.53
298.532
298.532
298.532
298.532
298.532
298.531
298.53
298.53
298.529
298.528
298.527
298.527
298.526
298.525
298.525
298.524
298.523
298.523
298.522
298.521
298.521
298.52
298.519
298.519
298.518
298.517
298.517
298.516
298.515
298.514
298.514
298.513
298.512
298.511
298.51
298.508
298.508
298.503
298.499
283.209
284.268
285.124
285.874
286.5
287.068
287.566
288.039
288.473
288.891
289.279
289.652
290.004
290.348
290.678
291.003
291.316
291.623
291.921
292.215
292.502
292.786
293.064
293.338
293.606
293.87
294.128
294.381
294.628
294.867
295.098
295.32
295.531
295.73
295.916
296.088
296.244
296.384
296.508
296.616
296.708
296.784
296.847
296.898
296.937
296.967
296.989
297.004
297.015
297.022
297.026
297.029
297.03
297.03
297.03
297.03
297.029
297.028
297.028
297.027
297.026
297.025
297.025
297.024
297.023
297.023
297.022
297.021
297.02
297.02
297.019
297.018
297.018
297.017
297.016
297.016
297.015
297.014
297.013
297.013
297.012
297.011
297.01
297.009
297.007
297.007
297.004
297.005
296.998
296.992
282.913
283.499
284.11
284.709
285.245
285.739
286.183
286.607
287.005
287.393
287.76
288.112
288.447
288.773
289.09
289.404
289.709
290.008
290.299
290.586
290.868
291.148
291.423
291.695
291.962
292.224
292.483
292.737
292.986
293.23
293.465
293.693
293.911
294.119
294.314
294.496
294.663
294.815
294.951
295.07
295.174
295.261
295.334
295.394
295.441
295.477
295.504
295.524
295.538
295.547
295.553
295.557
295.559
295.56
295.56
295.559
295.559
295.558
295.558
295.557
295.556
295.555
295.555
295.554
295.553
295.552
295.552
295.551
295.55
295.549
295.549
295.548
295.547
295.547
295.546
295.545
295.544
295.544
295.543
295.542
295.541
295.541
295.54
295.539
295.538
295.537
295.535
295.535
295.53
295.524
282.783
283.064
283.429
283.868
284.283
284.69
285.059
285.421
285.768
286.116
286.45
286.774
287.083
287.387
287.685
287.983
288.274
288.562
288.843
289.121
289.396
289.669
289.939
290.207
290.471
290.732
290.989
291.243
291.493
291.738
291.977
292.209
292.432
292.646
292.848
293.038
293.214
293.375
293.52
293.649
293.762
293.859
293.94
294.007
294.06
294.102
294.134
294.158
294.174
294.186
294.193
294.198
294.2
294.201
294.202
294.202
294.201
294.201
294.2
294.199
294.199
294.198
294.197
294.196
294.195
294.195
294.194
294.193
294.193
294.192
294.191
294.19
294.19
294.189
294.188
294.187
294.187
294.186
294.185
294.184
294.183
294.183
294.182
294.181
294.179
294.179
294.176
294.176
294.173
294.167
282.791
282.914
283.104
283.397
283.694
284
284.289
284.576
284.864
285.16
285.452
285.739
286.017
286.292
286.565
286.841
287.116
287.388
287.656
287.921
288.185
288.45
288.713
288.974
289.233
289.49
289.744
289.996
290.245
290.49
290.73
290.963
291.188
291.404
291.61
291.804
291.984
292.15
292.3
292.434
292.552
292.653
292.739
292.81
292.867
292.912
292.946
292.972
292.99
293.003
293.011
293.016
293.019
293.021
293.021
293.021
293.021
293.02
293.019
293.019
293.018
293.017
293.016
293.016
293.015
293.014
293.013
293.013
293.012
293.011
293.011
293.01
293.009
293.008
293.008
293.007
293.006
293.006
293.005
293.004
293.003
293.003
293.002
293.001
293
292.999
292.998
292.997
292.996
292.992
282.795
282.852
282.941
283.127
283.325
283.545
283.757
283.978
284.209
284.454
284.703
284.952
285.197
285.443
285.692
285.946
286.202
286.457
286.711
286.964
287.218
287.473
287.728
287.982
288.236
288.487
288.738
288.986
289.233
289.476
289.714
289.945
290.169
290.385
290.59
290.783
290.963
291.129
291.278
291.412
291.529
291.63
291.715
291.786
291.843
291.888
291.923
291.948
291.966
291.979
291.987
291.992
291.995
291.997
291.997
291.997
291.997
291.996
291.995
291.995
291.994
291.993
291.992
291.992
291.991
291.99
291.989
291.989
291.988
291.987
291.986
291.986
291.985
291.984
291.984
291.983
291.982
291.981
291.981
291.98
291.979
291.979
291.978
291.977
291.976
291.975
291.974
291.973
291.973
291.97
282.775
282.812
282.852
282.969
283.095
283.247
283.396
283.567
283.749
283.953
284.161
284.378
284.593
284.815
285.041
285.276
285.514
285.755
285.995
286.237
286.48
286.727
286.974
287.223
287.47
287.717
287.963
288.208
288.451
288.69
288.925
289.153
289.373
289.584
289.784
289.973
290.147
290.307
290.451
290.579
290.69
290.786
290.867
290.933
290.986
291.028
291.059
291.083
291.099
291.11
291.118
291.122
291.125
291.126
291.126
291.126
291.126
291.125
291.124
291.124
291.123
291.122
291.121
291.121
291.12
291.119
291.118
291.118
291.117
291.116
291.115
291.115
291.114
291.113
291.112
291.112
291.111
291.11
291.109
291.109
291.108
291.107
291.106
291.105
291.104
291.103
291.102
291.1
291.099
291.097
282.8
282.825
282.848
282.918
282.996
283.095
283.201
283.331
283.477
283.645
283.822
284.008
284.199
284.401
284.61
284.828
285.05
285.277
285.506
285.739
285.974
286.213
286.453
286.696
286.938
287.18
287.422
287.663
287.901
288.136
288.365
288.587
288.8
289.004
289.196
289.375
289.54
289.69
289.824
289.941
290.043
290.13
290.202
290.26
290.306
290.342
290.369
290.388
290.402
290.411
290.417
290.42
290.422
290.423
290.423
290.423
290.422
290.421
290.421
290.42
290.419
290.418
290.418
290.417
290.416
290.415
290.415
290.414
290.413
290.412
290.412
290.411
290.41
290.409
290.409
290.408
290.407
290.407
290.406
290.405
290.404
290.404
290.403
290.402
290.401
290.4
290.399
290.397
290.397
290.396
282.733
282.772
282.786
282.84
282.886
282.961
283.04
283.15
283.274
283.421
283.576
283.745
283.921
284.11
284.307
284.515
284.727
284.946
285.167
285.394
285.623
285.857
286.093
286.331
286.569
286.808
287.047
287.284
287.517
287.747
287.969
288.184
288.39
288.584
288.766
288.934
289.087
289.225
289.346
289.451
289.541
289.617
289.678
289.727
289.766
289.794
289.816
289.831
289.841
289.848
289.852
289.854
289.855
289.856
289.855
289.855
289.854
289.854
289.853
289.852
289.851
289.85
289.85
289.849
289.848
289.847
289.847
289.846
289.845
289.844
289.844
289.843
289.842
289.841
289.841
289.84
289.839
289.838
289.838
289.837
289.836
289.835
289.834
289.833
289.832
289.831
289.829
289.828
289.827
289.826
282.768
282.8
282.811
282.849
282.88
282.938
283.007
283.105
283.217
283.351
283.494
283.653
283.821
284.004
284.195
284.396
284.602
284.815
285.033
285.256
285.483
285.713
285.946
286.182
286.418
286.654
286.89
287.124
287.353
287.578
287.795
288.004
288.202
288.389
288.561
288.719
288.862
288.989
289.099
289.194
289.274
289.339
289.392
289.434
289.465
289.489
289.505
289.517
289.525
289.53
289.532
289.534
289.534
289.534
289.534
289.533
289.533
289.532
289.531
289.53
289.529
289.529
289.528
289.527
289.526
289.525
289.525
289.524
289.523
289.523
289.522
289.521
289.52
289.52
289.519
289.518
289.517
289.517
289.516
289.515
289.514
289.514
289.512
289.512
289.511
289.51
289.508
289.507
289.506
289.505
282.706
282.744
282.752
282.789
282.815
282.873
282.938
283.036
283.144
283.276
283.415
283.572
283.739
283.92
284.11
284.31
284.514
284.726
284.942
285.165
285.391
285.621
285.853
286.087
286.323
286.558
286.793
287.025
287.253
287.476
287.691
287.897
288.091
288.274
288.442
288.596
288.734
288.855
288.961
289.051
289.126
289.188
289.237
289.275
289.304
289.325
289.34
289.35
289.356
289.36
289.363
289.364
289.364
289.364
289.363
289.363
289.362
289.361
289.36
289.36
289.359
289.358
289.357
289.356
289.356
289.355
289.354
289.353
289.353
289.352
289.351
289.35
289.35
289.349
289.348
289.347
289.347
289.346
289.345
289.344
289.343
289.343
289.342
289.341
289.339
289.339
289.337
289.335
289.334
289.333
)
;

boundaryField
{
    upperWall
    {
        type            zeroGradient;
    }
    lowerWall
    {
        type            zeroGradient;
    }
    heatedWall
    {
        type            externalWallHeatFluxTemperature;
        mode            power;
        kappaMethod     fluidThermo;
        kappa           none;
        alphaAni        Anialpha;
        Q               5040;
        qr              none;
        refValue        nonuniform List<scalar> 
540
(
285.214
286.338
288.467
288.467
286.338
285.214
286.818
288.084
290.696
290.696
288.084
286.818
287.868
289.198
291.99
291.99
289.198
287.868
288.713
290.039
292.925
292.925
290.039
288.713
289.397
290.747
293.683
293.683
290.747
289.397
290.009
291.35
294.326
294.326
291.35
290.009
290.544
291.898
294.9
294.9
291.898
290.544
291.046
292.393
295.417
295.417
292.393
291.046
291.502
292.857
295.895
295.895
292.857
291.502
291.935
293.286
296.335
296.335
293.286
291.935
292.335
293.691
296.75
296.75
293.691
292.335
292.719
294.072
297.139
297.139
294.072
292.719
293.082
294.439
297.514
297.514
294.439
293.082
293.436
294.79
297.87
297.87
294.79
293.436
293.774
295.131
298.218
298.218
295.131
293.774
294.105
295.46
298.549
298.549
295.46
294.105
294.422
295.78
298.873
298.873
295.78
294.422
294.733
296.089
299.184
299.184
296.089
294.733
295.035
296.393
299.492
299.492
296.393
295.035
295.332
296.689
299.789
299.789
296.689
295.332
295.622
296.98
300.083
300.083
296.98
295.622
295.907
297.265
300.367
300.367
297.265
295.907
296.186
297.544
300.649
300.649
297.544
296.186
296.46
297.817
300.92
300.92
297.817
296.46
296.727
298.085
301.19
301.19
298.085
296.727
296.99
298.347
301.45
301.45
298.347
296.99
297.246
298.603
301.707
301.707
298.603
297.246
297.495
298.853
301.953
301.953
298.853
297.495
297.737
299.094
302.194
302.194
299.094
297.737
297.971
299.327
302.423
302.423
299.327
297.971
298.195
299.551
302.645
302.645
299.551
298.195
298.408
299.763
302.852
302.852
299.763
298.408
298.609
299.963
303.05
303.05
299.963
298.609
298.797
300.15
303.23
303.23
300.15
298.797
298.97
300.322
303.398
303.398
300.322
298.97
299.128
300.478
303.548
303.548
300.478
299.128
299.269
300.618
303.684
303.684
300.618
299.269
299.395
300.742
303.8
303.8
300.742
299.395
299.503
300.849
303.903
303.903
300.849
299.503
299.596
300.941
303.988
303.988
300.941
299.596
299.674
301.017
304.059
304.059
301.017
299.674
299.738
301.079
304.116
304.116
301.079
299.738
299.788
301.129
304.162
304.162
301.129
299.789
299.828
301.167
304.195
304.195
301.168
299.828
299.858
301.197
304.222
304.222
301.197
299.858
299.88
301.218
304.239
304.239
301.218
299.88
299.896
301.233
304.253
304.253
301.233
299.896
299.907
301.243
304.261
304.261
301.243
299.907
299.914
301.25
304.267
304.267
301.25
299.914
299.918
301.254
304.269
304.269
301.254
299.918
299.921
301.257
304.272
304.272
301.257
299.921
299.922
301.258
304.271
304.271
301.258
299.922
299.923
301.258
304.272
304.272
301.258
299.923
299.923
301.258
304.271
304.271
301.258
299.923
299.922
301.258
304.271
304.271
301.258
299.922
299.922
301.257
304.269
304.269
301.257
299.922
299.921
301.257
304.269
304.269
301.257
299.921
299.921
301.256
304.267
304.267
301.256
299.921
299.92
301.256
304.267
304.267
301.256
299.92
299.919
301.255
304.265
304.265
301.255
299.919
299.919
301.254
304.265
304.265
301.254
299.919
299.918
301.254
304.264
304.264
301.254
299.918
299.917
301.253
304.263
304.263
301.253
299.917
299.917
301.252
304.262
304.262
301.252
299.917
299.916
301.252
304.261
304.261
301.252
299.916
299.915
301.251
304.26
304.26
301.251
299.915
299.915
301.25
304.26
304.26
301.25
299.915
299.914
301.25
304.258
304.258
301.25
299.914
299.913
301.249
304.258
304.258
301.249
299.913
299.913
301.249
304.257
304.257
301.249
299.913
299.912
301.248
304.256
304.256
301.248
299.912
299.912
301.248
304.255
304.255
301.248
299.912
299.911
301.247
304.255
304.255
301.247
299.911
299.91
301.246
304.253
304.253
301.246
299.91
299.91
301.246
304.253
304.253
301.246
299.91
299.909
301.245
304.252
304.252
301.245
299.909
299.908
301.245
304.251
304.251
301.245
299.908
299.908
301.244
304.25
304.25
301.244
299.908
299.907
301.244
304.25
304.25
301.244
299.907
299.906
301.243
304.249
304.249
301.243
299.906
299.906
301.243
304.248
304.248
301.243
299.906
299.905
301.242
304.247
304.247
301.242
299.905
299.904
301.242
304.247
304.247
301.242
299.904
299.903
301.242
304.246
304.246
301.242
299.903
299.902
301.242
304.246
304.246
301.242
299.902
299.901
301.241
304.244
304.244
301.241
299.901
299.899
301.242
304.245
304.245
301.242
299.899
299.899
301.241
304.242
304.242
301.241
299.899
299.895
301.246
304.249
304.249
301.246
299.895
299.891
301.245
304.249
304.249
301.245
299.891
)
;
        refGradient     nonuniform List<scalar> 
540
(
44.4086
97.2238
280.164
280.164
97.2238
44.4086
44.3312
96.5953
274.935
274.935
96.5953
44.3312
44.3324
96.6134
275.385
275.385
96.6134
44.3324
44.3367
96.6387
275.901
275.901
96.6387
44.3367
44.3409
96.6566
276
276
96.6566
44.3409
44.3443
96.6683
276.049
276.049
96.6683
44.3443
44.3472
96.6812
276.038
276.038
96.6812
44.3472
44.3502
96.6875
275.91
275.91
96.6875
44.3502
44.3526
96.6994
275.914
275.914
96.6994
44.3526
44.3554
96.7037
275.715
275.715
96.7037
44.3554
44.3575
96.7151
275.754
275.754
96.7151
44.3575
44.3602
96.7179
275.523
275.523
96.7179
44.3602
44.362
96.7284
275.595
275.595
96.7284
44.362
44.3646
96.7301
275.355
275.355
96.7301
44.3646
44.3663
96.7402
275.452
275.452
96.7402
44.3663
44.3688
96.7416
275.216
275.216
96.7416
44.3688
44.3705
96.7513
275.327
275.327
96.7513
44.3705
44.3729
96.7523
275.099
275.099
96.7523
44.3729
44.3745
96.7614
275.219
275.219
96.7614
44.3745
44.3768
96.7621
275.002
275.002
96.7621
44.3768
44.3783
96.7707
275.126
275.126
96.7707
44.3783
44.3806
96.7715
274.922
274.922
96.7715
44.3806
44.3821
96.7798
275.047
275.047
96.7798
44.3821
44.3844
96.7806
274.855
274.855
96.7806
44.3844
44.3859
96.7885
274.979
274.979
96.7885
44.3859
44.3881
96.7893
274.799
274.799
96.7893
44.3881
44.3896
96.797
274.92
274.92
96.797
44.3896
44.3917
96.798
274.753
274.753
96.798
44.3917
44.3932
96.8055
274.871
274.871
96.8055
44.3932
44.3954
96.8067
274.715
274.715
96.8067
44.3954
44.3969
96.8141
274.828
274.828
96.8141
44.3969
44.399
96.8156
274.684
274.684
96.8156
44.399
44.4005
96.8228
274.791
274.791
96.8228
44.4005
44.4026
96.8246
274.657
274.657
96.8246
44.4026
44.4041
96.8317
274.758
274.758
96.8317
44.4041
44.4061
96.8336
274.632
274.632
96.8336
44.4061
44.4077
96.8406
274.725
274.725
96.8406
44.4077
44.4096
96.8425
274.606
274.606
96.8425
44.4096
44.4111
96.8491
274.692
274.692
96.8491
44.4111
44.413
96.851
274.578
274.578
96.851
44.413
44.4145
96.8572
274.655
274.655
96.8572
44.4145
44.4163
96.8589
274.546
274.546
96.8589
44.4163
44.4177
96.8645
274.615
274.615
96.8645
44.4177
44.4194
96.8659
274.51
274.51
96.8659
44.4194
44.4208
96.8711
274.571
274.571
96.8711
44.4208
44.4225
96.8722
274.469
274.469
96.8722
44.4225
44.4238
96.8769
274.523
274.523
96.8769
44.4238
44.4254
96.8778
274.425
274.425
96.8778
44.4254
44.4267
96.8821
274.474
274.474
96.8821
44.4267
44.4282
96.8829
274.379
274.379
96.8829
44.4282
44.4295
96.8869
274.423
274.423
96.8869
44.4295
44.431
96.8876
274.332
274.332
96.8876
44.431
44.4323
96.8914
274.373
274.373
96.8914
44.4323
44.4338
96.8922
274.286
274.286
96.8922
44.4338
44.4351
96.8959
274.324
274.324
96.8959
44.4351
44.4365
96.8967
274.24
274.24
96.8967
44.4365
44.4378
96.9003
274.275
274.275
96.9003
44.4378
44.4392
96.9011
274.195
274.195
96.9011
44.4392
44.4405
96.9047
274.227
274.227
96.9047
44.4405
44.442
96.9056
274.151
274.151
96.9056
44.442
44.4433
96.9091
274.181
274.181
96.9091
44.4433
44.4447
96.91
274.107
274.107
96.91
44.4447
44.446
96.9135
274.135
274.135
96.9135
44.446
44.4474
96.9145
274.064
274.064
96.9145
44.4474
44.4488
96.9179
274.09
274.09
96.9179
44.4488
44.4501
96.919
274.021
274.021
96.919
44.4502
44.4515
96.9224
274.046
274.046
96.9224
44.4515
44.4529
96.9234
273.979
273.979
96.9234
44.4529
44.4542
96.9268
274.003
274.003
96.9268
44.4542
44.4556
96.9279
273.937
273.937
96.9279
44.4556
44.457
96.9313
273.96
273.96
96.9313
44.457
44.4583
96.9324
273.895
273.895
96.9324
44.4583
44.4597
96.9357
273.917
273.917
96.9357
44.4597
44.4611
96.9368
273.853
273.853
96.9368
44.4611
44.4624
96.9402
273.874
273.874
96.9402
44.4624
44.4638
96.9413
273.811
273.811
96.9413
44.4638
44.4652
96.9446
273.832
273.832
96.9446
44.4652
44.4665
96.9458
273.768
273.768
96.9458
44.4665
44.4679
96.9491
273.789
273.789
96.9491
44.4679
44.4693
96.9502
273.724
273.724
96.9502
44.4693
44.4707
96.9535
273.745
273.745
96.9535
44.4707
44.472
96.9545
273.68
273.68
96.9545
44.472
44.4735
96.9578
273.701
273.701
96.9578
44.4735
44.4748
96.9586
273.635
273.635
96.9586
44.4748
44.4762
96.962
273.657
273.657
96.962
44.4762
44.4776
96.9623
273.592
273.592
96.9623
44.4776
44.4791
96.966
273.618
273.618
96.966
44.4791
44.4804
96.9646
273.548
273.548
96.9646
44.4804
44.4859
96.9753
273.606
273.606
96.9753
44.4859
44.4895
96.9771
273.565
273.565
96.9771
44.4895
)
;
        valueFraction   uniform 0;
        value           nonuniform List<scalar> 
540
(
285.214
286.338
288.467
288.467
286.338
285.214
286.818
288.084
290.696
290.696
288.084
286.818
287.868
289.198
291.99
291.99
289.198
287.868
288.713
290.039
292.925
292.925
290.039
288.713
289.397
290.747
293.683
293.683
290.747
289.397
290.009
291.35
294.326
294.326
291.35
290.009
290.544
291.898
294.9
294.9
291.898
290.544
291.046
292.393
295.417
295.417
292.393
291.046
291.502
292.857
295.895
295.895
292.857
291.502
291.935
293.286
296.335
296.335
293.286
291.935
292.335
293.691
296.75
296.75
293.691
292.335
292.719
294.072
297.139
297.139
294.072
292.719
293.082
294.439
297.514
297.514
294.439
293.082
293.436
294.79
297.87
297.87
294.79
293.436
293.774
295.131
298.218
298.218
295.131
293.774
294.105
295.46
298.549
298.549
295.46
294.105
294.422
295.78
298.873
298.873
295.78
294.422
294.733
296.089
299.184
299.184
296.089
294.733
295.035
296.393
299.492
299.492
296.393
295.035
295.332
296.689
299.789
299.789
296.689
295.332
295.622
296.98
300.083
300.083
296.98
295.622
295.907
297.265
300.367
300.367
297.265
295.907
296.186
297.544
300.649
300.649
297.544
296.186
296.46
297.817
300.92
300.92
297.817
296.46
296.727
298.085
301.19
301.19
298.085
296.727
296.99
298.347
301.45
301.45
298.347
296.99
297.246
298.603
301.707
301.707
298.603
297.246
297.495
298.853
301.953
301.953
298.853
297.495
297.737
299.094
302.194
302.194
299.094
297.737
297.971
299.327
302.423
302.423
299.327
297.971
298.195
299.551
302.645
302.645
299.551
298.195
298.408
299.763
302.852
302.852
299.763
298.408
298.609
299.963
303.05
303.05
299.963
298.609
298.797
300.15
303.23
303.23
300.15
298.797
298.97
300.322
303.398
303.398
300.322
298.97
299.128
300.478
303.548
303.548
300.478
299.128
299.269
300.618
303.684
303.684
300.618
299.269
299.395
300.742
303.8
303.8
300.742
299.395
299.503
300.849
303.903
303.903
300.849
299.503
299.596
300.941
303.988
303.988
300.941
299.596
299.674
301.017
304.059
304.059
301.017
299.674
299.738
301.079
304.116
304.116
301.079
299.738
299.789
301.129
304.162
304.162
301.129
299.789
299.828
301.168
304.195
304.195
301.168
299.828
299.858
301.197
304.222
304.222
301.197
299.858
299.88
301.218
304.24
304.24
301.218
299.88
299.896
301.233
304.253
304.253
301.233
299.896
299.907
301.243
304.261
304.261
301.243
299.907
299.914
301.25
304.267
304.267
301.25
299.914
299.918
301.254
304.269
304.269
301.254
299.918
299.921
301.257
304.272
304.272
301.257
299.921
299.922
301.258
304.271
304.271
301.258
299.922
299.923
301.258
304.272
304.272
301.258
299.923
299.923
301.258
304.271
304.271
301.258
299.923
299.922
301.258
304.271
304.271
301.258
299.922
299.922
301.257
304.269
304.269
301.257
299.922
299.921
301.257
304.269
304.269
301.257
299.921
299.921
301.256
304.267
304.267
301.256
299.921
299.92
301.256
304.267
304.267
301.256
299.92
299.919
301.255
304.265
304.265
301.255
299.919
299.919
301.254
304.265
304.265
301.254
299.919
299.918
301.254
304.264
304.264
301.254
299.918
299.917
301.253
304.263
304.263
301.253
299.917
299.917
301.252
304.262
304.262
301.252
299.917
299.916
301.252
304.261
304.261
301.252
299.916
299.915
301.251
304.26
304.26
301.251
299.915
299.915
301.251
304.26
304.26
301.251
299.915
299.914
301.25
304.258
304.258
301.25
299.914
299.914
301.249
304.258
304.258
301.249
299.914
299.913
301.249
304.257
304.257
301.249
299.913
299.912
301.248
304.256
304.256
301.248
299.912
299.912
301.248
304.255
304.255
301.248
299.912
299.911
301.247
304.255
304.255
301.247
299.911
299.91
301.247
304.253
304.253
301.247
299.91
299.91
301.246
304.253
304.253
301.246
299.91
299.909
301.245
304.252
304.252
301.245
299.909
299.908
301.245
304.252
304.252
301.245
299.908
299.908
301.244
304.25
304.25
301.244
299.908
299.907
301.244
304.25
304.25
301.244
299.907
299.906
301.243
304.249
304.249
301.243
299.907
299.906
301.243
304.248
304.248
301.243
299.906
299.905
301.243
304.247
304.247
301.243
299.905
299.904
301.242
304.247
304.247
301.242
299.904
299.903
301.242
304.246
304.246
301.242
299.903
299.902
301.242
304.246
304.246
301.242
299.902
299.901
301.241
304.244
304.244
301.241
299.901
299.899
301.242
304.245
304.245
301.242
299.899
299.899
301.241
304.242
304.242
301.241
299.899
299.895
301.246
304.249
304.249
301.246
299.895
299.891
301.245
304.249
304.249
301.245
299.891
)
;
    }
    inlet
    {
        type            fixedValue;
        value           uniform 283.15;
    }
    outlet
    {
        type            inletOutlet;
        inletValue      uniform 283.15;
        value           nonuniform List<scalar> 
72
(
299.52
298.499
296.992
295.524
294.167
292.992
291.97
291.097
290.396
289.826
289.505
289.333
300.437
298.751
297.15
295.571
294.184
292.956
291.919
291.076
290.401
289.947
289.623
289.57
301.97
299.173
297.137
295.431
293.976
292.729
291.683
290.831
290.169
289.698
289.402
289.281
301.97
299.173
297.137
295.431
293.976
292.729
291.683
290.831
290.169
289.698
289.402
289.281
300.437
298.751
297.15
295.571
294.184
292.956
291.919
291.076
290.401
289.947
289.623
289.57
299.52
298.499
296.992
295.524
294.167
292.992
291.97
291.097
290.396
289.826
289.505
289.333
)
;
    }
    frontAndBack
    {
        type            empty;
    }
}


// ************************************************************************* //
