/*--------------------------------*- C++ -*----------------------------------*\
  =========                 |
  \\      /  F ield         | OpenFOAM: The Open Source CFD Toolbox
   \\    /   O peration     | Website:  https://openfoam.org
    \\  /    A nd           | Version:  7
     \\/     M anipulation  |
\*---------------------------------------------------------------------------*/
FoamFile
{
    version     2.0;
    format      ascii;
    class       volScalarField;
    location    "1.6975";
    object      nut;
}
// * * * * * * * * * * * * * * * * * * * * * * * * * * * * * * * * * * * * * //

dimensions      [0 2 -1 0 0 0 0];

internalField   nonuniform List<scalar> 
7920
(
0.00875228
0.00911692
0.00911537
0.00911826
0.00911101
0.00911334
0.00910927
0.00911178
0.00910861
0.00911016
0.00910752
0.0091088
0.00910701
0.00910771
0.00910661
0.00910625
0.00910717
0.0091034
0.00911351
0.00911836
0.0045145
0.0045414
0.00444612
0.00435325
0.00430806
0.00429102
0.0042763
0.00427245
0.00426479
0.0042633
0.00425829
0.00425748
0.00425426
0.00425391
0.0042521
0.00425147
0.00425078
0.00424896
0.00427929
0.00427986
0.00345102
0.00368584
0.003709
0.00370575
0.0036973
0.00369516
0.00369018
0.00368954
0.00368651
0.00368616
0.00368384
0.00368356
0.00368172
0.00368147
0.00368003
0.00367965
0.00367848
0.00367774
0.00367855
0.00368337
0.00332014
0.00359117
0.00364243
0.00366075
0.00366526
0.00367174
0.0036727
0.00367623
0.00367662
0.00367911
0.00367929
0.00368116
0.00368124
0.00368266
0.00368267
0.00368369
0.00368354
0.00368417
0.00368426
0.0036888
0.00330572
0.00358016
0.00363423
0.0036559
0.00366318
0.00367247
0.00367546
0.00368182
0.00368387
0.00368882
0.00369047
0.00369454
0.0036959
0.00369932
0.00370046
0.00370333
0.00370417
0.00370626
0.00370704
0.00371219
0.00330726
0.00357944
0.00363319
0.0036552
0.00366325
0.00367352
0.00367748
0.0036851
0.00368806
0.00369431
0.00369682
0.00370214
0.00370429
0.00370888
0.00371074
0.00371472
0.00371623
0.00371929
0.00372088
0.00372626
0.00330726
0.00357944
0.00363319
0.0036552
0.00366325
0.00367353
0.00367747
0.0036851
0.00368806
0.00369431
0.00369682
0.00370214
0.00370429
0.00370889
0.00371074
0.00371473
0.00371623
0.00371931
0.00372089
0.00372627
0.00330572
0.00358016
0.00363423
0.0036559
0.00366318
0.00367247
0.00367546
0.00368182
0.00368387
0.00368882
0.00369047
0.00369455
0.0036959
0.00369934
0.00370045
0.00370336
0.00370416
0.0037063
0.00370705
0.00371224
0.00332014
0.00359118
0.00364243
0.00366075
0.00366526
0.00367175
0.0036727
0.00367623
0.00367661
0.00367912
0.00367928
0.00368118
0.00368122
0.0036827
0.00368261
0.00368378
0.00368344
0.00368436
0.00368412
0.00368898
0.00345102
0.00368584
0.003709
0.00370575
0.0036973
0.00369516
0.00369017
0.00368954
0.0036865
0.00368617
0.00368382
0.00368359
0.00368167
0.00368154
0.0036799
0.00367982
0.00367817
0.00367829
0.00367807
0.00368404
0.0045145
0.0045414
0.00444612
0.00435326
0.00430805
0.00429102
0.0042763
0.00427246
0.00426477
0.00426331
0.00425826
0.00425752
0.00425418
0.00425402
0.0042519
0.00425179
0.00425023
0.00424992
0.0042773
0.0042819
0.00875228
0.00911692
0.00911537
0.00911827
0.00911101
0.00911335
0.00910925
0.00911179
0.00910858
0.0091102
0.00910746
0.00910891
0.00910684
0.00910798
0.00910616
0.00910699
0.00910591
0.00910554
0.00910959
0.00912488
0.00336141
0.00377252
0.00378734
0.00376213
0.00375492
0.00374158
0.00374124
0.00373368
0.00373382
0.00372836
0.00372869
0.00372475
0.00372522
0.00372209
0.00372262
0.00371969
0.00372098
0.00371684
0.00371908
0.00372603
0.00297766
0.00348516
0.00355537
0.00356403
0.00356451
0.00356465
0.00356447
0.00356451
0.00356421
0.00356383
0.00356331
0.0035628
0.00356249
0.00356188
0.00356174
0.00356095
0.00356101
0.00355998
0.00356154
0.00356215
0.00289826
0.00341228
0.00348693
0.00350147
0.00350337
0.00350658
0.00350748
0.00350998
0.00351096
0.00351304
0.0035138
0.00351529
0.00351597
0.00351694
0.00351764
0.00351803
0.00351879
0.00351857
0.00351903
0.00352528
0.00289612
0.0034104
0.00348461
0.00349864
0.00349924
0.00350074
0.0035004
0.00350143
0.00350168
0.00350297
0.00350352
0.00350483
0.00350552
0.00350664
0.00350747
0.00350817
0.00350909
0.00350919
0.00350984
0.00351392
0.00289313
0.00340704
0.00348133
0.00349581
0.00349632
0.00349761
0.00349681
0.00349744
0.00349709
0.00349785
0.00349791
0.00349878
0.00349909
0.00350005
0.00350048
0.0035014
0.00350179
0.00350246
0.0035027
0.00350712
0.00289474
0.00340878
0.00348285
0.00349723
0.00349772
0.00349902
0.00349819
0.00349878
0.00349833
0.00349901
0.00349892
0.00349964
0.00349979
0.00350061
0.00350091
0.00350176
0.00350204
0.00350271
0.00350277
0.00350691
0.00289474
0.00340878
0.00348285
0.00349723
0.00349772
0.00349902
0.00349819
0.00349878
0.00349833
0.00349901
0.00349892
0.00349964
0.00349979
0.00350061
0.00350091
0.00350177
0.00350203
0.00350271
0.00350277
0.00350691
0.00289313
0.00340704
0.00348133
0.00349582
0.00349632
0.00349762
0.00349681
0.00349744
0.00349708
0.00349786
0.00349791
0.00349879
0.00349908
0.00350006
0.00350047
0.00350143
0.00350176
0.00350249
0.00350267
0.00350712
0.00289612
0.0034104
0.00348461
0.00349864
0.00349924
0.00350074
0.0035004
0.00350144
0.00350167
0.00350298
0.00350351
0.00350486
0.00350547
0.00350672
0.00350737
0.00350831
0.00350891
0.00350932
0.00350972
0.00351403
0.00289826
0.00341228
0.00348693
0.00350148
0.00350337
0.00350658
0.00350748
0.00350999
0.00351095
0.00351305
0.00351378
0.00351533
0.0035159
0.00351706
0.00351745
0.0035183
0.00351844
0.003519
0.00351849
0.00352576
0.00297766
0.00348516
0.00355537
0.00356403
0.00356451
0.00356465
0.00356446
0.00356451
0.0035642
0.00356385
0.00356328
0.00356286
0.00356241
0.00356201
0.00356157
0.00356125
0.00356054
0.00356068
0.00356033
0.00356379
0.00336141
0.00377253
0.00378734
0.00376213
0.00375491
0.00374158
0.00374123
0.00373368
0.00373381
0.00372838
0.00372866
0.00372479
0.00372516
0.0037222
0.00372246
0.00371999
0.00372052
0.00371772
0.00371772
0.00372835
0.000838182
0.00123528
0.00129259
0.00127599
0.00123307
0.00119291
0.00116081
0.00113757
0.00112009
0.00110643
0.00109644
0.00108736
0.0010811
0.00107429
0.00107002
0.00106473
0.0010614
0.00105831
0.00105288
0.00105859
0.000355671
0.000750206
0.000880218
0.000930656
0.000947917
0.000958695
0.000964054
0.000969924
0.000972864
0.000976003
0.000977072
0.000978336
0.000978438
0.000978645
0.000978412
0.000978264
0.000977812
0.000977459
0.000976937
0.000978985
0.000307547
0.00066449
0.000782836
0.000835826
0.000851854
0.000863514
0.000866225
0.000871743
0.000873701
0.000877921
0.000879994
0.000883703
0.000885935
0.000888965
0.000891233
0.000893629
0.000895842
0.000897762
0.000899224
0.000902843
0.000316674
0.000668556
0.000784074
0.000834821
0.000850517
0.000860235
0.000861675
0.000864283
0.000864443
0.000865382
0.000865666
0.000866571
0.000867105
0.000868024
0.000868971
0.000869648
0.000870956
0.000871532
0.000872623
0.000875394
0.000312366
0.000664127
0.000779241
0.000830289
0.0008457
0.000855439
0.000856636
0.000859028
0.000858869
0.000859336
0.000859141
0.000859394
0.000859331
0.000859501
0.000859584
0.000859704
0.000859959
0.000860025
0.000860233
0.000862026
0.00031479
0.000666602
0.000781733
0.000832431
0.000847937
0.00085755
0.000858878
0.000861202
0.000861081
0.000861498
0.0008613
0.000861471
0.000861357
0.000861429
0.000861418
0.000861392
0.000861429
0.000861351
0.000861443
0.000863004
0.00031479
0.000666602
0.000781733
0.000832432
0.000847937
0.00085755
0.000858878
0.000861202
0.000861081
0.000861498
0.0008613
0.000861471
0.000861357
0.00086143
0.000861418
0.000861393
0.000861429
0.000861352
0.000861441
0.000863002
0.000312365
0.000664128
0.00077924
0.000830289
0.0008457
0.000855439
0.000856635
0.000859028
0.000858869
0.000859336
0.000859141
0.000859395
0.000859331
0.000859502
0.000859583
0.000859703
0.000859957
0.000860022
0.000860229
0.000862016
0.000316673
0.000668557
0.000784073
0.000834822
0.000850516
0.000860236
0.000861675
0.000864284
0.000864443
0.000865383
0.000865666
0.000866576
0.000867091
0.000868039
0.000868951
0.000869663
0.00087093
0.000871525
0.000872601
0.000875355
0.000307546
0.000664491
0.000782836
0.000835827
0.000851853
0.000863515
0.000866225
0.000871744
0.0008737
0.000877925
0.000879985
0.000883715
0.000885913
0.000888989
0.00089119
0.000893661
0.00089578
0.000897767
0.000899177
0.000902758
0.000355671
0.000750207
0.000880217
0.000930657
0.000947915
0.000958697
0.00096405
0.000969928
0.000972857
0.000976013
0.000977057
0.000978351
0.000978429
0.000978654
0.000978364
0.000978278
0.000977728
0.000977511
0.000976808
0.00097898
0.000838182
0.00123528
0.00129259
0.00127599
0.00123307
0.00119292
0.00116081
0.00113757
0.00112009
0.00110644
0.00109643
0.0010874
0.00108107
0.00107437
0.00106996
0.00106493
0.00106128
0.00105873
0.00105277
0.00105938
0.000838182
0.00123528
0.00129259
0.00127599
0.00123307
0.00119291
0.00116081
0.00113757
0.00112009
0.00110643
0.00109644
0.00108736
0.0010811
0.00107429
0.00107002
0.00106473
0.0010614
0.00105831
0.00105288
0.00105859
0.000355671
0.000750206
0.000880218
0.000930656
0.000947917
0.000958695
0.000964054
0.000969924
0.000972864
0.000976003
0.000977072
0.000978336
0.000978438
0.000978645
0.000978412
0.000978264
0.000977812
0.000977459
0.000976937
0.000978985
0.000307547
0.00066449
0.000782836
0.000835826
0.000851854
0.000863514
0.000866225
0.000871743
0.000873701
0.000877921
0.000879994
0.000883703
0.000885935
0.000888965
0.000891233
0.000893629
0.000895842
0.000897762
0.000899224
0.000902843
0.000316674
0.000668557
0.000784074
0.000834821
0.000850517
0.000860235
0.000861675
0.000864283
0.000864443
0.000865382
0.000865666
0.000866571
0.000867105
0.000868024
0.000868971
0.000869648
0.000870956
0.000871532
0.000872623
0.000875394
0.000312366
0.000664127
0.000779241
0.000830289
0.0008457
0.000855439
0.000856636
0.000859028
0.000858869
0.000859336
0.000859141
0.000859394
0.000859331
0.000859501
0.000859584
0.000859704
0.000859959
0.000860025
0.000860233
0.000862026
0.00031479
0.000666602
0.000781733
0.000832431
0.000847937
0.00085755
0.000858878
0.000861202
0.000861081
0.000861498
0.0008613
0.000861471
0.000861357
0.000861429
0.000861418
0.000861392
0.000861429
0.000861351
0.000861443
0.000863004
0.00031479
0.000666602
0.000781733
0.000832432
0.000847937
0.00085755
0.000858878
0.000861202
0.000861081
0.000861498
0.0008613
0.000861471
0.000861357
0.00086143
0.000861418
0.000861393
0.000861429
0.000861352
0.000861441
0.000863002
0.000312365
0.000664128
0.00077924
0.000830289
0.0008457
0.000855439
0.000856635
0.000859028
0.000858869
0.000859336
0.000859141
0.000859395
0.000859331
0.000859502
0.000859583
0.000859703
0.000859957
0.000860022
0.000860229
0.000862016
0.000316673
0.000668557
0.000784073
0.000834822
0.000850516
0.000860236
0.000861675
0.000864284
0.000864443
0.000865383
0.000865666
0.000866576
0.000867091
0.000868039
0.000868951
0.000869663
0.00087093
0.000871525
0.000872601
0.000875355
0.000307546
0.000664491
0.000782836
0.000835827
0.000851853
0.000863515
0.000866225
0.000871744
0.0008737
0.000877925
0.000879985
0.000883715
0.000885913
0.000888989
0.00089119
0.000893661
0.00089578
0.000897766
0.000899177
0.000902758
0.000355671
0.000750207
0.000880217
0.000930657
0.000947916
0.000958697
0.00096405
0.000969928
0.000972857
0.000976013
0.000977057
0.000978351
0.000978429
0.000978654
0.000978364
0.000978278
0.000977728
0.000977511
0.000976808
0.00097898
0.000838182
0.00123528
0.00129259
0.00127599
0.00123307
0.00119292
0.00116081
0.00113757
0.00112009
0.00110644
0.00109643
0.0010874
0.00108107
0.00107437
0.00106996
0.00106493
0.00106128
0.00105873
0.00105277
0.00105938
0.00336141
0.00377252
0.00378734
0.00376213
0.00375492
0.00374158
0.00374124
0.00373368
0.00373382
0.00372836
0.00372869
0.00372475
0.00372522
0.00372209
0.00372262
0.00371969
0.00372098
0.00371684
0.00371908
0.00372603
0.00297766
0.00348516
0.00355537
0.00356403
0.00356451
0.00356465
0.00356447
0.00356451
0.00356421
0.00356383
0.00356331
0.0035628
0.00356249
0.00356188
0.00356174
0.00356095
0.00356101
0.00355998
0.00356154
0.00356215
0.00289826
0.00341228
0.00348693
0.00350147
0.00350337
0.00350658
0.00350748
0.00350998
0.00351096
0.00351304
0.0035138
0.00351529
0.00351597
0.00351694
0.00351764
0.00351803
0.00351879
0.00351857
0.00351903
0.00352528
0.00289612
0.0034104
0.00348461
0.00349864
0.00349924
0.00350074
0.0035004
0.00350143
0.00350168
0.00350297
0.00350352
0.00350483
0.00350552
0.00350664
0.00350747
0.00350817
0.00350909
0.00350919
0.00350984
0.00351392
0.00289313
0.00340704
0.00348133
0.00349581
0.00349632
0.00349761
0.00349681
0.00349744
0.00349709
0.00349785
0.00349791
0.00349878
0.00349909
0.00350005
0.00350048
0.0035014
0.00350179
0.00350246
0.0035027
0.00350712
0.00289474
0.00340878
0.00348285
0.00349723
0.00349772
0.00349902
0.00349819
0.00349878
0.00349833
0.00349901
0.00349892
0.00349964
0.00349979
0.00350061
0.00350091
0.00350176
0.00350204
0.00350271
0.00350277
0.00350691
0.00289474
0.00340878
0.00348285
0.00349723
0.00349772
0.00349902
0.00349819
0.00349878
0.00349833
0.00349901
0.00349892
0.00349964
0.00349979
0.00350061
0.00350091
0.00350177
0.00350203
0.00350271
0.00350277
0.00350691
0.00289313
0.00340704
0.00348133
0.00349582
0.00349632
0.00349762
0.00349681
0.00349744
0.00349708
0.00349786
0.00349791
0.00349879
0.00349908
0.00350007
0.00350047
0.00350143
0.00350176
0.00350249
0.00350267
0.00350712
0.00289612
0.0034104
0.00348461
0.00349864
0.00349924
0.00350074
0.0035004
0.00350144
0.00350167
0.00350298
0.00350351
0.00350486
0.00350547
0.00350672
0.00350737
0.00350831
0.00350891
0.00350932
0.00350972
0.00351403
0.00289826
0.00341228
0.00348693
0.00350148
0.00350337
0.00350658
0.00350748
0.00350999
0.00351095
0.00351305
0.00351378
0.00351533
0.0035159
0.00351706
0.00351745
0.0035183
0.00351844
0.003519
0.00351849
0.00352576
0.00297766
0.00348516
0.00355537
0.00356403
0.00356451
0.00356465
0.00356446
0.00356451
0.0035642
0.00356385
0.00356328
0.00356286
0.00356241
0.00356201
0.00356157
0.00356125
0.00356054
0.00356068
0.00356033
0.00356379
0.00336141
0.00377253
0.00378734
0.00376213
0.00375491
0.00374158
0.00374123
0.00373368
0.00373381
0.00372838
0.00372866
0.00372479
0.00372516
0.0037222
0.00372246
0.00371999
0.00372052
0.00371772
0.00371772
0.00372835
0.00875228
0.00911692
0.00911537
0.00911826
0.00911101
0.00911334
0.00910927
0.00911177
0.00910861
0.00911015
0.00910752
0.0091088
0.00910701
0.00910771
0.00910661
0.00910625
0.00910717
0.0091034
0.00911351
0.00911836
0.0045145
0.0045414
0.00444612
0.00435325
0.00430806
0.00429102
0.0042763
0.00427245
0.00426479
0.00426329
0.00425829
0.00425748
0.00425426
0.00425391
0.0042521
0.00425147
0.00425078
0.00424896
0.00427929
0.00427986
0.00345102
0.00368584
0.003709
0.00370575
0.0036973
0.00369516
0.00369018
0.00368954
0.00368651
0.00368616
0.00368384
0.00368356
0.00368172
0.00368147
0.00368003
0.00367965
0.00367848
0.00367774
0.00367855
0.00368338
0.00332014
0.00359117
0.00364243
0.00366075
0.00366526
0.00367174
0.0036727
0.00367623
0.00367662
0.00367911
0.00367929
0.00368116
0.00368124
0.00368266
0.00368267
0.00368369
0.00368354
0.00368417
0.00368426
0.0036888
0.00330572
0.00358016
0.00363423
0.0036559
0.00366318
0.00367247
0.00367546
0.00368182
0.00368387
0.00368882
0.00369047
0.00369454
0.0036959
0.00369932
0.00370046
0.00370333
0.00370417
0.00370626
0.00370704
0.00371219
0.00330726
0.00357944
0.00363319
0.0036552
0.00366325
0.00367352
0.00367748
0.0036851
0.00368806
0.00369431
0.00369682
0.00370214
0.00370429
0.00370888
0.00371074
0.00371472
0.00371623
0.00371929
0.00372088
0.00372626
0.00330726
0.00357944
0.00363319
0.0036552
0.00366325
0.00367353
0.00367747
0.0036851
0.00368806
0.00369431
0.00369682
0.00370214
0.00370429
0.00370889
0.00371074
0.00371473
0.00371623
0.00371931
0.00372089
0.00372627
0.00330572
0.00358016
0.00363423
0.0036559
0.00366318
0.00367247
0.00367546
0.00368182
0.00368387
0.00368882
0.00369047
0.00369455
0.0036959
0.00369934
0.00370045
0.00370336
0.00370416
0.0037063
0.00370705
0.00371224
0.00332014
0.00359118
0.00364243
0.00366075
0.00366526
0.00367175
0.0036727
0.00367623
0.00367661
0.00367912
0.00367928
0.00368118
0.00368122
0.0036827
0.00368261
0.00368378
0.00368344
0.00368436
0.00368412
0.00368898
0.00345102
0.00368584
0.003709
0.00370575
0.0036973
0.00369516
0.00369017
0.00368954
0.0036865
0.00368617
0.00368382
0.00368359
0.00368167
0.00368154
0.0036799
0.00367982
0.00367817
0.00367829
0.00367807
0.00368404
0.0045145
0.0045414
0.00444612
0.00435326
0.00430805
0.00429102
0.0042763
0.00427246
0.00426477
0.00426331
0.00425826
0.00425752
0.00425418
0.00425402
0.0042519
0.00425179
0.00425023
0.00424992
0.0042773
0.0042819
0.00875228
0.00911692
0.00911537
0.00911826
0.00911101
0.00911335
0.00910926
0.00911179
0.00910858
0.0091102
0.00910746
0.00910891
0.00910684
0.00910798
0.00910616
0.00910699
0.00910591
0.00910554
0.00910959
0.00912488
0.0265872
0.0267865
0.0268857
0.0269669
0.0270279
0.0270838
0.0271302
0.027177
0.0272184
0.0272593
0.0272948
0.0273294
0.0273602
0.0273911
0.027419
0.0274463
0.0274702
0.0274929
0.0275123
0.0275307
0.0275463
0.0275606
0.027572
0.0275819
0.0275891
0.0275949
0.0275984
0.0276013
0.0276028
0.027604
0.0276044
0.027605
0.027605
0.0276053
0.0276052
0.0276054
0.0276052
0.0276054
0.0276053
0.0276054
0.0276053
0.0276055
0.0276053
0.0276055
0.0276054
0.0276055
0.0276054
0.0276056
0.0276055
0.0276056
0.0276056
0.0276057
0.0276056
0.0276057
0.0276057
0.0276058
0.0276058
0.0276059
0.0276058
0.0276059
0.0276059
0.027606
0.027606
0.0276061
0.0276061
0.0276062
0.0276061
0.0276063
0.0276062
0.0276063
0.0276063
0.0276064
0.0276064
0.0276065
0.0276065
0.0276066
0.0276066
0.0276067
0.0276067
0.0276067
0.0276067
0.0276068
0.0276067
0.0276068
0.0276067
0.0276068
0.0276066
0.0276067
0.0276039
0.0276022
0.0152313
0.0155161
0.0155702
0.0156186
0.0156498
0.0156839
0.0157078
0.0157365
0.0157581
0.0157835
0.0158022
0.0158237
0.01584
0.0158592
0.0158741
0.0158912
0.015904
0.0159183
0.0159287
0.0159405
0.0159487
0.0159582
0.0159642
0.015971
0.0159746
0.015979
0.0159806
0.0159832
0.0159836
0.0159852
0.0159851
0.0159862
0.0159858
0.0159868
0.0159864
0.0159872
0.0159869
0.0159876
0.0159873
0.0159881
0.0159878
0.0159885
0.0159882
0.0159889
0.0159886
0.0159893
0.015989
0.0159896
0.0159895
0.01599
0.0159899
0.0159904
0.0159903
0.0159908
0.0159907
0.0159912
0.0159911
0.0159915
0.0159914
0.0159919
0.0159918
0.0159923
0.0159922
0.0159926
0.0159926
0.015993
0.0159929
0.0159933
0.0159933
0.0159937
0.0159936
0.015994
0.015994
0.0159943
0.0159943
0.0159946
0.0159946
0.015995
0.0159949
0.0159952
0.0159952
0.0159955
0.0159954
0.0159957
0.0159956
0.0159959
0.0159957
0.0159961
0.0159935
0.0159922
0.0122355
0.0126372
0.0126778
0.0127173
0.0127374
0.0127665
0.0127813
0.0128056
0.0128197
0.012842
0.0128549
0.0128742
0.0128853
0.0129025
0.0129129
0.0129287
0.0129381
0.0129519
0.0129596
0.0129712
0.0129774
0.0129872
0.0129919
0.0129996
0.0130025
0.0130082
0.0130095
0.0130133
0.0130136
0.0130164
0.0130162
0.0130184
0.013018
0.01302
0.0130196
0.0130214
0.013021
0.0130228
0.0130225
0.0130241
0.0130239
0.0130255
0.0130253
0.0130268
0.0130267
0.0130281
0.013028
0.0130294
0.0130293
0.0130306
0.0130306
0.0130319
0.0130319
0.0130331
0.0130331
0.0130343
0.0130343
0.0130355
0.0130355
0.0130366
0.0130366
0.0130377
0.0130378
0.0130388
0.0130389
0.0130399
0.0130399
0.0130409
0.013041
0.0130419
0.013042
0.0130429
0.013043
0.0130439
0.0130439
0.0130448
0.0130449
0.0130457
0.0130457
0.0130465
0.0130466
0.0130473
0.0130473
0.0130481
0.0130481
0.0130487
0.0130487
0.0130494
0.0130487
0.0130451
0.0117834
0.0122784
0.0123183
0.0123545
0.0123699
0.0123974
0.0124079
0.0124301
0.0124407
0.0124624
0.0124732
0.0124925
0.0125016
0.0125186
0.0125274
0.0125437
0.0125523
0.012567
0.0125744
0.012587
0.0125931
0.0126041
0.012609
0.0126183
0.0126216
0.0126287
0.0126305
0.0126356
0.0126362
0.0126399
0.0126399
0.0126429
0.0126427
0.0126454
0.0126451
0.0126476
0.0126474
0.0126497
0.0126496
0.0126519
0.0126518
0.012654
0.012654
0.0126561
0.0126561
0.0126581
0.0126582
0.0126602
0.0126603
0.0126621
0.0126623
0.0126641
0.0126643
0.012666
0.0126662
0.0126679
0.0126681
0.0126697
0.01267
0.0126715
0.0126718
0.0126733
0.0126736
0.012675
0.0126753
0.0126767
0.012677
0.0126784
0.0126786
0.01268
0.0126802
0.0126815
0.0126818
0.012683
0.0126833
0.0126845
0.0126847
0.0126859
0.0126861
0.0126872
0.0126874
0.0126885
0.0126887
0.0126897
0.0126899
0.0126909
0.012691
0.0126919
0.0126922
0.0126878
0.0117518
0.0122955
0.0123356
0.0123693
0.012381
0.0124066
0.0124138
0.0124334
0.0124412
0.0124615
0.0124707
0.0124897
0.0124974
0.0125138
0.0125215
0.0125378
0.012546
0.0125613
0.0125685
0.0125819
0.0125881
0.0125999
0.0126051
0.0126154
0.0126193
0.0126274
0.0126297
0.0126356
0.0126366
0.012641
0.0126412
0.0126447
0.0126446
0.0126477
0.0126476
0.0126505
0.0126504
0.0126532
0.0126532
0.0126558
0.0126559
0.0126584
0.0126585
0.012661
0.0126612
0.0126636
0.0126638
0.0126661
0.0126663
0.0126686
0.0126688
0.012671
0.0126713
0.0126734
0.0126737
0.0126757
0.0126761
0.012678
0.0126784
0.0126803
0.0126807
0.0126825
0.0126829
0.0126847
0.0126851
0.0126868
0.0126872
0.0126888
0.0126892
0.0126908
0.0126912
0.0126928
0.0126932
0.0126947
0.012695
0.0126965
0.0126969
0.0126983
0.0126986
0.0127
0.0127003
0.0127016
0.0127019
0.0127031
0.0127034
0.0127046
0.0127048
0.0127058
0.0127065
0.0127018
0.0117711
0.0123433
0.0123829
0.0124135
0.0124216
0.0124441
0.0124484
0.0124649
0.0124702
0.0124883
0.012496
0.0125137
0.0125202
0.0125356
0.0125423
0.012558
0.0125657
0.0125811
0.0125882
0.0126018
0.0126079
0.0126201
0.0126255
0.0126363
0.0126404
0.0126491
0.0126516
0.0126581
0.0126592
0.0126639
0.0126642
0.012668
0.012668
0.0126713
0.0126713
0.0126744
0.0126744
0.0126773
0.0126774
0.0126802
0.0126804
0.0126831
0.0126833
0.0126859
0.0126862
0.0126887
0.012689
0.0126915
0.0126919
0.0126942
0.0126946
0.0126969
0.0126973
0.0126996
0.0127
0.0127022
0.0127026
0.0127047
0.0127052
0.0127072
0.0127077
0.0127096
0.0127101
0.012712
0.0127125
0.0127143
0.0127148
0.0127166
0.0127171
0.0127188
0.0127193
0.012721
0.0127215
0.0127231
0.0127235
0.0127251
0.0127256
0.0127271
0.0127275
0.012729
0.0127294
0.0127308
0.0127311
0.0127325
0.0127328
0.0127341
0.0127344
0.0127355
0.0127365
0.0127316
0.0117714
0.0123414
0.0123772
0.0124036
0.0124081
0.0124266
0.0124282
0.0124417
0.0124449
0.0124608
0.012467
0.012483
0.0124883
0.0125025
0.0125084
0.0125233
0.0125305
0.0125454
0.0125522
0.0125656
0.0125716
0.0125837
0.012589
0.0125998
0.0126039
0.0126126
0.0126151
0.0126215
0.0126226
0.0126274
0.0126277
0.0126315
0.0126315
0.0126348
0.0126348
0.0126378
0.0126378
0.0126408
0.0126408
0.0126437
0.0126438
0.0126466
0.0126468
0.0126494
0.0126497
0.0126522
0.0126525
0.012655
0.0126553
0.0126577
0.0126581
0.0126604
0.0126608
0.0126631
0.0126635
0.0126657
0.0126661
0.0126682
0.0126687
0.0126707
0.0126712
0.0126732
0.0126736
0.0126755
0.012676
0.0126779
0.0126784
0.0126802
0.0126806
0.0126824
0.0126829
0.0126846
0.012685
0.0126867
0.0126871
0.0126887
0.0126891
0.0126907
0.0126911
0.0126926
0.0126929
0.0126944
0.0126947
0.0126961
0.0126964
0.0126977
0.012698
0.0126991
0.0127001
0.0126952
0.0117524
0.0122875
0.0123149
0.0123356
0.0123363
0.0123504
0.0123496
0.0123608
0.0123625
0.0123763
0.012381
0.0123952
0.0123995
0.0124125
0.012418
0.0124319
0.0124387
0.0124528
0.0124592
0.012472
0.0124777
0.0124893
0.0124943
0.0125045
0.0125083
0.0125164
0.0125186
0.0125246
0.0125255
0.0125299
0.0125301
0.0125336
0.0125336
0.0125367
0.0125366
0.0125394
0.0125394
0.0125421
0.0125421
0.0125448
0.0125449
0.0125474
0.0125476
0.01255
0.0125502
0.0125526
0.0125528
0.0125552
0.0125554
0.0125577
0.0125579
0.0125601
0.0125604
0.0125625
0.0125629
0.0125649
0.0125652
0.0125672
0.0125676
0.0125695
0.0125699
0.0125717
0.0125721
0.0125739
0.0125743
0.012576
0.0125764
0.0125781
0.0125785
0.0125801
0.0125805
0.0125821
0.0125825
0.012584
0.0125844
0.0125858
0.0125862
0.0125876
0.012588
0.0125893
0.0125896
0.012591
0.0125913
0.0125925
0.0125928
0.012594
0.0125942
0.0125952
0.012596
0.0125915
0.0117797
0.0122529
0.0122693
0.0122837
0.0122812
0.0122914
0.012289
0.0122983
0.0122992
0.0123111
0.0123148
0.0123269
0.0123308
0.0123427
0.0123479
0.012361
0.0123674
0.0123804
0.0123865
0.0123984
0.0124039
0.0124145
0.0124191
0.0124282
0.0124315
0.0124385
0.0124402
0.0124453
0.0124459
0.0124496
0.0124496
0.0124527
0.0124524
0.0124551
0.0124549
0.0124574
0.0124572
0.0124596
0.0124594
0.0124617
0.0124616
0.0124638
0.0124638
0.012466
0.012466
0.012468
0.0124681
0.0124701
0.0124702
0.0124721
0.0124723
0.0124741
0.0124743
0.0124761
0.0124763
0.012478
0.0124782
0.0124798
0.0124801
0.0124817
0.0124819
0.0124835
0.0124837
0.0124852
0.0124855
0.0124869
0.0124872
0.0124886
0.0124889
0.0124902
0.0124905
0.0124918
0.0124921
0.0124933
0.0124936
0.0124948
0.0124951
0.0124962
0.0124965
0.0124976
0.0124978
0.0124989
0.0124991
0.0125001
0.0125003
0.0125013
0.0125014
0.0125023
0.0125027
0.0124986
0.0122135
0.0125713
0.0125756
0.012585
0.0125807
0.0125878
0.0125852
0.0125933
0.0125945
0.0126047
0.012608
0.0126185
0.0126226
0.0126337
0.0126394
0.0126516
0.0126582
0.01267
0.0126763
0.0126869
0.0126925
0.0127018
0.0127062
0.0127137
0.0127165
0.0127221
0.0127233
0.0127271
0.0127274
0.0127302
0.01273
0.0127322
0.0127318
0.0127338
0.0127334
0.0127352
0.0127349
0.0127366
0.0127364
0.012738
0.0127378
0.0127394
0.0127392
0.0127408
0.0127406
0.0127421
0.012742
0.0127434
0.0127433
0.0127447
0.0127447
0.012746
0.012746
0.0127472
0.0127472
0.0127484
0.0127485
0.0127496
0.0127497
0.0127508
0.0127509
0.012752
0.012752
0.0127531
0.0127532
0.0127542
0.0127543
0.0127552
0.0127553
0.0127563
0.0127564
0.0127573
0.0127574
0.0127583
0.0127584
0.0127592
0.0127593
0.0127601
0.0127602
0.012761
0.012761
0.0127618
0.0127618
0.0127626
0.0127626
0.0127633
0.0127632
0.0127639
0.0127635
0.0127601
0.0151611
0.015369
0.0153694
0.0153754
0.0153725
0.0153773
0.0153768
0.0153841
0.0153877
0.0153972
0.0154025
0.0154124
0.0154191
0.0154305
0.0154392
0.0154515
0.0154608
0.0154726
0.0154812
0.0154917
0.0154991
0.015508
0.0155136
0.0155202
0.0155235
0.0155278
0.0155293
0.0155319
0.0155322
0.0155338
0.0155336
0.0155347
0.0155344
0.0155353
0.0155349
0.0155357
0.0155354
0.0155362
0.0155358
0.0155366
0.0155363
0.015537
0.0155367
0.0155374
0.0155372
0.0155378
0.0155376
0.0155382
0.015538
0.0155386
0.0155384
0.015539
0.0155388
0.0155394
0.0155392
0.0155398
0.0155396
0.0155401
0.01554
0.0155405
0.0155404
0.0155409
0.0155408
0.0155413
0.0155412
0.0155416
0.0155416
0.015542
0.0155419
0.0155423
0.0155423
0.0155427
0.0155426
0.015543
0.0155429
0.0155433
0.0155433
0.0155436
0.0155436
0.0155439
0.0155439
0.0155442
0.0155441
0.0155444
0.0155443
0.0155446
0.0155444
0.0155448
0.0155424
0.0155411
0.0264241
0.0264832
0.0264876
0.0264944
0.0264948
0.0264997
0.026503
0.0265126
0.0265221
0.0265353
0.0265471
0.0265615
0.0265755
0.0265926
0.0266098
0.0266288
0.0266465
0.0266647
0.0266811
0.0266972
0.0267113
0.0267246
0.0267353
0.0267447
0.0267515
0.026757
0.0267604
0.0267631
0.0267645
0.0267657
0.026766
0.0267665
0.0267665
0.0267668
0.0267666
0.0267668
0.0267666
0.0267668
0.0267667
0.0267668
0.0267667
0.0267668
0.0267667
0.0267668
0.0267667
0.0267669
0.0267667
0.0267669
0.0267668
0.0267669
0.0267668
0.026767
0.0267669
0.026767
0.0267669
0.026767
0.026767
0.0267671
0.026767
0.0267672
0.0267671
0.0267672
0.0267672
0.0267673
0.0267672
0.0267673
0.0267673
0.0267674
0.0267674
0.0267675
0.0267675
0.0267676
0.0267675
0.0267676
0.0267676
0.0267677
0.0267677
0.0267678
0.0267677
0.0267678
0.0267678
0.0267679
0.0267678
0.0267679
0.0267678
0.0267678
0.0267676
0.0267677
0.0267651
0.0267637
0.0121685
0.0123242
0.0123708
0.0124053
0.0124331
0.0124575
0.0124787
0.0124998
0.0125183
0.012537
0.0125526
0.0125686
0.012582
0.0125966
0.0126086
0.0126215
0.0126317
0.0126424
0.0126506
0.0126594
0.0126658
0.0126728
0.0126773
0.0126822
0.0126848
0.0126878
0.0126889
0.0126907
0.0126908
0.0126919
0.0126916
0.0126924
0.012692
0.0126926
0.0126922
0.0126928
0.0126924
0.0126929
0.0126925
0.012693
0.0126927
0.0126932
0.0126929
0.0126933
0.012693
0.0126935
0.0126932
0.0126936
0.0126934
0.0126938
0.0126936
0.0126939
0.0126937
0.0126941
0.0126939
0.0126942
0.0126941
0.0126944
0.0126942
0.0126946
0.0126944
0.0126947
0.0126946
0.0126949
0.0126948
0.0126951
0.012695
0.0126952
0.0126951
0.0126954
0.0126953
0.0126956
0.0126955
0.0126958
0.0126957
0.012696
0.0126959
0.0126962
0.0126961
0.0126964
0.0126964
0.0126966
0.0126966
0.0126969
0.0126969
0.0126973
0.0126973
0.0126978
0.0126971
0.0126972
0.0117313
0.0120086
0.0120562
0.0120916
0.012119
0.0121439
0.0121646
0.0121857
0.0122041
0.012223
0.0122387
0.0122548
0.0122684
0.0122829
0.0122952
0.0123082
0.0123187
0.0123297
0.0123383
0.0123473
0.0123541
0.0123614
0.0123664
0.0123717
0.0123748
0.0123782
0.0123797
0.0123818
0.0123823
0.0123836
0.0123837
0.0123846
0.0123846
0.0123853
0.0123852
0.0123859
0.0123858
0.0123864
0.0123864
0.012387
0.012387
0.0123875
0.0123875
0.012388
0.012388
0.0123886
0.0123886
0.0123891
0.0123891
0.0123896
0.0123896
0.01239
0.0123901
0.0123905
0.0123906
0.012391
0.012391
0.0123914
0.0123915
0.0123919
0.0123919
0.0123923
0.0123924
0.0123927
0.0123928
0.0123931
0.0123932
0.0123936
0.0123936
0.0123939
0.012394
0.0123943
0.0123944
0.0123947
0.0123948
0.0123951
0.0123951
0.0123954
0.0123955
0.0123958
0.0123958
0.0123961
0.0123962
0.0123965
0.0123965
0.0123968
0.0123968
0.0123972
0.0123971
0.0123976
0.0112632
0.0116571
0.0117089
0.0117423
0.0117688
0.011792
0.0118113
0.0118303
0.0118479
0.0118656
0.0118813
0.0118965
0.0119098
0.0119232
0.0119355
0.011948
0.0119589
0.0119697
0.0119787
0.0119876
0.011995
0.0120023
0.0120081
0.0120136
0.0120176
0.0120212
0.0120234
0.0120255
0.0120266
0.0120277
0.0120282
0.0120289
0.0120291
0.0120297
0.0120298
0.0120303
0.0120304
0.0120309
0.012031
0.0120315
0.0120316
0.012032
0.0120322
0.0120326
0.0120327
0.0120331
0.0120332
0.0120336
0.0120338
0.0120342
0.0120343
0.0120347
0.0120348
0.0120352
0.0120353
0.0120357
0.0120358
0.0120362
0.0120363
0.0120366
0.0120368
0.0120371
0.0120372
0.0120376
0.0120377
0.012038
0.0120381
0.0120384
0.0120386
0.0120388
0.012039
0.0120393
0.0120394
0.0120397
0.0120398
0.01204
0.0120401
0.0120404
0.0120405
0.0120408
0.0120409
0.0120411
0.0120412
0.0120414
0.0120415
0.0120417
0.0120417
0.012042
0.0120418
0.0120379
0.0111042
0.0115545
0.0116043
0.0116334
0.0116571
0.0116781
0.011695
0.0117116
0.0117275
0.0117441
0.0117593
0.0117738
0.0117865
0.0117991
0.011811
0.0118232
0.0118344
0.0118452
0.0118547
0.0118638
0.0118717
0.0118793
0.0118858
0.0118918
0.0118965
0.0119006
0.0119035
0.0119058
0.0119073
0.0119085
0.0119091
0.0119098
0.0119101
0.0119105
0.0119107
0.011911
0.0119111
0.0119115
0.0119116
0.0119119
0.011912
0.0119123
0.0119124
0.0119127
0.0119128
0.0119131
0.0119133
0.0119135
0.0119137
0.0119139
0.0119141
0.0119143
0.0119145
0.0119147
0.0119148
0.0119151
0.0119152
0.0119155
0.0119156
0.0119158
0.011916
0.0119162
0.0119163
0.0119166
0.0119167
0.0119169
0.011917
0.0119172
0.0119174
0.0119176
0.0119177
0.0119179
0.011918
0.0119182
0.0119183
0.0119185
0.0119186
0.0119188
0.0119189
0.0119191
0.0119192
0.0119194
0.0119194
0.0119196
0.0119196
0.0119198
0.0119198
0.01192
0.01192
0.0119172
0.011007
0.0114939
0.0115393
0.0115626
0.0115821
0.0115999
0.0116137
0.0116273
0.0116407
0.0116555
0.0116696
0.0116831
0.0116949
0.0117065
0.0117175
0.0117291
0.0117401
0.011751
0.0117606
0.0117697
0.0117778
0.0117857
0.0117926
0.011799
0.0118043
0.0118088
0.0118121
0.0118148
0.0118165
0.0118179
0.0118186
0.0118193
0.0118196
0.01182
0.0118201
0.0118204
0.0118205
0.0118207
0.0118208
0.011821
0.0118211
0.0118214
0.0118214
0.0118217
0.0118218
0.011822
0.0118221
0.0118223
0.0118224
0.0118226
0.0118227
0.0118229
0.011823
0.0118232
0.0118233
0.0118235
0.0118236
0.0118238
0.0118239
0.0118241
0.0118242
0.0118244
0.0118244
0.0118246
0.0118247
0.0118249
0.011825
0.0118252
0.0118253
0.0118254
0.0118255
0.0118257
0.0118258
0.0118259
0.011826
0.0118262
0.0118263
0.0118264
0.0118265
0.0118267
0.0118267
0.0118269
0.0118269
0.0118271
0.0118271
0.0118273
0.0118272
0.0118273
0.0118273
0.0118227
0.010988
0.0114839
0.0115235
0.0115406
0.0115554
0.0115694
0.0115799
0.0115903
0.011601
0.0116138
0.0116263
0.0116386
0.0116491
0.0116596
0.0116697
0.0116807
0.0116913
0.011702
0.0117115
0.0117207
0.0117288
0.0117368
0.0117439
0.0117507
0.0117562
0.011761
0.0117646
0.0117675
0.0117693
0.0117708
0.0117716
0.0117723
0.0117726
0.011773
0.0117732
0.0117734
0.0117735
0.0117737
0.0117738
0.011774
0.0117741
0.0117743
0.0117744
0.0117746
0.0117747
0.0117749
0.011775
0.0117752
0.0117752
0.0117754
0.0117755
0.0117757
0.0117758
0.011776
0.0117761
0.0117762
0.0117763
0.0117765
0.0117766
0.0117768
0.0117768
0.011777
0.0117771
0.0117773
0.0117773
0.0117775
0.0117776
0.0117777
0.0117778
0.011778
0.011778
0.0117782
0.0117783
0.0117784
0.0117785
0.0117786
0.0117787
0.0117789
0.0117789
0.0117791
0.0117791
0.0117793
0.0117793
0.0117794
0.0117794
0.0117796
0.0117796
0.0117797
0.0117796
0.0117755
0.0109881
0.0114815
0.011517
0.0115298
0.0115405
0.011551
0.0115584
0.011566
0.0115744
0.0115851
0.0115959
0.0116066
0.0116158
0.0116252
0.0116344
0.0116447
0.0116547
0.011665
0.0116742
0.0116832
0.0116911
0.0116991
0.0117061
0.0117128
0.0117182
0.0117231
0.0117266
0.0117295
0.0117313
0.0117328
0.0117336
0.0117343
0.0117346
0.011735
0.0117352
0.0117354
0.0117355
0.0117358
0.0117358
0.011736
0.0117361
0.0117363
0.0117364
0.0117366
0.0117367
0.0117369
0.011737
0.0117372
0.0117372
0.0117375
0.0117375
0.0117377
0.0117378
0.011738
0.0117381
0.0117383
0.0117383
0.0117385
0.0117386
0.0117388
0.0117389
0.011739
0.0117391
0.0117393
0.0117394
0.0117395
0.0117396
0.0117398
0.0117398
0.01174
0.0117401
0.0117402
0.0117403
0.0117404
0.0117405
0.0117407
0.0117407
0.0117409
0.0117409
0.0117411
0.0117411
0.0117413
0.0117413
0.0117415
0.0117415
0.0117416
0.0117416
0.0117417
0.0117417
0.0117376
0.011007
0.0114846
0.0115173
0.0115276
0.0115354
0.0115428
0.0115478
0.0115536
0.0115603
0.0115693
0.0115784
0.0115876
0.0115957
0.0116041
0.0116127
0.0116223
0.0116318
0.0116414
0.0116502
0.0116587
0.0116664
0.011674
0.0116807
0.0116871
0.0116922
0.0116967
0.0116999
0.0117026
0.0117043
0.0117056
0.0117063
0.011707
0.0117073
0.0117077
0.0117078
0.0117081
0.0117082
0.0117085
0.0117085
0.0117088
0.0117089
0.0117091
0.0117092
0.0117094
0.0117095
0.0117097
0.0117098
0.01171
0.0117101
0.0117103
0.0117104
0.0117107
0.0117107
0.011711
0.011711
0.0117113
0.0117113
0.0117115
0.0117116
0.0117118
0.0117119
0.0117121
0.0117122
0.0117124
0.0117125
0.0117127
0.0117128
0.0117129
0.011713
0.0117132
0.0117133
0.0117135
0.0117136
0.0117137
0.0117138
0.011714
0.011714
0.0117142
0.0117143
0.0117144
0.0117145
0.0117147
0.0117147
0.0117149
0.0117149
0.011715
0.011715
0.0117151
0.0117152
0.0117107
0.0110997
0.0115282
0.0115544
0.0115621
0.0115673
0.0115722
0.0115755
0.0115802
0.0115858
0.0115934
0.011601
0.0116089
0.011616
0.011624
0.0116321
0.0116412
0.0116501
0.0116593
0.0116676
0.0116758
0.0116831
0.0116904
0.0116966
0.0117024
0.011707
0.011711
0.0117138
0.0117161
0.0117175
0.0117187
0.0117193
0.01172
0.0117203
0.0117207
0.0117208
0.0117212
0.0117213
0.0117216
0.0117218
0.0117221
0.0117222
0.0117225
0.0117226
0.0117229
0.011723
0.0117233
0.0117234
0.0117237
0.0117238
0.0117241
0.0117242
0.0117245
0.0117246
0.0117249
0.011725
0.0117253
0.0117254
0.0117257
0.0117258
0.011726
0.0117262
0.0117264
0.0117265
0.0117268
0.0117269
0.0117271
0.0117272
0.0117275
0.0117276
0.0117278
0.0117279
0.0117281
0.0117282
0.0117284
0.0117285
0.0117287
0.0117288
0.011729
0.0117291
0.0117293
0.0117294
0.0117296
0.0117297
0.0117299
0.0117299
0.0117301
0.0117301
0.0117302
0.0117303
0.0117276
0.0112453
0.0115991
0.0116169
0.0116222
0.0116252
0.0116283
0.0116307
0.011635
0.01164
0.0116467
0.011653
0.0116601
0.0116667
0.0116745
0.0116823
0.0116913
0.0116996
0.0117085
0.0117162
0.0117241
0.0117309
0.0117378
0.0117433
0.0117485
0.0117523
0.0117558
0.011758
0.01176
0.0117611
0.0117622
0.0117627
0.0117634
0.0117636
0.0117641
0.0117643
0.0117648
0.0117649
0.0117653
0.0117654
0.0117659
0.011766
0.0117664
0.0117666
0.011767
0.0117671
0.0117675
0.0117677
0.0117681
0.0117682
0.0117686
0.0117687
0.0117691
0.0117693
0.0117696
0.0117698
0.0117701
0.0117703
0.0117706
0.0117708
0.0117711
0.0117712
0.0117716
0.0117717
0.011772
0.0117722
0.0117725
0.0117726
0.0117729
0.011773
0.0117733
0.0117735
0.0117738
0.0117739
0.0117742
0.0117743
0.0117745
0.0117746
0.0117749
0.011775
0.0117753
0.0117754
0.0117756
0.0117757
0.011776
0.011776
0.0117763
0.0117762
0.0117765
0.0117766
0.0117729
0.0116831
0.0119023
0.0119083
0.0119111
0.0119118
0.0119141
0.0119158
0.0119205
0.0119249
0.0119315
0.0119368
0.0119439
0.0119501
0.0119585
0.011966
0.0119753
0.0119831
0.0119921
0.0119993
0.0120074
0.0120136
0.0120203
0.0120251
0.0120301
0.0120331
0.0120364
0.0120378
0.0120398
0.0120403
0.0120416
0.0120417
0.0120426
0.0120425
0.0120432
0.0120432
0.0120438
0.0120438
0.0120444
0.0120444
0.012045
0.0120449
0.0120455
0.0120455
0.012046
0.012046
0.0120465
0.0120465
0.0120471
0.0120471
0.0120476
0.0120476
0.0120481
0.0120481
0.0120485
0.0120486
0.012049
0.012049
0.0120495
0.0120495
0.0120499
0.01205
0.0120504
0.0120504
0.0120508
0.0120508
0.0120512
0.0120513
0.0120516
0.0120517
0.012052
0.0120521
0.0120524
0.0120525
0.0120528
0.0120528
0.0120532
0.0120532
0.0120535
0.0120536
0.0120539
0.0120539
0.0120542
0.0120543
0.0120546
0.0120546
0.0120549
0.0120549
0.0120553
0.0120553
0.012056
0.0120867
0.0121759
0.0121785
0.0121788
0.0121788
0.0121798
0.0121811
0.0121852
0.0121891
0.0121951
0.0121998
0.0122066
0.0122124
0.0122207
0.0122278
0.012237
0.0122444
0.0122531
0.0122599
0.0122678
0.0122735
0.01228
0.0122842
0.0122889
0.0122913
0.0122943
0.0122952
0.012297
0.0122971
0.0122981
0.0122978
0.0122986
0.0122982
0.0122988
0.0122984
0.012299
0.0122986
0.0122991
0.0122987
0.0122992
0.0122989
0.0122994
0.0122991
0.0122995
0.0122992
0.0122997
0.0122994
0.0122998
0.0122996
0.0123
0.0122998
0.0123001
0.0122999
0.0123003
0.0123001
0.0123005
0.0123003
0.0123006
0.0123005
0.0123008
0.0123006
0.0123009
0.0123008
0.0123011
0.012301
0.0123013
0.0123012
0.0123015
0.0123014
0.0123016
0.0123015
0.0123018
0.0123017
0.012302
0.0123019
0.0123022
0.0123021
0.0123024
0.0123023
0.0123026
0.0123026
0.0123028
0.0123028
0.0123031
0.0123031
0.0123035
0.0123035
0.012304
0.0123033
0.0123035
0.00422152
0.00433772
0.004351
0.00435772
0.00436786
0.00437724
0.00438641
0.00439707
0.00440476
0.00441537
0.0044213
0.00443144
0.00443609
0.0044458
0.00444945
0.00445841
0.00446105
0.0044691
0.00447088
0.00447808
0.00447915
0.00448547
0.00448584
0.00449122
0.00449096
0.0044955
0.0044948
0.00449875
0.00449782
0.00450136
0.00450036
0.00450363
0.00450263
0.00450568
0.00450474
0.0045076
0.00450671
0.00450941
0.00450859
0.00451113
0.00451037
0.00451277
0.00451206
0.00451434
0.00451369
0.00451584
0.00451524
0.00451729
0.00451674
0.00451868
0.00451817
0.00452002
0.00451956
0.00452132
0.00452089
0.00452258
0.00452219
0.00452379
0.00452344
0.00452498
0.00452465
0.00452613
0.00452583
0.00452725
0.00452697
0.00452835
0.00452809
0.00452942
0.00452918
0.00453048
0.00453025
0.00453152
0.0045313
0.00453255
0.00453233
0.00453357
0.00453336
0.00453459
0.00453438
0.00453561
0.0045354
0.00453664
0.00453642
0.00453766
0.00453743
0.00453866
0.00453836
0.00453964
0.00453891
0.0045396
0.00419126
0.0045063
0.0045408
0.00455335
0.00456456
0.00457439
0.00458357
0.00459295
0.00460095
0.00460966
0.00461626
0.00462414
0.00462976
0.00463714
0.00464207
0.00464883
0.00465292
0.00465886
0.00466214
0.00466735
0.00466995
0.00467443
0.00467633
0.00467999
0.00468121
0.00468409
0.00468482
0.00468713
0.00468758
0.00468956
0.00468989
0.00469168
0.00469198
0.00469367
0.00469396
0.00469557
0.00469587
0.00469742
0.00469774
0.00469923
0.00469956
0.004701
0.00470134
0.00470273
0.00470307
0.00470441
0.00470476
0.00470606
0.00470642
0.00470767
0.00470803
0.00470924
0.0047096
0.00471078
0.00471114
0.00471227
0.00471263
0.00471372
0.00471408
0.00471514
0.00471549
0.00471652
0.00471686
0.00471786
0.0047182
0.00471916
0.00471949
0.00472042
0.00472074
0.00472164
0.00472195
0.00472283
0.00472313
0.00472398
0.00472427
0.0047251
0.00472537
0.00472619
0.00472645
0.00472724
0.00472748
0.00472827
0.00472848
0.00472926
0.00472944
0.0047302
0.00473032
0.00473101
0.0047311
0.0047319
0.00384321
0.00430077
0.00436282
0.00438209
0.00439426
0.0044043
0.00441269
0.00442088
0.00442828
0.00443567
0.00444202
0.00444833
0.00445376
0.00445947
0.00446446
0.00446973
0.00447413
0.00447867
0.00448233
0.00448617
0.00448921
0.00449244
0.00449485
0.00449738
0.00449909
0.0045009
0.00450199
0.00450324
0.00450392
0.00450485
0.00450533
0.00450609
0.00450648
0.00450716
0.00450753
0.00450818
0.00450854
0.00450916
0.00450952
0.00451013
0.00451049
0.00451108
0.00451143
0.00451201
0.00451236
0.00451293
0.00451328
0.00451383
0.00451418
0.00451472
0.00451507
0.0045156
0.00451594
0.00451646
0.0045168
0.0045173
0.00451764
0.00451813
0.00451846
0.00451894
0.00451927
0.00451974
0.00452006
0.00452052
0.00452083
0.00452128
0.00452159
0.00452203
0.00452233
0.00452276
0.00452306
0.00452348
0.00452376
0.00452417
0.00452445
0.00452486
0.00452512
0.00452552
0.00452578
0.00452617
0.00452642
0.0045268
0.00452704
0.00452741
0.00452763
0.00452799
0.00452819
0.00452848
0.00452879
0.00452787
0.00366769
0.00418922
0.00427113
0.00429166
0.00430536
0.00431278
0.00432096
0.00432625
0.00433331
0.00433851
0.00434471
0.00434914
0.00435423
0.00435826
0.00436298
0.00436703
0.00437137
0.00437498
0.00437862
0.00438167
0.00438472
0.00438733
0.00438983
0.00439188
0.00439371
0.00439508
0.00439622
0.004397
0.00439764
0.00439806
0.00439842
0.00439866
0.0043989
0.00439908
0.00439928
0.00439944
0.00439963
0.00439979
0.00439997
0.00440014
0.00440032
0.00440049
0.00440067
0.00440084
0.00440103
0.0044012
0.00440138
0.00440155
0.00440174
0.00440191
0.00440209
0.00440227
0.00440245
0.00440262
0.0044028
0.00440298
0.00440315
0.00440333
0.00440351
0.00440368
0.00440386
0.00440403
0.0044042
0.00440438
0.00440455
0.00440472
0.0044049
0.00440507
0.00440524
0.00440541
0.00440558
0.00440575
0.00440593
0.00440609
0.00440627
0.00440643
0.00440662
0.00440678
0.00440696
0.00440712
0.0044073
0.00440746
0.00440763
0.00440778
0.00440792
0.00440807
0.00440815
0.00440824
0.00440818
0.00440719
0.00356424
0.00410807
0.004194
0.00421283
0.00422433
0.00422986
0.00423629
0.00424014
0.00424597
0.00425045
0.00425602
0.00425989
0.00426438
0.00426793
0.00427217
0.00427634
0.00428053
0.00428435
0.00428795
0.00429119
0.00429425
0.00429706
0.00429966
0.00430195
0.00430392
0.00430549
0.00430673
0.00430763
0.0043083
0.00430875
0.00430908
0.0043093
0.00430947
0.0043096
0.00430972
0.00430981
0.00430991
0.00430999
0.00431008
0.00431016
0.00431026
0.00431034
0.00431043
0.00431051
0.0043106
0.00431068
0.00431077
0.00431085
0.00431094
0.00431102
0.00431111
0.00431119
0.00431128
0.00431136
0.00431145
0.00431153
0.00431161
0.0043117
0.00431178
0.00431186
0.00431195
0.00431203
0.00431211
0.00431219
0.00431228
0.00431236
0.00431244
0.00431252
0.0043126
0.00431269
0.00431277
0.00431285
0.00431293
0.00431301
0.0043131
0.00431318
0.00431326
0.00431334
0.00431342
0.00431351
0.00431358
0.00431367
0.00431374
0.00431382
0.00431388
0.00431394
0.004314
0.004314
0.00431404
0.00431268
0.00354661
0.00409228
0.00417552
0.00419032
0.00419879
0.00420181
0.00420642
0.00420859
0.00421323
0.00421666
0.00422155
0.00422481
0.00422877
0.00423177
0.00423561
0.00423909
0.004243
0.00424641
0.00424984
0.00425281
0.00425574
0.0042584
0.00426094
0.00426318
0.00426512
0.0042667
0.0042679
0.0042688
0.0042694
0.00426982
0.00427007
0.00427025
0.00427033
0.00427042
0.00427044
0.0042705
0.00427051
0.00427056
0.00427057
0.00427062
0.00427064
0.00427069
0.00427072
0.00427077
0.0042708
0.00427086
0.00427088
0.00427094
0.00427097
0.00427103
0.00427106
0.00427112
0.00427115
0.00427122
0.00427125
0.00427131
0.00427134
0.0042714
0.00427143
0.0042715
0.00427153
0.00427159
0.00427162
0.00427168
0.00427172
0.00427178
0.00427181
0.00427187
0.00427191
0.00427197
0.00427201
0.00427207
0.00427211
0.00427217
0.00427221
0.00427227
0.00427232
0.00427238
0.00427243
0.00427248
0.00427253
0.00427259
0.00427262
0.00427268
0.00427269
0.00427272
0.00427268
0.00427268
0.00427248
0.00427107
0.00354659
0.0040915
0.00417347
0.00418675
0.00419375
0.0041955
0.00419884
0.00420008
0.00420366
0.00420635
0.00421056
0.00421324
0.0042167
0.00421927
0.00422276
0.00422593
0.00422963
0.00423288
0.00423618
0.00423907
0.00424194
0.00424456
0.00424708
0.0042493
0.00425123
0.0042528
0.004254
0.0042549
0.0042555
0.00425592
0.00425617
0.00425635
0.00425643
0.00425652
0.00425655
0.0042566
0.00425662
0.00425667
0.00425668
0.00425673
0.00425675
0.00425681
0.00425683
0.00425689
0.00425691
0.00425697
0.004257
0.00425707
0.00425709
0.00425716
0.00425719
0.00425725
0.00425728
0.00425734
0.00425738
0.00425744
0.00425747
0.00425753
0.00425757
0.00425763
0.00425766
0.00425773
0.00425776
0.00425782
0.00425786
0.00425792
0.00425795
0.00425801
0.00425805
0.00425811
0.00425815
0.00425821
0.00425826
0.00425831
0.00425836
0.00425842
0.00425847
0.00425853
0.00425858
0.00425863
0.00425868
0.00425874
0.00425878
0.00425883
0.00425884
0.00425888
0.00425884
0.00425884
0.00425865
0.00425728
0.00356433
0.00410553
0.00418755
0.004202
0.0042094
0.00421119
0.00421427
0.0042153
0.00421842
0.00422074
0.00422438
0.00422671
0.00422982
0.00423213
0.00423541
0.0042385
0.00424205
0.00424543
0.0042487
0.00425172
0.00425462
0.00425732
0.00425985
0.0042621
0.00426403
0.00426559
0.00426682
0.00426772
0.00426837
0.00426883
0.00426915
0.00426938
0.00426955
0.00426968
0.0042698
0.00426989
0.00426999
0.00427008
0.00427018
0.00427026
0.00427036
0.00427044
0.00427053
0.00427062
0.00427071
0.0042708
0.00427089
0.00427097
0.00427106
0.00427115
0.00427124
0.00427132
0.00427141
0.0042715
0.00427158
0.00427167
0.00427176
0.00427184
0.00427193
0.00427201
0.0042721
0.00427218
0.00427227
0.00427235
0.00427244
0.00427252
0.0042726
0.00427269
0.00427277
0.00427286
0.00427294
0.00427303
0.00427311
0.00427319
0.00427328
0.00427336
0.00427344
0.00427353
0.00427361
0.00427369
0.00427377
0.00427386
0.00427393
0.00427401
0.00427408
0.00427414
0.0042742
0.0042742
0.00427425
0.00427295
0.00366637
0.00418149
0.00425581
0.00426891
0.00427589
0.00427742
0.00428036
0.00428129
0.00428426
0.00428614
0.00428941
0.00429132
0.00429426
0.0042965
0.00429977
0.00430265
0.00430611
0.00430908
0.00431225
0.00431499
0.0043178
0.00432027
0.00432267
0.00432466
0.00432644
0.00432779
0.0043289
0.00432968
0.00433031
0.00433073
0.00433108
0.00433133
0.00433157
0.00433175
0.00433195
0.00433212
0.00433231
0.00433247
0.00433266
0.00433283
0.00433301
0.00433318
0.00433337
0.00433354
0.00433372
0.0043339
0.00433408
0.00433426
0.00433444
0.00433462
0.0043348
0.00433498
0.00433516
0.00433534
0.00433552
0.0043357
0.00433588
0.00433606
0.00433624
0.00433641
0.00433659
0.00433677
0.00433695
0.00433712
0.0043373
0.00433747
0.00433765
0.00433782
0.00433799
0.00433817
0.00433834
0.00433851
0.00433869
0.00433886
0.00433904
0.00433921
0.00433939
0.00433955
0.00433974
0.0043399
0.00434008
0.00434024
0.00434041
0.00434057
0.00434071
0.00434086
0.00434095
0.00434103
0.00434099
0.00434011
0.0038386
0.00428391
0.0043345
0.00434372
0.00434729
0.00434994
0.004352
0.00435472
0.00435739
0.00436066
0.00436348
0.00436674
0.00436962
0.00437322
0.00437653
0.00438049
0.0043839
0.00438773
0.00439087
0.00439437
0.00439716
0.00440023
0.00440253
0.00440498
0.00440663
0.00440841
0.00440947
0.00441071
0.00441139
0.00441231
0.00441278
0.00441354
0.00441393
0.00441461
0.00441498
0.00441563
0.00441598
0.00441661
0.00441697
0.00441758
0.00441793
0.00441853
0.00441888
0.00441946
0.00441981
0.00442038
0.00442073
0.00442129
0.00442163
0.00442218
0.00442252
0.00442305
0.00442339
0.00442391
0.00442425
0.00442476
0.00442509
0.00442559
0.00442592
0.00442641
0.00442673
0.0044272
0.00442752
0.00442799
0.0044283
0.00442876
0.00442906
0.00442951
0.00442981
0.00443024
0.00443053
0.00443096
0.00443124
0.00443166
0.00443194
0.00443235
0.00443262
0.00443302
0.00443328
0.00443367
0.00443393
0.00443431
0.00443455
0.00443493
0.00443515
0.00443552
0.00443573
0.004436
0.00443638
0.00443555
0.0041786
0.00447415
0.00449352
0.00449415
0.00449555
0.00449718
0.00449941
0.00450281
0.00450564
0.00450991
0.00451266
0.0045173
0.0045202
0.00452541
0.00452859
0.00453405
0.00453715
0.00454242
0.00454521
0.00455011
0.00455248
0.00455682
0.00455861
0.00456221
0.00456339
0.00456625
0.00456696
0.00456927
0.00456972
0.0045717
0.00457203
0.00457384
0.00457414
0.00457584
0.00457614
0.00457776
0.00457807
0.00457964
0.00457995
0.00458146
0.00458179
0.00458325
0.00458359
0.00458499
0.00458534
0.0045867
0.00458705
0.00458836
0.00458872
0.00458999
0.00459035
0.00459158
0.00459195
0.00459313
0.0045935
0.00459464
0.00459501
0.00459611
0.00459648
0.00459755
0.0045979
0.00459894
0.00459929
0.0046003
0.00460064
0.00460162
0.00460195
0.0046029
0.00460322
0.00460414
0.00460445
0.00460534
0.00460564
0.00460651
0.0046068
0.00460764
0.00460792
0.00460875
0.00460901
0.00460982
0.00461007
0.00461086
0.00461108
0.00461187
0.00461206
0.00461282
0.00461295
0.00461365
0.00461379
0.00461465
0.00419495
0.00428776
0.00428636
0.00428196
0.00428295
0.00428475
0.00428749
0.00429264
0.00429558
0.0043021
0.00430455
0.0043117
0.00431398
0.00432167
0.00432386
0.00433166
0.0043335
0.00434097
0.00434237
0.00434933
0.00435023
0.00435646
0.00435675
0.00436212
0.00436182
0.00436639
0.00436569
0.00436967
0.00436875
0.00437234
0.00437135
0.00437467
0.00437369
0.00437679
0.00437586
0.00437877
0.0043779
0.00438065
0.00437984
0.00438244
0.00438169
0.00438414
0.00438345
0.00438577
0.00438513
0.00438733
0.00438675
0.00438884
0.00438831
0.00439029
0.0043898
0.00439169
0.00439124
0.00439304
0.00439264
0.00439435
0.00439398
0.00439562
0.00439528
0.00439686
0.00439655
0.00439806
0.00439777
0.00439923
0.00439897
0.00440037
0.00440013
0.00440149
0.00440126
0.00440259
0.00440237
0.00440367
0.00440346
0.00440473
0.00440453
0.00440579
0.00440559
0.00440684
0.00440665
0.0044079
0.0044077
0.00440895
0.00440875
0.00441
0.00440978
0.00441102
0.00441074
0.00441203
0.00441129
0.00441194
0.00422152
0.00433772
0.004351
0.00435772
0.00436786
0.00437724
0.00438641
0.00439707
0.00440476
0.00441537
0.0044213
0.00443144
0.00443609
0.0044458
0.00444945
0.00445841
0.00446105
0.0044691
0.00447088
0.00447808
0.00447915
0.00448547
0.00448584
0.00449122
0.00449096
0.0044955
0.0044948
0.00449875
0.00449782
0.00450136
0.00450036
0.00450363
0.00450263
0.00450568
0.00450474
0.0045076
0.00450671
0.00450941
0.00450859
0.00451113
0.00451037
0.00451277
0.00451206
0.00451434
0.00451369
0.00451584
0.00451524
0.00451729
0.00451674
0.00451868
0.00451817
0.00452002
0.00451956
0.00452132
0.00452089
0.00452258
0.00452219
0.00452379
0.00452344
0.00452498
0.00452465
0.00452613
0.00452583
0.00452725
0.00452697
0.00452835
0.00452809
0.00452942
0.00452918
0.00453048
0.00453025
0.00453152
0.0045313
0.00453255
0.00453233
0.00453357
0.00453336
0.00453459
0.00453438
0.00453561
0.0045354
0.00453664
0.00453642
0.00453766
0.00453743
0.00453866
0.00453836
0.00453964
0.00453891
0.0045396
0.00419126
0.0045063
0.0045408
0.00455335
0.00456456
0.00457439
0.00458357
0.00459295
0.00460095
0.00460966
0.00461626
0.00462414
0.00462976
0.00463714
0.00464207
0.00464883
0.00465292
0.00465886
0.00466214
0.00466735
0.00466995
0.00467443
0.00467633
0.00467999
0.00468121
0.00468409
0.00468482
0.00468713
0.00468758
0.00468956
0.00468989
0.00469168
0.00469198
0.00469367
0.00469396
0.00469557
0.00469587
0.00469742
0.00469774
0.00469923
0.00469956
0.004701
0.00470134
0.00470273
0.00470307
0.00470441
0.00470476
0.00470606
0.00470642
0.00470767
0.00470803
0.00470924
0.0047096
0.00471078
0.00471114
0.00471227
0.00471263
0.00471372
0.00471408
0.00471514
0.00471549
0.00471652
0.00471686
0.00471786
0.0047182
0.00471916
0.00471949
0.00472042
0.00472074
0.00472164
0.00472195
0.00472283
0.00472313
0.00472398
0.00472427
0.0047251
0.00472538
0.00472619
0.00472645
0.00472724
0.00472748
0.00472827
0.00472849
0.00472926
0.00472944
0.0047302
0.00473032
0.00473101
0.0047311
0.0047319
0.00384321
0.00430077
0.00436282
0.00438209
0.00439426
0.0044043
0.00441269
0.00442088
0.00442828
0.00443567
0.00444202
0.00444833
0.00445376
0.00445947
0.00446446
0.00446973
0.00447413
0.00447867
0.00448233
0.00448617
0.00448921
0.00449244
0.00449485
0.00449738
0.00449909
0.0045009
0.00450199
0.00450324
0.00450392
0.00450485
0.00450533
0.00450609
0.00450648
0.00450716
0.00450753
0.00450818
0.00450854
0.00450916
0.00450952
0.00451013
0.00451049
0.00451108
0.00451143
0.00451201
0.00451236
0.00451293
0.00451328
0.00451383
0.00451418
0.00451472
0.00451507
0.0045156
0.00451594
0.00451646
0.0045168
0.0045173
0.00451764
0.00451813
0.00451846
0.00451894
0.00451927
0.00451974
0.00452006
0.00452052
0.00452083
0.00452128
0.00452159
0.00452203
0.00452233
0.00452276
0.00452305
0.00452348
0.00452376
0.00452417
0.00452445
0.00452486
0.00452512
0.00452552
0.00452578
0.00452617
0.00452642
0.0045268
0.00452704
0.00452741
0.00452763
0.00452799
0.00452819
0.00452848
0.00452879
0.00452787
0.0036677
0.00418922
0.00427113
0.00429166
0.00430536
0.00431278
0.00432096
0.00432625
0.00433331
0.00433851
0.00434471
0.00434914
0.00435423
0.00435826
0.00436298
0.00436703
0.00437137
0.00437498
0.00437862
0.00438167
0.00438472
0.00438733
0.00438983
0.00439188
0.00439371
0.00439508
0.00439622
0.004397
0.00439764
0.00439806
0.00439842
0.00439866
0.0043989
0.00439908
0.00439928
0.00439944
0.00439963
0.00439979
0.00439997
0.00440014
0.00440032
0.00440049
0.00440067
0.00440084
0.00440103
0.0044012
0.00440138
0.00440155
0.00440174
0.00440191
0.00440209
0.00440227
0.00440245
0.00440262
0.0044028
0.00440298
0.00440315
0.00440333
0.00440351
0.00440368
0.00440386
0.00440403
0.0044042
0.00440438
0.00440455
0.00440472
0.0044049
0.00440506
0.00440524
0.00440541
0.00440558
0.00440575
0.00440593
0.00440609
0.00440627
0.00440643
0.00440662
0.00440678
0.00440696
0.00440712
0.0044073
0.00440746
0.00440763
0.00440778
0.00440792
0.00440807
0.00440815
0.00440824
0.00440818
0.00440719
0.00356424
0.00410807
0.004194
0.00421283
0.00422433
0.00422986
0.00423629
0.00424014
0.00424597
0.00425045
0.00425602
0.00425989
0.00426438
0.00426793
0.00427217
0.00427634
0.00428053
0.00428435
0.00428795
0.00429119
0.00429425
0.00429706
0.00429966
0.00430195
0.00430392
0.00430549
0.00430673
0.00430763
0.0043083
0.00430875
0.00430908
0.0043093
0.00430947
0.0043096
0.00430972
0.00430981
0.00430991
0.00430999
0.00431008
0.00431016
0.00431026
0.00431034
0.00431043
0.00431051
0.0043106
0.00431068
0.00431077
0.00431085
0.00431094
0.00431102
0.00431111
0.00431119
0.00431128
0.00431136
0.00431145
0.00431153
0.00431161
0.0043117
0.00431178
0.00431186
0.00431195
0.00431203
0.00431211
0.00431219
0.00431228
0.00431236
0.00431244
0.00431252
0.0043126
0.00431269
0.00431277
0.00431285
0.00431293
0.00431301
0.0043131
0.00431318
0.00431326
0.00431334
0.00431342
0.00431351
0.00431358
0.00431367
0.00431374
0.00431382
0.00431388
0.00431394
0.004314
0.004314
0.00431404
0.00431268
0.00354661
0.00409228
0.00417552
0.00419032
0.00419879
0.00420181
0.00420642
0.00420859
0.00421323
0.00421666
0.00422155
0.00422481
0.00422877
0.00423177
0.00423561
0.00423909
0.004243
0.00424641
0.00424984
0.00425281
0.00425574
0.0042584
0.00426094
0.00426318
0.00426512
0.0042667
0.0042679
0.0042688
0.0042694
0.00426982
0.00427007
0.00427025
0.00427033
0.00427042
0.00427044
0.0042705
0.00427051
0.00427056
0.00427057
0.00427062
0.00427064
0.00427069
0.00427072
0.00427077
0.0042708
0.00427086
0.00427088
0.00427094
0.00427097
0.00427103
0.00427106
0.00427112
0.00427115
0.00427122
0.00427125
0.00427131
0.00427134
0.0042714
0.00427143
0.00427149
0.00427153
0.00427159
0.00427162
0.00427168
0.00427172
0.00427178
0.00427181
0.00427187
0.00427191
0.00427197
0.00427201
0.00427207
0.00427211
0.00427217
0.00427221
0.00427227
0.00427232
0.00427238
0.00427243
0.00427248
0.00427253
0.00427259
0.00427262
0.00427268
0.00427269
0.00427272
0.00427268
0.00427268
0.00427248
0.00427107
0.00354659
0.0040915
0.00417347
0.00418675
0.00419375
0.0041955
0.00419884
0.00420008
0.00420366
0.00420635
0.00421056
0.00421324
0.0042167
0.00421927
0.00422276
0.00422593
0.00422963
0.00423288
0.00423618
0.00423907
0.00424194
0.00424456
0.00424708
0.0042493
0.00425123
0.0042528
0.004254
0.0042549
0.0042555
0.00425592
0.00425617
0.00425635
0.00425643
0.00425652
0.00425655
0.0042566
0.00425662
0.00425667
0.00425668
0.00425673
0.00425675
0.00425681
0.00425683
0.00425689
0.00425691
0.00425697
0.004257
0.00425706
0.00425709
0.00425716
0.00425719
0.00425725
0.00425728
0.00425734
0.00425738
0.00425744
0.00425747
0.00425753
0.00425757
0.00425763
0.00425766
0.00425772
0.00425776
0.00425782
0.00425786
0.00425792
0.00425795
0.00425801
0.00425805
0.00425811
0.00425815
0.00425821
0.00425826
0.00425831
0.00425836
0.00425842
0.00425847
0.00425853
0.00425858
0.00425863
0.00425868
0.00425874
0.00425878
0.00425883
0.00425884
0.00425888
0.00425884
0.00425884
0.00425865
0.00425728
0.00356433
0.00410553
0.00418755
0.004202
0.0042094
0.00421119
0.00421427
0.0042153
0.00421842
0.00422074
0.00422438
0.00422671
0.00422982
0.00423213
0.00423541
0.0042385
0.00424205
0.00424543
0.0042487
0.00425172
0.00425462
0.00425732
0.00425985
0.0042621
0.00426403
0.00426559
0.00426682
0.00426772
0.00426837
0.00426883
0.00426915
0.00426938
0.00426955
0.00426968
0.0042698
0.00426989
0.00426999
0.00427008
0.00427018
0.00427026
0.00427036
0.00427044
0.00427053
0.00427062
0.00427071
0.0042708
0.00427089
0.00427097
0.00427106
0.00427115
0.00427124
0.00427132
0.00427141
0.0042715
0.00427158
0.00427167
0.00427176
0.00427184
0.00427193
0.00427201
0.0042721
0.00427218
0.00427227
0.00427235
0.00427244
0.00427252
0.0042726
0.00427269
0.00427277
0.00427286
0.00427294
0.00427303
0.00427311
0.00427319
0.00427327
0.00427336
0.00427344
0.00427353
0.00427361
0.00427369
0.00427377
0.00427386
0.00427393
0.00427401
0.00427408
0.00427414
0.0042742
0.0042742
0.00427425
0.00427295
0.00366637
0.00418149
0.00425581
0.00426891
0.00427589
0.00427742
0.00428036
0.00428129
0.00428426
0.00428614
0.00428941
0.00429132
0.00429426
0.0042965
0.00429977
0.00430265
0.00430611
0.00430908
0.00431225
0.00431499
0.0043178
0.00432027
0.00432267
0.00432466
0.00432644
0.00432779
0.0043289
0.00432968
0.00433031
0.00433073
0.00433108
0.00433133
0.00433157
0.00433175
0.00433195
0.00433212
0.00433231
0.00433247
0.00433266
0.00433283
0.00433301
0.00433318
0.00433337
0.00433354
0.00433372
0.0043339
0.00433408
0.00433426
0.00433444
0.00433462
0.0043348
0.00433498
0.00433516
0.00433534
0.00433552
0.0043357
0.00433588
0.00433606
0.00433624
0.00433641
0.00433659
0.00433677
0.00433694
0.00433712
0.0043373
0.00433747
0.00433765
0.00433782
0.00433799
0.00433817
0.00433834
0.00433851
0.00433869
0.00433886
0.00433904
0.00433921
0.00433939
0.00433955
0.00433973
0.0043399
0.00434008
0.00434024
0.00434041
0.00434057
0.00434071
0.00434086
0.00434095
0.00434103
0.00434099
0.00434011
0.0038386
0.00428391
0.0043345
0.00434372
0.00434729
0.00434994
0.004352
0.00435472
0.00435739
0.00436067
0.00436348
0.00436674
0.00436962
0.00437322
0.00437653
0.00438049
0.0043839
0.00438773
0.00439087
0.00439437
0.00439716
0.00440023
0.00440253
0.00440498
0.00440663
0.00440841
0.00440947
0.00441071
0.00441138
0.00441231
0.00441278
0.00441354
0.00441393
0.00441461
0.00441498
0.00441563
0.00441598
0.00441661
0.00441697
0.00441758
0.00441793
0.00441853
0.00441888
0.00441946
0.00441981
0.00442038
0.00442073
0.00442129
0.00442163
0.00442218
0.00442252
0.00442305
0.00442339
0.00442391
0.00442425
0.00442476
0.00442509
0.00442559
0.00442592
0.0044264
0.00442673
0.0044272
0.00442752
0.00442799
0.0044283
0.00442876
0.00442906
0.00442951
0.00442981
0.00443024
0.00443053
0.00443096
0.00443124
0.00443166
0.00443194
0.00443235
0.00443262
0.00443302
0.00443328
0.00443367
0.00443392
0.00443431
0.00443455
0.00443493
0.00443515
0.00443552
0.00443573
0.004436
0.00443638
0.00443555
0.0041786
0.00447415
0.00449352
0.00449415
0.00449555
0.00449718
0.00449941
0.00450281
0.00450564
0.00450991
0.00451266
0.0045173
0.0045202
0.00452541
0.00452859
0.00453405
0.00453715
0.00454242
0.00454521
0.00455011
0.00455248
0.00455682
0.00455861
0.00456221
0.00456339
0.00456625
0.00456696
0.00456927
0.00456971
0.0045717
0.00457203
0.00457384
0.00457414
0.00457584
0.00457614
0.00457776
0.00457807
0.00457964
0.00457995
0.00458146
0.00458179
0.00458325
0.00458359
0.00458499
0.00458534
0.0045867
0.00458705
0.00458836
0.00458872
0.00458999
0.00459035
0.00459158
0.00459194
0.00459313
0.0045935
0.00459464
0.00459501
0.00459611
0.00459647
0.00459755
0.0045979
0.00459894
0.00459929
0.0046003
0.00460064
0.00460162
0.00460195
0.0046029
0.00460322
0.00460414
0.00460445
0.00460534
0.00460564
0.00460651
0.0046068
0.00460764
0.00460792
0.00460875
0.00460901
0.00460982
0.00461007
0.00461086
0.00461108
0.00461187
0.00461206
0.00461282
0.00461295
0.00461365
0.00461379
0.00461465
0.00419495
0.00428776
0.00428636
0.00428196
0.00428295
0.00428475
0.00428749
0.00429264
0.00429558
0.0043021
0.00430455
0.0043117
0.00431398
0.00432167
0.00432386
0.00433166
0.0043335
0.00434097
0.00434237
0.00434933
0.00435023
0.00435646
0.00435675
0.00436212
0.00436182
0.00436639
0.00436569
0.00436967
0.00436875
0.00437234
0.00437135
0.00437466
0.00437369
0.00437679
0.00437586
0.00437877
0.0043779
0.00438065
0.00437984
0.00438244
0.00438169
0.00438414
0.00438345
0.00438577
0.00438513
0.00438733
0.00438675
0.00438884
0.0043883
0.00439029
0.0043898
0.00439169
0.00439124
0.00439304
0.00439263
0.00439435
0.00439398
0.00439562
0.00439528
0.00439686
0.00439655
0.00439806
0.00439777
0.00439923
0.00439896
0.00440037
0.00440013
0.00440149
0.00440126
0.00440259
0.00440237
0.00440367
0.00440346
0.00440473
0.00440453
0.00440579
0.00440559
0.00440684
0.00440665
0.0044079
0.0044077
0.00440895
0.00440874
0.00441
0.00440978
0.00441102
0.00441074
0.00441203
0.00441129
0.00441193
0.0121685
0.0123242
0.0123708
0.0124053
0.0124331
0.0124575
0.0124787
0.0124998
0.0125183
0.012537
0.0125526
0.0125686
0.012582
0.0125966
0.0126086
0.0126215
0.0126317
0.0126424
0.0126506
0.0126594
0.0126658
0.0126728
0.0126773
0.0126822
0.0126848
0.0126878
0.0126889
0.0126907
0.0126908
0.0126919
0.0126916
0.0126924
0.012692
0.0126926
0.0126922
0.0126928
0.0126924
0.0126929
0.0126925
0.012693
0.0126927
0.0126932
0.0126929
0.0126933
0.012693
0.0126935
0.0126932
0.0126936
0.0126934
0.0126938
0.0126936
0.0126939
0.0126937
0.0126941
0.0126939
0.0126942
0.0126941
0.0126944
0.0126942
0.0126946
0.0126944
0.0126947
0.0126946
0.0126949
0.0126948
0.0126951
0.012695
0.0126952
0.0126951
0.0126954
0.0126953
0.0126956
0.0126955
0.0126958
0.0126957
0.012696
0.0126959
0.0126962
0.0126961
0.0126964
0.0126964
0.0126966
0.0126966
0.0126969
0.0126969
0.0126973
0.0126973
0.0126978
0.0126971
0.0126972
0.0117313
0.0120086
0.0120562
0.0120916
0.012119
0.0121439
0.0121646
0.0121857
0.0122041
0.012223
0.0122387
0.0122548
0.0122684
0.0122829
0.0122952
0.0123082
0.0123187
0.0123297
0.0123383
0.0123473
0.0123541
0.0123614
0.0123664
0.0123717
0.0123748
0.0123782
0.0123797
0.0123818
0.0123823
0.0123836
0.0123837
0.0123846
0.0123846
0.0123853
0.0123852
0.0123859
0.0123858
0.0123864
0.0123864
0.012387
0.012387
0.0123875
0.0123875
0.012388
0.012388
0.0123886
0.0123886
0.0123891
0.0123891
0.0123896
0.0123896
0.01239
0.0123901
0.0123905
0.0123906
0.012391
0.012391
0.0123914
0.0123915
0.0123919
0.0123919
0.0123923
0.0123924
0.0123927
0.0123928
0.0123931
0.0123932
0.0123936
0.0123936
0.0123939
0.012394
0.0123943
0.0123944
0.0123947
0.0123948
0.0123951
0.0123951
0.0123954
0.0123955
0.0123958
0.0123958
0.0123961
0.0123962
0.0123965
0.0123965
0.0123968
0.0123968
0.0123972
0.0123971
0.0123976
0.0112632
0.0116571
0.0117089
0.0117423
0.0117688
0.011792
0.0118113
0.0118303
0.0118479
0.0118656
0.0118813
0.0118965
0.0119098
0.0119232
0.0119355
0.011948
0.0119589
0.0119697
0.0119787
0.0119876
0.011995
0.0120023
0.0120081
0.0120136
0.0120176
0.0120212
0.0120234
0.0120255
0.0120266
0.0120277
0.0120282
0.0120289
0.0120291
0.0120297
0.0120298
0.0120303
0.0120304
0.0120309
0.012031
0.0120315
0.0120316
0.012032
0.0120321
0.0120326
0.0120327
0.0120331
0.0120332
0.0120336
0.0120338
0.0120342
0.0120343
0.0120347
0.0120348
0.0120352
0.0120353
0.0120357
0.0120358
0.0120362
0.0120363
0.0120366
0.0120368
0.0120371
0.0120372
0.0120376
0.0120377
0.012038
0.0120381
0.0120384
0.0120386
0.0120388
0.012039
0.0120393
0.0120394
0.0120397
0.0120398
0.01204
0.0120401
0.0120404
0.0120405
0.0120408
0.0120409
0.0120411
0.0120412
0.0120414
0.0120415
0.0120417
0.0120417
0.012042
0.0120418
0.0120379
0.0111042
0.0115545
0.0116043
0.0116334
0.0116571
0.0116781
0.011695
0.0117116
0.0117275
0.0117441
0.0117593
0.0117738
0.0117865
0.0117991
0.011811
0.0118232
0.0118344
0.0118452
0.0118547
0.0118638
0.0118717
0.0118793
0.0118858
0.0118918
0.0118965
0.0119006
0.0119035
0.0119058
0.0119073
0.0119085
0.0119091
0.0119098
0.0119101
0.0119105
0.0119107
0.011911
0.0119111
0.0119115
0.0119116
0.0119119
0.011912
0.0119123
0.0119124
0.0119127
0.0119128
0.0119131
0.0119133
0.0119135
0.0119137
0.0119139
0.0119141
0.0119143
0.0119145
0.0119147
0.0119148
0.0119151
0.0119152
0.0119155
0.0119156
0.0119158
0.011916
0.0119162
0.0119163
0.0119166
0.0119167
0.0119169
0.011917
0.0119172
0.0119174
0.0119176
0.0119177
0.0119179
0.011918
0.0119182
0.0119183
0.0119185
0.0119186
0.0119188
0.0119189
0.0119191
0.0119192
0.0119194
0.0119194
0.0119196
0.0119196
0.0119198
0.0119198
0.01192
0.01192
0.0119172
0.011007
0.0114939
0.0115393
0.0115626
0.0115821
0.0115999
0.0116137
0.0116273
0.0116407
0.0116555
0.0116696
0.0116831
0.0116949
0.0117065
0.0117175
0.0117291
0.0117401
0.011751
0.0117605
0.0117697
0.0117778
0.0117857
0.0117926
0.011799
0.0118043
0.0118088
0.0118121
0.0118148
0.0118165
0.0118179
0.0118186
0.0118193
0.0118196
0.01182
0.0118201
0.0118204
0.0118205
0.0118207
0.0118208
0.011821
0.0118211
0.0118213
0.0118214
0.0118217
0.0118218
0.011822
0.0118221
0.0118223
0.0118224
0.0118226
0.0118227
0.0118229
0.011823
0.0118232
0.0118233
0.0118235
0.0118236
0.0118238
0.0118239
0.0118241
0.0118242
0.0118244
0.0118244
0.0118246
0.0118247
0.0118249
0.011825
0.0118252
0.0118253
0.0118254
0.0118255
0.0118257
0.0118258
0.0118259
0.011826
0.0118262
0.0118263
0.0118264
0.0118265
0.0118267
0.0118267
0.0118269
0.0118269
0.0118271
0.0118271
0.0118273
0.0118272
0.0118273
0.0118273
0.0118227
0.010988
0.0114839
0.0115235
0.0115406
0.0115554
0.0115694
0.0115799
0.0115903
0.011601
0.0116138
0.0116263
0.0116386
0.0116491
0.0116596
0.0116697
0.0116807
0.0116913
0.011702
0.0117115
0.0117207
0.0117288
0.0117368
0.0117439
0.0117507
0.0117562
0.011761
0.0117646
0.0117675
0.0117693
0.0117708
0.0117716
0.0117723
0.0117726
0.011773
0.0117732
0.0117734
0.0117735
0.0117737
0.0117738
0.011774
0.0117741
0.0117743
0.0117744
0.0117746
0.0117747
0.0117749
0.011775
0.0117752
0.0117752
0.0117754
0.0117755
0.0117757
0.0117758
0.011776
0.0117761
0.0117762
0.0117763
0.0117765
0.0117766
0.0117768
0.0117768
0.011777
0.0117771
0.0117773
0.0117773
0.0117775
0.0117776
0.0117777
0.0117778
0.011778
0.011778
0.0117782
0.0117783
0.0117784
0.0117785
0.0117786
0.0117787
0.0117788
0.0117789
0.0117791
0.0117791
0.0117792
0.0117793
0.0117794
0.0117794
0.0117796
0.0117796
0.0117797
0.0117796
0.0117755
0.0109881
0.0114815
0.011517
0.0115298
0.0115405
0.011551
0.0115584
0.011566
0.0115744
0.0115851
0.0115959
0.0116066
0.0116158
0.0116252
0.0116344
0.0116447
0.0116547
0.011665
0.0116742
0.0116832
0.0116911
0.0116991
0.011706
0.0117128
0.0117182
0.0117231
0.0117266
0.0117295
0.0117313
0.0117328
0.0117336
0.0117343
0.0117346
0.011735
0.0117352
0.0117354
0.0117355
0.0117358
0.0117358
0.011736
0.0117361
0.0117363
0.0117364
0.0117366
0.0117367
0.0117369
0.011737
0.0117372
0.0117372
0.0117375
0.0117375
0.0117377
0.0117378
0.011738
0.0117381
0.0117383
0.0117383
0.0117385
0.0117386
0.0117388
0.0117389
0.011739
0.0117391
0.0117393
0.0117394
0.0117395
0.0117396
0.0117398
0.0117398
0.01174
0.0117401
0.0117402
0.0117403
0.0117404
0.0117405
0.0117407
0.0117407
0.0117409
0.0117409
0.0117411
0.0117411
0.0117413
0.0117413
0.0117415
0.0117415
0.0117416
0.0117416
0.0117417
0.0117417
0.0117376
0.011007
0.0114846
0.0115173
0.0115276
0.0115354
0.0115428
0.0115478
0.0115536
0.0115603
0.0115693
0.0115784
0.0115876
0.0115957
0.0116041
0.0116127
0.0116223
0.0116318
0.0116414
0.0116502
0.0116587
0.0116664
0.011674
0.0116807
0.0116871
0.0116922
0.0116967
0.0116999
0.0117026
0.0117043
0.0117056
0.0117063
0.011707
0.0117073
0.0117077
0.0117078
0.0117081
0.0117082
0.0117085
0.0117085
0.0117088
0.0117089
0.0117091
0.0117092
0.0117094
0.0117095
0.0117097
0.0117098
0.01171
0.0117101
0.0117103
0.0117104
0.0117107
0.0117107
0.011711
0.011711
0.0117113
0.0117113
0.0117115
0.0117116
0.0117118
0.0117119
0.0117121
0.0117122
0.0117124
0.0117125
0.0117127
0.0117128
0.0117129
0.011713
0.0117132
0.0117133
0.0117135
0.0117136
0.0117137
0.0117138
0.011714
0.011714
0.0117142
0.0117143
0.0117144
0.0117145
0.0117147
0.0117147
0.0117149
0.0117149
0.011715
0.011715
0.0117151
0.0117152
0.0117107
0.0110997
0.0115282
0.0115544
0.0115621
0.0115673
0.0115722
0.0115755
0.0115802
0.0115858
0.0115934
0.011601
0.0116089
0.011616
0.011624
0.0116321
0.0116412
0.0116501
0.0116593
0.0116676
0.0116758
0.0116831
0.0116904
0.0116966
0.0117024
0.011707
0.011711
0.0117138
0.0117161
0.0117175
0.0117187
0.0117193
0.01172
0.0117203
0.0117207
0.0117208
0.0117212
0.0117213
0.0117216
0.0117218
0.0117221
0.0117222
0.0117225
0.0117226
0.0117229
0.011723
0.0117233
0.0117234
0.0117237
0.0117238
0.0117241
0.0117242
0.0117245
0.0117246
0.0117249
0.011725
0.0117253
0.0117254
0.0117257
0.0117258
0.011726
0.0117262
0.0117264
0.0117265
0.0117268
0.0117269
0.0117271
0.0117272
0.0117275
0.0117276
0.0117278
0.0117279
0.0117281
0.0117282
0.0117284
0.0117285
0.0117287
0.0117288
0.011729
0.0117291
0.0117293
0.0117294
0.0117296
0.0117297
0.0117299
0.0117299
0.0117301
0.0117301
0.0117302
0.0117303
0.0117276
0.0112453
0.0115991
0.0116169
0.0116222
0.0116252
0.0116283
0.0116307
0.011635
0.01164
0.0116467
0.011653
0.0116601
0.0116667
0.0116745
0.0116823
0.0116913
0.0116996
0.0117085
0.0117162
0.0117241
0.0117309
0.0117378
0.0117432
0.0117485
0.0117523
0.0117558
0.011758
0.01176
0.0117611
0.0117622
0.0117627
0.0117634
0.0117636
0.0117641
0.0117643
0.0117648
0.0117649
0.0117653
0.0117654
0.0117659
0.011766
0.0117664
0.0117666
0.011767
0.0117671
0.0117675
0.0117677
0.0117681
0.0117682
0.0117686
0.0117687
0.0117691
0.0117693
0.0117696
0.0117698
0.0117701
0.0117703
0.0117706
0.0117708
0.0117711
0.0117712
0.0117716
0.0117717
0.011772
0.0117722
0.0117725
0.0117726
0.0117729
0.011773
0.0117733
0.0117735
0.0117737
0.0117739
0.0117741
0.0117743
0.0117745
0.0117746
0.0117749
0.011775
0.0117753
0.0117754
0.0117756
0.0117757
0.0117759
0.011776
0.0117762
0.0117762
0.0117765
0.0117766
0.0117729
0.0116831
0.0119023
0.0119083
0.0119111
0.0119118
0.0119141
0.0119158
0.0119205
0.0119249
0.0119315
0.0119368
0.0119439
0.0119501
0.0119585
0.011966
0.0119753
0.0119831
0.0119921
0.0119993
0.0120074
0.0120136
0.0120203
0.0120251
0.0120301
0.0120331
0.0120364
0.0120378
0.0120398
0.0120403
0.0120416
0.0120417
0.0120426
0.0120425
0.0120432
0.0120432
0.0120438
0.0120438
0.0120444
0.0120443
0.0120449
0.0120449
0.0120455
0.0120455
0.012046
0.012046
0.0120465
0.0120465
0.0120471
0.0120471
0.0120476
0.0120476
0.0120481
0.0120481
0.0120485
0.0120486
0.012049
0.012049
0.0120495
0.0120495
0.0120499
0.01205
0.0120504
0.0120504
0.0120508
0.0120508
0.0120512
0.0120513
0.0120516
0.0120517
0.012052
0.0120521
0.0120524
0.0120525
0.0120528
0.0120528
0.0120532
0.0120532
0.0120535
0.0120536
0.0120539
0.0120539
0.0120542
0.0120543
0.0120546
0.0120546
0.0120549
0.0120549
0.0120553
0.0120553
0.012056
0.0120867
0.0121759
0.0121785
0.0121788
0.0121788
0.0121798
0.0121811
0.0121852
0.0121891
0.0121951
0.0121998
0.0122066
0.0122124
0.0122207
0.0122278
0.012237
0.0122444
0.0122531
0.0122599
0.0122678
0.0122735
0.01228
0.0122842
0.0122889
0.0122913
0.0122943
0.0122952
0.012297
0.0122971
0.0122981
0.0122978
0.0122986
0.0122982
0.0122988
0.0122984
0.012299
0.0122986
0.0122991
0.0122987
0.0122992
0.0122989
0.0122994
0.0122991
0.0122995
0.0122992
0.0122997
0.0122994
0.0122998
0.0122996
0.0123
0.0122998
0.0123001
0.0122999
0.0123003
0.0123001
0.0123005
0.0123003
0.0123006
0.0123005
0.0123008
0.0123006
0.0123009
0.0123008
0.0123011
0.012301
0.0123013
0.0123012
0.0123015
0.0123014
0.0123016
0.0123015
0.0123018
0.0123017
0.012302
0.0123019
0.0123022
0.0123021
0.0123024
0.0123023
0.0123026
0.0123026
0.0123028
0.0123028
0.0123031
0.0123031
0.0123035
0.0123035
0.012304
0.0123033
0.0123035
0.0265872
0.0267865
0.0268857
0.0269669
0.0270279
0.0270838
0.0271302
0.027177
0.0272184
0.0272593
0.0272948
0.0273294
0.0273602
0.0273911
0.027419
0.0274463
0.0274702
0.0274929
0.0275123
0.0275307
0.0275463
0.0275606
0.027572
0.0275819
0.0275891
0.0275949
0.0275984
0.0276013
0.0276028
0.027604
0.0276044
0.027605
0.027605
0.0276053
0.0276052
0.0276054
0.0276052
0.0276054
0.0276053
0.0276054
0.0276053
0.0276055
0.0276053
0.0276055
0.0276054
0.0276055
0.0276054
0.0276056
0.0276055
0.0276056
0.0276056
0.0276057
0.0276056
0.0276057
0.0276057
0.0276058
0.0276058
0.0276059
0.0276058
0.0276059
0.0276059
0.027606
0.027606
0.0276061
0.0276061
0.0276062
0.0276062
0.0276063
0.0276062
0.0276063
0.0276063
0.0276064
0.0276064
0.0276065
0.0276065
0.0276066
0.0276066
0.0276067
0.0276067
0.0276067
0.0276067
0.0276068
0.0276067
0.0276068
0.0276067
0.0276068
0.0276066
0.0276067
0.0276039
0.0276022
0.0152313
0.0155161
0.0155702
0.0156186
0.0156498
0.0156839
0.0157078
0.0157365
0.0157581
0.0157835
0.0158022
0.0158237
0.01584
0.0158592
0.0158741
0.0158912
0.015904
0.0159183
0.0159287
0.0159405
0.0159487
0.0159582
0.0159642
0.015971
0.0159746
0.015979
0.0159806
0.0159832
0.0159836
0.0159852
0.0159851
0.0159862
0.0159858
0.0159868
0.0159864
0.0159872
0.0159869
0.0159876
0.0159873
0.0159881
0.0159878
0.0159885
0.0159882
0.0159889
0.0159886
0.0159893
0.015989
0.0159896
0.0159895
0.01599
0.0159899
0.0159904
0.0159903
0.0159908
0.0159907
0.0159912
0.0159911
0.0159915
0.0159914
0.0159919
0.0159918
0.0159923
0.0159922
0.0159926
0.0159926
0.015993
0.0159929
0.0159933
0.0159933
0.0159937
0.0159936
0.015994
0.015994
0.0159943
0.0159943
0.0159946
0.0159946
0.015995
0.0159949
0.0159952
0.0159952
0.0159955
0.0159954
0.0159957
0.0159956
0.0159959
0.0159957
0.0159961
0.0159935
0.0159922
0.0122355
0.0126372
0.0126778
0.0127173
0.0127374
0.0127665
0.0127813
0.0128056
0.0128197
0.012842
0.0128549
0.0128742
0.0128853
0.0129025
0.0129129
0.0129287
0.0129381
0.0129519
0.0129596
0.0129712
0.0129774
0.0129872
0.0129919
0.0129996
0.0130025
0.0130082
0.0130095
0.0130133
0.0130136
0.0130164
0.0130162
0.0130184
0.013018
0.01302
0.0130196
0.0130214
0.013021
0.0130228
0.0130225
0.0130241
0.0130239
0.0130255
0.0130253
0.0130268
0.0130267
0.0130281
0.013028
0.0130294
0.0130293
0.0130306
0.0130306
0.0130319
0.0130319
0.0130331
0.0130331
0.0130343
0.0130343
0.0130355
0.0130355
0.0130366
0.0130366
0.0130377
0.0130378
0.0130388
0.0130389
0.0130399
0.0130399
0.0130409
0.013041
0.0130419
0.013042
0.0130429
0.013043
0.0130439
0.0130439
0.0130448
0.0130449
0.0130457
0.0130457
0.0130465
0.0130466
0.0130473
0.0130473
0.0130481
0.0130481
0.0130487
0.0130487
0.0130494
0.0130487
0.0130451
0.0117834
0.0122784
0.0123183
0.0123545
0.0123699
0.0123974
0.0124079
0.0124301
0.0124407
0.0124624
0.0124732
0.0124925
0.0125016
0.0125186
0.0125274
0.0125437
0.0125523
0.012567
0.0125744
0.012587
0.0125931
0.0126041
0.012609
0.0126183
0.0126216
0.0126287
0.0126305
0.0126356
0.0126362
0.0126399
0.0126399
0.0126429
0.0126427
0.0126454
0.0126451
0.0126476
0.0126474
0.0126497
0.0126496
0.0126519
0.0126518
0.012654
0.012654
0.0126561
0.0126561
0.0126581
0.0126582
0.0126602
0.0126603
0.0126621
0.0126623
0.0126641
0.0126643
0.012666
0.0126662
0.0126679
0.0126681
0.0126697
0.01267
0.0126715
0.0126718
0.0126733
0.0126736
0.012675
0.0126753
0.0126767
0.012677
0.0126784
0.0126786
0.01268
0.0126802
0.0126815
0.0126818
0.012683
0.0126833
0.0126845
0.0126847
0.0126859
0.0126861
0.0126872
0.0126874
0.0126885
0.0126887
0.0126897
0.0126899
0.0126909
0.012691
0.0126919
0.0126922
0.0126878
0.0117518
0.0122955
0.0123356
0.0123693
0.012381
0.0124066
0.0124138
0.0124334
0.0124412
0.0124615
0.0124707
0.0124897
0.0124974
0.0125138
0.0125215
0.0125378
0.012546
0.0125613
0.0125685
0.0125819
0.012588
0.0125999
0.0126051
0.0126154
0.0126193
0.0126274
0.0126297
0.0126356
0.0126366
0.012641
0.0126412
0.0126447
0.0126446
0.0126477
0.0126476
0.0126505
0.0126504
0.0126532
0.0126532
0.0126558
0.0126559
0.0126584
0.0126585
0.012661
0.0126612
0.0126636
0.0126638
0.0126661
0.0126663
0.0126686
0.0126688
0.012671
0.0126713
0.0126734
0.0126737
0.0126757
0.0126761
0.012678
0.0126784
0.0126803
0.0126807
0.0126825
0.0126829
0.0126847
0.0126851
0.0126868
0.0126872
0.0126888
0.0126892
0.0126908
0.0126912
0.0126928
0.0126932
0.0126947
0.012695
0.0126965
0.0126969
0.0126983
0.0126986
0.0127
0.0127003
0.0127016
0.0127019
0.0127031
0.0127034
0.0127046
0.0127048
0.0127058
0.0127065
0.0127018
0.0117711
0.0123433
0.0123829
0.0124135
0.0124216
0.0124441
0.0124484
0.0124649
0.0124702
0.0124883
0.012496
0.0125137
0.0125202
0.0125356
0.0125423
0.012558
0.0125657
0.0125811
0.0125882
0.0126018
0.0126079
0.0126201
0.0126255
0.0126363
0.0126404
0.0126491
0.0126516
0.012658
0.0126592
0.0126639
0.0126642
0.012668
0.012668
0.0126713
0.0126713
0.0126744
0.0126744
0.0126773
0.0126774
0.0126802
0.0126804
0.0126831
0.0126833
0.0126859
0.0126862
0.0126887
0.012689
0.0126915
0.0126919
0.0126942
0.0126946
0.0126969
0.0126973
0.0126996
0.0127
0.0127022
0.0127026
0.0127047
0.0127052
0.0127072
0.0127077
0.0127096
0.0127101
0.012712
0.0127125
0.0127143
0.0127148
0.0127166
0.0127171
0.0127188
0.0127193
0.012721
0.0127215
0.0127231
0.0127235
0.0127251
0.0127256
0.0127271
0.0127275
0.012729
0.0127294
0.0127308
0.0127311
0.0127325
0.0127328
0.0127341
0.0127344
0.0127355
0.0127365
0.0127316
0.0117714
0.0123414
0.0123772
0.0124036
0.0124081
0.0124266
0.0124282
0.0124417
0.0124449
0.0124608
0.012467
0.012483
0.0124883
0.0125025
0.0125084
0.0125233
0.0125305
0.0125454
0.0125522
0.0125656
0.0125716
0.0125837
0.012589
0.0125998
0.0126039
0.0126126
0.0126151
0.0126215
0.0126226
0.0126274
0.0126277
0.0126315
0.0126315
0.0126348
0.0126348
0.0126378
0.0126378
0.0126408
0.0126408
0.0126437
0.0126438
0.0126466
0.0126468
0.0126494
0.0126497
0.0126522
0.0126525
0.012655
0.0126553
0.0126577
0.0126581
0.0126604
0.0126608
0.0126631
0.0126635
0.0126657
0.0126661
0.0126682
0.0126687
0.0126707
0.0126712
0.0126732
0.0126736
0.0126755
0.012676
0.0126779
0.0126784
0.0126802
0.0126806
0.0126824
0.0126829
0.0126846
0.012685
0.0126867
0.0126871
0.0126887
0.0126891
0.0126907
0.0126911
0.0126926
0.0126929
0.0126944
0.0126947
0.0126961
0.0126964
0.0126977
0.012698
0.0126991
0.0127001
0.0126952
0.0117524
0.0122875
0.0123149
0.0123357
0.0123363
0.0123504
0.0123496
0.0123608
0.0123625
0.0123763
0.012381
0.0123952
0.0123995
0.0124125
0.012418
0.0124319
0.0124387
0.0124528
0.0124592
0.012472
0.0124777
0.0124893
0.0124943
0.0125045
0.0125083
0.0125164
0.0125186
0.0125246
0.0125255
0.0125299
0.0125301
0.0125336
0.0125336
0.0125367
0.0125366
0.0125394
0.0125394
0.0125421
0.0125421
0.0125448
0.0125449
0.0125474
0.0125476
0.01255
0.0125502
0.0125526
0.0125528
0.0125552
0.0125554
0.0125577
0.0125579
0.0125601
0.0125604
0.0125625
0.0125629
0.0125649
0.0125652
0.0125672
0.0125676
0.0125695
0.0125699
0.0125717
0.0125721
0.0125739
0.0125743
0.012576
0.0125764
0.0125781
0.0125785
0.0125801
0.0125805
0.0125821
0.0125825
0.012584
0.0125844
0.0125858
0.0125862
0.0125876
0.012588
0.0125893
0.0125896
0.012591
0.0125913
0.0125925
0.0125928
0.012594
0.0125942
0.0125952
0.012596
0.0125915
0.0117797
0.0122529
0.0122693
0.0122837
0.0122812
0.0122914
0.012289
0.0122983
0.0122992
0.0123111
0.0123148
0.0123269
0.0123308
0.0123427
0.0123479
0.012361
0.0123674
0.0123804
0.0123865
0.0123984
0.0124039
0.0124145
0.0124191
0.0124282
0.0124315
0.0124385
0.0124402
0.0124453
0.0124459
0.0124496
0.0124496
0.0124527
0.0124524
0.0124551
0.0124549
0.0124574
0.0124572
0.0124595
0.0124594
0.0124617
0.0124616
0.0124638
0.0124638
0.012466
0.012466
0.012468
0.0124681
0.0124701
0.0124702
0.0124721
0.0124723
0.0124741
0.0124743
0.0124761
0.0124763
0.012478
0.0124782
0.0124798
0.0124801
0.0124817
0.0124819
0.0124835
0.0124837
0.0124852
0.0124855
0.0124869
0.0124872
0.0124886
0.0124889
0.0124902
0.0124905
0.0124918
0.0124921
0.0124933
0.0124936
0.0124948
0.0124951
0.0124962
0.0124965
0.0124976
0.0124978
0.0124989
0.0124991
0.0125001
0.0125003
0.0125013
0.0125014
0.0125023
0.0125027
0.0124986
0.0122135
0.0125713
0.0125756
0.012585
0.0125807
0.0125878
0.0125852
0.0125933
0.0125945
0.0126047
0.012608
0.0126185
0.0126226
0.0126337
0.0126394
0.0126516
0.0126582
0.01267
0.0126763
0.0126869
0.0126925
0.0127018
0.0127062
0.0127137
0.0127165
0.0127221
0.0127233
0.0127271
0.0127274
0.0127302
0.01273
0.0127322
0.0127318
0.0127338
0.0127334
0.0127352
0.0127349
0.0127366
0.0127364
0.012738
0.0127378
0.0127394
0.0127392
0.0127408
0.0127406
0.0127421
0.012742
0.0127434
0.0127433
0.0127447
0.0127447
0.012746
0.012746
0.0127472
0.0127472
0.0127484
0.0127485
0.0127496
0.0127497
0.0127508
0.0127509
0.012752
0.012752
0.0127531
0.0127531
0.0127542
0.0127543
0.0127552
0.0127553
0.0127563
0.0127564
0.0127573
0.0127574
0.0127583
0.0127583
0.0127592
0.0127593
0.0127601
0.0127602
0.012761
0.012761
0.0127618
0.0127618
0.0127626
0.0127626
0.0127633
0.0127632
0.0127639
0.0127635
0.0127601
0.0151611
0.015369
0.0153694
0.0153754
0.0153725
0.0153773
0.0153768
0.0153841
0.0153877
0.0153972
0.0154025
0.0154124
0.0154191
0.0154305
0.0154392
0.0154515
0.0154608
0.0154726
0.0154812
0.0154917
0.0154991
0.015508
0.0155136
0.0155202
0.0155235
0.0155278
0.0155293
0.0155319
0.0155322
0.0155338
0.0155336
0.0155347
0.0155344
0.0155353
0.0155349
0.0155357
0.0155354
0.0155362
0.0155358
0.0155366
0.0155363
0.015537
0.0155367
0.0155374
0.0155372
0.0155378
0.0155376
0.0155382
0.015538
0.0155386
0.0155384
0.015539
0.0155388
0.0155394
0.0155392
0.0155398
0.0155396
0.0155401
0.01554
0.0155405
0.0155404
0.0155409
0.0155408
0.0155413
0.0155412
0.0155416
0.0155416
0.015542
0.0155419
0.0155423
0.0155423
0.0155427
0.0155426
0.015543
0.0155429
0.0155433
0.0155433
0.0155436
0.0155436
0.0155439
0.0155439
0.0155442
0.0155441
0.0155444
0.0155443
0.0155446
0.0155444
0.0155448
0.0155423
0.0155411
0.0264241
0.0264832
0.0264876
0.0264944
0.0264948
0.0264997
0.026503
0.0265126
0.0265221
0.0265353
0.0265471
0.0265615
0.0265755
0.0265926
0.0266098
0.0266288
0.0266465
0.0266647
0.0266811
0.0266972
0.0267113
0.0267246
0.0267353
0.0267447
0.0267515
0.026757
0.0267604
0.0267631
0.0267645
0.0267657
0.026766
0.0267665
0.0267665
0.0267668
0.0267666
0.0267668
0.0267666
0.0267668
0.0267666
0.0267668
0.0267667
0.0267668
0.0267667
0.0267668
0.0267667
0.0267669
0.0267667
0.0267669
0.0267668
0.0267669
0.0267668
0.026767
0.0267669
0.026767
0.0267669
0.026767
0.026767
0.0267671
0.026767
0.0267672
0.0267671
0.0267672
0.0267672
0.0267673
0.0267672
0.0267673
0.0267673
0.0267674
0.0267674
0.0267675
0.0267675
0.0267676
0.0267675
0.0267676
0.0267676
0.0267677
0.0267677
0.0267678
0.0267677
0.0267678
0.0267678
0.0267679
0.0267678
0.0267679
0.0267678
0.0267678
0.0267676
0.0267677
0.0267651
0.0267637
)
;

boundaryField
{
    upperWall
    {
        type            zeroGradient;
    }
    lowerWall
    {
        type            zeroGradient;
    }
    heatedWall
    {
        type            zeroGradient;
    }
    inlet
    {
        type            zeroGradient;
    }
    outlet
    {
        type            zeroGradient;
    }
    frontAndBack
    {
        type            empty;
    }
}


// ************************************************************************* //
