/*--------------------------------*- C++ -*----------------------------------*\
  =========                 |
  \\      /  F ield         | OpenFOAM: The Open Source CFD Toolbox
   \\    /   O peration     | Website:  https://openfoam.org
    \\  /    A nd           | Version:  7
     \\/     M anipulation  |
\*---------------------------------------------------------------------------*/
FoamFile
{
    version     2.0;
    format      ascii;
    class       volScalarField;
    location    "2.2775";
    object      p;
}
// * * * * * * * * * * * * * * * * * * * * * * * * * * * * * * * * * * * * * //

dimensions      [1 -1 -2 0 0 0 0];

internalField   nonuniform List<scalar> 
4950
(
100521
100508
100513
100505
100509
100503
100506
100501
100504
100499
100502
100498
100500
100496
100498
100495
100496
100494
100495
100492
100507
100496
100501
100493
100497
100491
100494
100489
100492
100487
100490
100486
100488
100484
100486
100483
100484
100482
100482
100480
100516
100507
100511
100503
100507
100501
100504
100499
100502
100497
100500
100496
100498
100494
100496
100493
100494
100492
100493
100491
100505
100496
100501
100493
100497
100491
100494
100489
100492
100487
100490
100486
100488
100484
100486
100483
100484
100482
100482
100480
100515
100507
100511
100503
100507
100501
100504
100499
100502
100497
100500
100496
100498
100494
100496
100493
100494
100492
100493
100491
100505
100496
100501
100493
100497
100491
100494
100489
100492
100487
100490
100486
100488
100484
100486
100483
100484
100482
100482
100480
100516
100507
100511
100503
100507
100501
100504
100499
100502
100497
100500
100496
100498
100494
100496
100493
100494
100492
100493
100491
100507
100496
100501
100493
100497
100491
100494
100489
100492
100487
100490
100486
100488
100484
100486
100483
100484
100482
100482
100480
100521
100508
100513
100505
100509
100503
100506
100501
100504
100499
100502
100498
100500
100496
100498
100495
100496
100494
100495
100492
100490
100492
100487
100488
100484
100486
100483
100484
100481
100482
100480
100481
100479
100480
100478
100478
100477
100477
100476
100477
100499
100502
100497
100499
100495
100496
100493
100494
100492
100493
100491
100491
100490
100490
100489
100489
100488
100488
100487
100488
100490
100492
100487
100489
100485
100486
100483
100484
100482
100482
100480
100481
100479
100480
100478
100479
100477
100478
100476
100477
100499
100502
100497
100499
100495
100496
100493
100494
100492
100493
100491
100491
100490
100490
100489
100489
100488
100488
100488
100488
100490
100492
100487
100489
100485
100486
100483
100484
100482
100482
100481
100481
100479
100480
100479
100479
100477
100478
100476
100477
100499
100502
100497
100499
100495
100496
100493
100494
100492
100493
100491
100491
100490
100490
100489
100489
100488
100488
100488
100488
100490
100492
100487
100489
100485
100486
100483
100484
100482
100482
100480
100481
100479
100480
100478
100479
100477
100478
100476
100477
100499
100502
100497
100499
100495
100496
100493
100494
100492
100493
100491
100491
100490
100490
100489
100489
100488
100488
100487
100488
100490
100492
100487
100488
100484
100486
100483
100484
100481
100482
100480
100481
100479
100480
100478
100478
100477
100477
100476
100477
100483
100482
100481
100480
100479
100479
100477
100477
100476
100476
100475
100475
100474
100474
100473
100473
100472
100472
100471
100471
100482
100482
100481
100480
100479
100479
100478
100477
100476
100476
100475
100475
100474
100474
100473
100473
100472
100472
100471
100471
100482
100482
100481
100480
100479
100479
100478
100477
100476
100476
100475
100475
100474
100474
100473
100473
100472
100472
100471
100471
100482
100482
100481
100480
100479
100479
100478
100477
100476
100476
100475
100475
100474
100474
100473
100473
100472
100472
100471
100471
100482
100482
100481
100480
100479
100479
100478
100477
100476
100476
100475
100475
100474
100474
100473
100473
100472
100472
100471
100471
100482
100482
100481
100480
100479
100479
100478
100477
100476
100476
100475
100475
100474
100474
100473
100473
100472
100472
100471
100471
100482
100482
100481
100480
100479
100479
100478
100477
100476
100476
100475
100475
100474
100474
100473
100473
100472
100472
100471
100471
100482
100482
100481
100480
100479
100479
100478
100477
100476
100476
100475
100475
100474
100474
100473
100473
100472
100472
100471
100471
100483
100482
100481
100480
100479
100479
100477
100477
100476
100476
100475
100475
100474
100474
100473
100473
100472
100472
100471
100471
100490
100492
100487
100488
100484
100486
100483
100484
100481
100482
100480
100481
100479
100480
100478
100478
100477
100477
100476
100477
100499
100502
100497
100499
100495
100496
100493
100494
100492
100493
100491
100491
100490
100490
100489
100489
100488
100488
100487
100488
100490
100492
100487
100489
100485
100486
100483
100484
100482
100482
100480
100481
100479
100480
100478
100479
100477
100478
100476
100477
100499
100502
100497
100499
100495
100496
100493
100494
100492
100493
100491
100491
100490
100490
100489
100489
100488
100488
100488
100488
100490
100492
100487
100489
100485
100486
100483
100484
100482
100482
100481
100481
100479
100480
100479
100479
100477
100478
100476
100477
100499
100502
100497
100499
100495
100496
100493
100494
100492
100493
100491
100491
100490
100490
100489
100489
100488
100488
100488
100488
100490
100492
100487
100489
100485
100486
100483
100484
100482
100482
100480
100481
100479
100480
100478
100479
100477
100478
100476
100477
100499
100502
100497
100499
100495
100496
100493
100494
100492
100493
100491
100491
100490
100490
100489
100489
100488
100488
100487
100488
100490
100492
100487
100488
100484
100486
100483
100484
100481
100482
100480
100481
100479
100480
100478
100478
100477
100477
100476
100477
100521
100508
100513
100505
100509
100503
100506
100501
100504
100499
100502
100498
100500
100496
100498
100495
100496
100494
100495
100492
100507
100496
100501
100493
100497
100491
100494
100489
100492
100487
100490
100486
100488
100484
100486
100483
100484
100482
100482
100480
100516
100507
100511
100503
100507
100501
100504
100499
100502
100497
100500
100496
100498
100494
100496
100493
100494
100492
100493
100491
100505
100496
100501
100493
100497
100491
100494
100489
100492
100487
100490
100486
100488
100484
100486
100483
100484
100482
100482
100480
100515
100507
100511
100503
100507
100501
100504
100499
100502
100497
100500
100496
100498
100494
100496
100493
100494
100492
100493
100491
100505
100496
100501
100493
100497
100491
100494
100489
100492
100487
100490
100486
100488
100484
100486
100483
100484
100482
100482
100480
100516
100507
100511
100503
100507
100501
100504
100499
100502
100497
100500
100496
100498
100494
100496
100493
100494
100492
100493
100491
100507
100496
100501
100493
100497
100491
100494
100489
100492
100487
100490
100486
100488
100484
100486
100483
100484
100482
100482
100480
100521
100508
100513
100505
100509
100503
100506
100501
100504
100499
100502
100498
100500
100496
100498
100495
100496
100494
100495
100492
100509
100496
100497
100485
100485
100474
100473
100463
100462
100453
100451
100442
100440
100432
100430
100422
100419
100411
100409
100401
100398
100391
100388
100381
100377
100371
100367
100360
100357
100350
100346
100340
100336
100329
100325
100319
100315
100309
100304
100298
100294
100288
100283
100277
100273
100267
100262
100256
100252
100246
100241
100235
100230
100224
100220
100214
100209
100203
100198
100192
100187
100181
100176
100171
100166
100160
100155
100149
100144
100138
100133
100127
100122
100116
100111
100105
100100
100094
100089
100084
100078
100073
100067
100062
100056
100051
100046
100040
100035
100029
100477
100463
100464
100452
100451
100441
100440
100430
100428
100419
100417
100409
100407
100398
100396
100388
100385
100378
100375
100367
100364
100357
100354
100347
100343
100337
100333
100326
100323
100316
100312
100306
100302
100295
100291
100285
100281
100275
100270
100264
100260
100254
100249
100243
100239
100233
100228
100222
100218
100211
100207
100201
100196
100190
100185
100180
100175
100169
100164
100158
100153
100147
100142
100137
100132
100126
100121
100115
100110
100104
100099
100093
100088
100082
100077
100071
100066
100060
100055
100050
100044
100039
100033
100028
100022
100017
100012
100006
100001
99995.5
100503
100490
100491
100479
100479
100468
100467
100458
100456
100447
100445
100436
100434
100426
100424
100416
100413
100406
100403
100395
100392
100385
100382
100375
100371
100365
100361
100354
100351
100344
100340
100334
100330
100323
100319
100313
100309
100303
100298
100292
100288
100282
100277
100271
100267
100261
100256
100250
100246
100240
100235
100229
100224
100218
100213
100208
100203
100197
100192
100186
100181
100175
100170
100165
100160
100154
100149
100143
100138
100132
100127
100121
100116
100110
100105
100099
100094
100088
100083
100078
100072
100067
100061
100056
100050
100045
100040
100034
100029
100023
100477
100463
100463
100451
100451
100440
100439
100429
100428
100419
100417
100408
100406
100398
100396
100388
100385
100377
100374
100367
100364
100357
100354
100346
100343
100336
100333
100326
100322
100316
100312
100305
100301
100295
100291
100285
100281
100274
100270
100264
100260
100253
100249
100243
100238
100232
100228
100222
100217
100211
100207
100201
100196
100190
100185
100179
100174
100168
100164
100158
100153
100147
100142
100136
100131
100125
100120
100115
100109
100104
100099
100093
100088
100082
100077
100071
100066
100060
100055
100049
100044
100038
100033
100027
100022
100016
100011
100006
100001
99995.2
100503
100490
100491
100479
100479
100468
100467
100457
100456
100447
100445
100436
100434
100426
100424
100416
100413
100405
100402
100395
100392
100385
100382
100375
100371
100364
100361
100354
100350
100344
100340
100333
100330
100323
100319
100313
100309
100302
100298
100292
100288
100281
100277
100271
100266
100260
100256
100250
100245
100239
100235
100229
100224
100218
100213
100207
100202
100197
100192
100186
100181
100175
100170
100164
100159
100153
100148
100143
100138
100132
100127
100121
100116
100110
100105
100099
100094
100088
100083
100077
100072
100066
100061
100055
100050
100044
100039
100034
100028
100023
100477
100463
100463
100451
100451
100440
100439
100429
100428
100419
100417
100408
100406
100398
100396
100388
100385
100377
100375
100367
100364
100357
100354
100347
100343
100336
100333
100326
100322
100316
100312
100305
100302
100295
100291
100285
100281
100274
100270
100264
100260
100253
100249
100243
100239
100232
100228
100222
100217
100211
100207
100201
100196
100190
100185
100179
100175
100169
100164
100158
100153
100147
100142
100136
100131
100126
100120
100115
100110
100104
100099
100093
100088
100082
100077
100071
100066
100060
100055
100049
100044
100038
100033
100027
100022
100017
100011
100006
100001
99995.3
100503
100490
100491
100479
100479
100468
100467
100457
100456
100447
100445
100436
100434
100426
100424
100416
100413
100405
100403
100395
100392
100385
100382
100375
100371
100364
100361
100354
100351
100344
100340
100334
100330
100323
100319
100313
100309
100302
100298
100292
100288
100282
100277
100271
100267
100261
100256
100250
100245
100239
100235
100229
100224
100218
100213
100207
100203
100197
100192
100186
100181
100175
100170
100164
100159
100154
100149
100143
100138
100132
100127
100121
100116
100110
100105
100099
100094
100088
100083
100077
100072
100066
100061
100056
100050
100045
100039
100034
100028
100023
100477
100463
100464
100452
100452
100441
100440
100430
100429
100419
100418
100409
100407
100399
100396
100388
100386
100378
100375
100368
100365
100357
100354
100347
100344
100337
100333
100327
100323
100316
100313
100306
100302
100296
100292
100285
100281
100275
100271
100264
100260
100254
100250
100243
100239
100233
100228
100222
100218
100212
100207
100201
100196
100191
100186
100180
100175
100169
100164
100158
100154
100148
100143
100137
100132
100126
100121
100115
100110
100104
100099
100094
100088
100083
100077
100072
100067
100061
100056
100050
100045
100039
100034
100028
100023
100017
100012
100006
100001
99995.8
100509
100496
100497
100485
100485
100474
100473
100463
100462
100453
100451
100442
100440
100432
100429
100421
100419
100411
100408
100401
100398
100391
100387
100380
100377
100370
100367
100360
100356
100350
100346
100339
100335
100329
100325
100319
100314
100308
100304
100298
100293
100287
100283
100277
100272
100266
100262
100256
100251
100245
100240
100234
100230
100224
100219
100213
100208
100202
100198
100192
100187
100181
100176
100170
100165
100159
100154
100148
100143
100138
100133
100127
100122
100116
100111
100105
100100
100094
100089
100083
100078
100072
100067
100061
100056
100050
100045
100039
100034
100029
100462
100455
100453
100446
100444
100437
100435
100427
100426
100418
100416
100408
100406
100399
100396
100389
100386
100379
100376
100369
100366
100359
100356
100349
100346
100339
100335
100329
100325
100319
100315
100308
100304
100298
100294
100288
100284
100277
100273
100267
100263
100256
100252
100246
100242
100236
100231
100225
100220
100214
100210
100204
100199
100193
100188
100182
100178
100172
100167
100161
100156
100150
100145
100140
100134
100129
100124
100118
100113
100107
100102
100096
100091
100085
100080
100074
100069
100063
100058
100052
100047
100041
100036
100030
100025
100019
100014
100008
100002
99996.7
100491
100484
100483
100476
100474
100466
100465
100457
100456
100448
100446
100438
100436
100429
100426
100419
100416
100409
100406
100399
100396
100389
100386
100379
100376
100369
100366
100359
100356
100349
100345
100339
100335
100328
100325
100318
100314
100308
100304
100297
100293
100287
100283
100276
100272
100266
100261
100255
100251
100245
100240
100234
100230
100224
100219
100213
100208
100202
100197
100191
100187
100181
100176
100170
100165
100159
100154
100148
100143
100137
100132
100126
100121
100116
100110
100105
100099
100094
100088
100083
100077
100072
100066
100061
100055
100049
100044
100038
100033
100027
100464
100456
100454
100447
100445
100438
100436
100428
100427
100419
100417
100409
100407
100400
100397
100390
100387
100380
100377
100370
100367
100360
100357
100350
100347
100340
100336
100330
100326
100320
100316
100309
100306
100299
100295
100289
100285
100278
100274
100268
100264
100258
100253
100247
100243
100237
100232
100226
100221
100215
100211
100205
100200
100194
100189
100184
100179
100173
100168
100162
100157
100151
100146
100141
100136
100130
100125
100119
100114
100108
100103
100097
100092
100086
100081
100075
100070
100064
100059
100053
100048
100042
100037
100031
100026
100020
100015
100009
100004
99997.9
100491
100484
100483
100475
100474
100466
100465
100457
100455
100447
100445
100438
100436
100428
100426
100418
100416
100409
100406
100399
100396
100389
100386
100379
100376
100369
100365
100359
100355
100348
100345
100338
100334
100328
100324
100318
100314
100307
100303
100297
100293
100286
100282
100276
100272
100265
100261
100255
100250
100244
100240
100234
100229
100223
100218
100212
100208
100202
100197
100191
100186
100180
100175
100169
100164
100159
100154
100148
100143
100137
100132
100126
100121
100115
100110
100104
100099
100093
100088
100082
100077
100071
100066
100060
100055
100049
100044
100038
100032
100026
100465
100456
100455
100447
100446
100438
100436
100429
100427
100419
100417
100410
100407
100400
100397
100390
100388
100380
100377
100370
100367
100360
100357
100350
100347
100340
100337
100330
100327
100320
100316
100310
100306
100299
100295
100289
100285
100279
100275
100268
100264
100258
100254
100247
100243
100237
100232
100226
100222
100216
100211
100205
100201
100195
100190
100184
100179
100173
100168
100162
100158
100152
100147
100141
100136
100130
100125
100119
100114
100108
100103
100097
100092
100087
100081
100076
100070
100065
100059
100054
100048
100043
100037
100032
100026
100021
100015
100009
100004
99998.3
100491
100484
100483
100475
100474
100466
100464
100457
100455
100447
100445
100438
100436
100428
100426
100418
100416
100409
100406
100399
100396
100389
100386
100379
100375
100369
100365
100358
100355
100348
100345
100338
100334
100328
100324
100317
100313
100307
100303
100297
100293
100286
100282
100276
100271
100265
100261
100255
100250
100244
100240
100234
100229
100223
100218
100212
100207
100202
100197
100191
100186
100180
100175
100169
100164
100158
100153
100148
100143
100137
100132
100126
100121
100115
100110
100104
100099
100093
100088
100082
100077
100071
100066
100060
100055
100049
100043
100038
100032
100026
100464
100456
100454
100447
100445
100438
100436
100428
100427
100419
100417
100409
100407
100400
100397
100390
100387
100380
100377
100370
100367
100360
100357
100350
100347
100340
100337
100330
100326
100320
100316
100309
100306
100299
100295
100289
100285
100279
100274
100268
100264
100258
100253
100247
100243
100237
100232
100226
100222
100216
100211
100205
100200
100194
100190
100184
100179
100173
100168
100162
100157
100151
100147
100141
100136
100130
100125
100119
100114
100108
100103
100097
100092
100086
100081
100075
100070
100064
100059
100053
100048
100042
100037
100031
100026
100020
100015
100009
100004
99998
100491
100484
100483
100475
100474
100466
100465
100457
100455
100448
100446
100438
100436
100428
100426
100419
100416
100409
100406
100399
100396
100389
100386
100379
100376
100369
100365
100359
100355
100349
100345
100338
100334
100328
100324
100318
100314
100307
100303
100297
100293
100286
100282
100276
100272
100266
100261
100255
100250
100244
100240
100234
100229
100223
100218
100212
100208
100202
100197
100191
100186
100180
100175
100169
100164
100159
100154
100148
100143
100137
100132
100126
100121
100115
100110
100104
100099
100093
100088
100082
100077
100071
100066
100060
100055
100049
100044
100038
100032
100026
100462
100455
100453
100446
100444
100437
100435
100427
100426
100418
100416
100408
100406
100399
100396
100389
100386
100379
100376
100369
100366
100359
100356
100349
100346
100339
100336
100329
100325
100319
100315
100309
100305
100298
100294
100288
100284
100278
100273
100267
100263
100257
100252
100246
100242
100236
100231
100225
100221
100215
100210
100204
100199
100193
100189
100183
100178
100172
100167
100161
100156
100151
100146
100140
100135
100129
100124
100118
100113
100107
100102
100096
100091
100085
100080
100074
100069
100064
100058
100053
100047
100042
100036
100030
100025
100019
100014
100008
100003
99997
100469
100463
100460
100454
100452
100446
100444
100437
100435
100428
100426
100419
100417
100410
100408
100401
100398
100391
100389
100382
100379
100372
100369
100362
100359
100352
100349
100342
100338
100332
100328
100322
100318
100311
100308
100301
100297
100291
100287
100281
100276
100270
100266
100260
100255
100249
100245
100239
100234
100228
100223
100217
100213
100207
100202
100196
100191
100185
100181
100175
100170
100164
100159
100153
100148
100142
100137
100131
100126
100121
100115
100110
100105
100099
100094
100088
100083
100077
100072
100066
100060
100055
100049
100044
100038
100033
100027
100022
100016
100010
100469
100463
100461
100455
100452
100446
100444
100438
100435
100429
100427
100420
100417
100410
100408
100401
100398
100391
100389
100382
100379
100372
100369
100362
100359
100352
100349
100342
100339
100332
100328
100322
100318
100312
100308
100301
100297
100291
100287
100281
100277
100270
100266
100260
100256
100249
100245
100239
100234
100228
100224
100218
100213
100207
100202
100196
100192
100186
100181
100175
100170
100164
100159
100153
100148
100143
100138
100132
100127
100121
100116
100110
100105
100099
100094
100088
100083
100077
100072
100066
100061
100055
100050
100044
100039
100033
100027
100022
100016
100011
100469
100463
100460
100454
100452
100446
100444
100437
100435
100428
100426
100419
100417
100410
100408
100401
100398
100391
100388
100381
100379
100372
100369
100362
100359
100352
100348
100342
100338
100332
100328
100322
100318
100311
100307
100301
100297
100291
100287
100280
100276
100270
100266
100259
100255
100249
100245
100238
100234
100228
100223
100217
100213
100207
100202
100196
100191
100185
100180
100175
100170
100164
100159
100153
100148
100142
100137
100131
100126
100120
100115
100110
100104
100099
100093
100088
100082
100077
100071
100066
100060
100055
100049
100044
100038
100032
100027
100021
100016
100010
100469
100463
100461
100455
100453
100446
100444
100438
100436
100429
100427
100420
100418
100411
100408
100401
100399
100392
100389
100382
100379
100372
100369
100362
100359
100352
100349
100342
100339
100332
100329
100322
100318
100312
100308
100302
100298
100291
100287
100281
100277
100270
100266
100260
100256
100250
100245
100239
100234
100228
100224
100218
100213
100207
100202
100197
100192
100186
100181
100175
100170
100164
100159
100154
100149
100143
100138
100132
100127
100121
100116
100110
100105
100099
100094
100088
100083
100077
100072
100066
100061
100055
100050
100044
100039
100033
100028
100022
100017
100011
100468
100463
100460
100454
100452
100446
100444
100437
100435
100428
100426
100419
100417
100410
100408
100401
100398
100391
100388
100381
100378
100372
100369
100362
100359
100352
100348
100342
100338
100332
100328
100321
100318
100311
100307
100301
100297
100291
100287
100280
100276
100270
100266
100259
100255
100249
100244
100238
100234
100228
100223
100217
100213
100207
100202
100196
100191
100185
100180
100174
100170
100164
100159
100153
100148
100142
100137
100131
100126
100120
100115
100109
100104
100099
100093
100088
100082
100077
100071
100066
100060
100055
100049
100043
100038
100032
100027
100021
100016
100010
100469
100463
100461
100455
100453
100446
100444
100438
100436
100429
100427
100420
100418
100411
100408
100401
100399
100392
100389
100382
100379
100372
100369
100362
100359
100352
100349
100342
100339
100332
100329
100322
100318
100312
100308
100302
100298
100291
100287
100281
100277
100270
100266
100260
100256
100250
100245
100239
100234
100228
100224
100218
100213
100207
100202
100197
100192
100186
100181
100175
100170
100164
100159
100154
100149
100143
100138
100132
100127
100121
100116
100110
100105
100099
100094
100088
100083
100077
100072
100066
100061
100055
100050
100044
100039
100033
100028
100022
100017
100011
100469
100463
100460
100454
100452
100446
100444
100437
100435
100428
100426
100419
100417
100410
100408
100401
100398
100391
100388
100381
100379
100372
100369
100362
100359
100352
100348
100342
100338
100332
100328
100322
100318
100311
100307
100301
100297
100291
100287
100280
100276
100270
100266
100259
100255
100249
100245
100238
100234
100228
100223
100217
100213
100207
100202
100196
100191
100185
100180
100175
100170
100164
100159
100153
100148
100142
100137
100131
100126
100120
100115
100110
100104
100099
100093
100088
100082
100077
100071
100066
100060
100055
100049
100044
100038
100032
100027
100021
100016
100010
100469
100463
100461
100455
100452
100446
100444
100438
100435
100429
100427
100420
100417
100410
100408
100401
100398
100391
100389
100382
100379
100372
100369
100362
100359
100352
100349
100342
100339
100332
100328
100322
100318
100312
100308
100301
100297
100291
100287
100281
100277
100270
100266
100260
100256
100249
100245
100239
100234
100228
100224
100218
100213
100207
100202
100196
100192
100186
100181
100175
100170
100164
100159
100153
100148
100143
100138
100132
100127
100121
100116
100110
100105
100099
100094
100088
100083
100077
100072
100066
100061
100055
100050
100044
100039
100033
100027
100022
100016
100011
100469
100463
100460
100454
100452
100446
100444
100437
100435
100428
100426
100419
100417
100410
100408
100401
100398
100391
100389
100382
100379
100372
100369
100362
100359
100352
100349
100342
100338
100332
100328
100322
100318
100311
100308
100301
100297
100291
100287
100281
100276
100270
100266
100260
100255
100249
100245
100239
100234
100228
100223
100217
100213
100207
100202
100196
100191
100185
100181
100175
100170
100164
100159
100153
100148
100142
100137
100131
100126
100121
100115
100110
100105
100099
100094
100088
100083
100077
100072
100066
100060
100055
100049
100044
100038
100033
100027
100022
100016
100010
100462
100455
100453
100446
100444
100437
100435
100427
100426
100418
100416
100408
100406
100399
100396
100389
100386
100379
100376
100369
100366
100359
100356
100349
100346
100339
100335
100329
100325
100319
100315
100308
100304
100298
100294
100288
100284
100277
100273
100267
100263
100256
100252
100246
100242
100236
100231
100225
100220
100214
100210
100204
100199
100193
100188
100182
100178
100172
100167
100161
100156
100150
100145
100140
100134
100129
100124
100118
100113
100107
100102
100096
100091
100085
100080
100074
100069
100063
100058
100052
100047
100041
100036
100030
100025
100019
100014
100008
100002
99996.7
100491
100484
100483
100476
100474
100466
100465
100457
100456
100448
100446
100438
100436
100429
100426
100419
100416
100409
100406
100399
100396
100389
100386
100379
100376
100369
100366
100359
100356
100349
100345
100339
100335
100328
100325
100318
100314
100308
100304
100297
100293
100287
100283
100276
100272
100266
100261
100255
100251
100245
100240
100234
100230
100224
100219
100213
100208
100202
100197
100191
100187
100181
100176
100170
100165
100159
100154
100148
100143
100137
100132
100126
100121
100116
100110
100105
100099
100094
100088
100083
100077
100072
100066
100061
100055
100049
100044
100038
100033
100027
100464
100456
100454
100447
100445
100438
100436
100428
100427
100419
100417
100409
100407
100400
100397
100390
100387
100380
100377
100370
100367
100360
100357
100350
100347
100340
100336
100330
100326
100320
100316
100309
100306
100299
100295
100289
100285
100278
100274
100268
100264
100258
100253
100247
100243
100237
100232
100226
100221
100215
100211
100205
100200
100194
100189
100184
100179
100173
100168
100162
100157
100151
100146
100141
100136
100130
100125
100119
100114
100108
100103
100097
100092
100086
100081
100075
100070
100064
100059
100053
100048
100042
100037
100031
100026
100020
100015
100009
100004
99997.9
100491
100484
100483
100475
100474
100466
100465
100457
100455
100447
100445
100438
100436
100428
100426
100418
100416
100409
100406
100399
100396
100389
100386
100379
100376
100369
100365
100359
100355
100348
100345
100338
100334
100328
100324
100318
100314
100307
100303
100297
100293
100286
100282
100276
100272
100265
100261
100255
100250
100244
100240
100234
100229
100223
100218
100212
100208
100202
100197
100191
100186
100180
100175
100169
100164
100159
100154
100148
100143
100137
100132
100126
100121
100115
100110
100104
100099
100093
100088
100082
100077
100071
100066
100060
100055
100049
100044
100038
100032
100026
100465
100456
100455
100447
100446
100438
100436
100429
100427
100419
100417
100410
100407
100400
100397
100390
100388
100380
100377
100370
100367
100360
100357
100350
100347
100340
100337
100330
100327
100320
100316
100310
100306
100299
100295
100289
100285
100279
100275
100268
100264
100258
100254
100247
100243
100237
100232
100226
100222
100216
100211
100205
100201
100195
100190
100184
100179
100173
100168
100162
100158
100152
100147
100141
100136
100130
100125
100119
100114
100108
100103
100097
100092
100087
100081
100076
100070
100065
100059
100054
100048
100043
100037
100032
100026
100021
100015
100009
100004
99998.3
100491
100484
100483
100475
100474
100466
100464
100457
100455
100447
100445
100438
100436
100428
100426
100418
100416
100409
100406
100399
100396
100389
100386
100379
100375
100369
100365
100358
100355
100348
100345
100338
100334
100328
100324
100317
100313
100307
100303
100297
100293
100286
100282
100276
100271
100265
100261
100255
100250
100244
100240
100234
100229
100223
100218
100212
100207
100202
100197
100191
100186
100180
100175
100169
100164
100158
100153
100148
100143
100137
100132
100126
100121
100115
100110
100104
100099
100093
100088
100082
100077
100071
100066
100060
100055
100049
100043
100038
100032
100026
100464
100456
100454
100447
100445
100438
100436
100428
100427
100419
100417
100409
100407
100400
100397
100390
100387
100380
100377
100370
100367
100360
100357
100350
100347
100340
100337
100330
100326
100320
100316
100309
100306
100299
100295
100289
100285
100279
100274
100268
100264
100258
100253
100247
100243
100237
100232
100226
100222
100216
100211
100205
100200
100194
100190
100184
100179
100173
100168
100162
100157
100151
100147
100141
100136
100130
100125
100119
100114
100108
100103
100097
100092
100086
100081
100075
100070
100064
100059
100053
100048
100042
100037
100031
100026
100020
100015
100009
100004
99998
100491
100484
100483
100475
100474
100466
100465
100457
100455
100448
100446
100438
100436
100428
100426
100419
100416
100409
100406
100399
100396
100389
100386
100379
100376
100369
100365
100359
100355
100349
100345
100338
100334
100328
100324
100318
100314
100307
100303
100297
100293
100286
100282
100276
100272
100266
100261
100255
100250
100244
100240
100234
100229
100223
100218
100212
100208
100202
100197
100191
100186
100180
100175
100169
100164
100159
100154
100148
100143
100137
100132
100126
100121
100115
100110
100104
100099
100093
100088
100082
100077
100071
100066
100060
100055
100049
100044
100038
100032
100026
100462
100455
100453
100446
100444
100437
100435
100427
100426
100418
100416
100408
100406
100399
100396
100389
100386
100379
100376
100369
100366
100359
100356
100349
100346
100339
100336
100329
100325
100319
100315
100309
100305
100298
100294
100288
100284
100278
100273
100267
100263
100257
100252
100246
100242
100236
100231
100225
100221
100215
100210
100204
100199
100193
100189
100183
100178
100172
100167
100161
100156
100151
100146
100140
100135
100129
100124
100118
100113
100107
100102
100096
100091
100085
100080
100074
100069
100064
100058
100053
100047
100042
100036
100030
100025
100019
100014
100008
100003
99997
100509
100496
100497
100485
100485
100474
100473
100463
100462
100453
100451
100442
100440
100432
100430
100422
100419
100411
100409
100401
100398
100391
100388
100381
100377
100371
100367
100360
100357
100350
100346
100340
100336
100329
100325
100319
100315
100309
100304
100298
100294
100288
100283
100277
100273
100267
100262
100256
100252
100246
100241
100235
100230
100224
100220
100214
100209
100203
100198
100192
100187
100181
100176
100171
100166
100160
100155
100149
100144
100138
100133
100127
100122
100116
100111
100105
100100
100094
100089
100084
100078
100073
100067
100062
100056
100051
100046
100040
100035
100029
100477
100463
100464
100452
100451
100441
100440
100430
100428
100419
100417
100409
100407
100398
100396
100388
100385
100378
100375
100367
100364
100357
100354
100347
100343
100337
100333
100326
100323
100316
100312
100306
100302
100295
100291
100285
100281
100275
100270
100264
100260
100254
100249
100243
100239
100233
100228
100222
100218
100211
100207
100201
100196
100190
100185
100180
100175
100169
100164
100158
100153
100147
100142
100137
100132
100126
100121
100115
100110
100104
100099
100093
100088
100082
100077
100071
100066
100060
100055
100050
100044
100039
100033
100028
100022
100017
100012
100006
100001
99995.5
100503
100490
100491
100479
100479
100468
100467
100458
100456
100447
100445
100436
100434
100426
100424
100416
100413
100406
100403
100395
100392
100385
100382
100375
100371
100365
100361
100354
100351
100344
100340
100334
100330
100323
100319
100313
100309
100303
100298
100292
100288
100282
100277
100271
100267
100261
100256
100250
100246
100240
100235
100229
100224
100218
100213
100208
100203
100197
100192
100186
100181
100175
100170
100165
100160
100154
100149
100143
100138
100132
100127
100121
100116
100110
100105
100099
100094
100088
100083
100078
100072
100067
100061
100056
100050
100045
100040
100034
100029
100023
100477
100463
100463
100451
100451
100440
100439
100429
100428
100419
100417
100408
100406
100398
100396
100388
100385
100377
100374
100367
100364
100357
100354
100346
100343
100336
100333
100326
100322
100316
100312
100305
100301
100295
100291
100285
100281
100274
100270
100264
100260
100253
100249
100243
100238
100232
100228
100222
100217
100211
100207
100201
100196
100190
100185
100179
100174
100168
100164
100158
100153
100147
100142
100136
100131
100125
100120
100115
100109
100104
100099
100093
100088
100082
100077
100071
100066
100060
100055
100049
100044
100038
100033
100027
100022
100016
100011
100006
100001
99995.2
100503
100490
100491
100479
100479
100468
100467
100457
100456
100447
100445
100436
100434
100426
100424
100416
100413
100405
100402
100395
100392
100385
100382
100375
100371
100364
100361
100354
100350
100344
100340
100333
100330
100323
100319
100313
100309
100302
100298
100292
100288
100281
100277
100271
100266
100260
100256
100250
100245
100239
100235
100229
100224
100218
100213
100207
100202
100197
100192
100186
100181
100175
100170
100164
100159
100153
100148
100143
100138
100132
100127
100121
100116
100110
100105
100099
100094
100088
100083
100077
100072
100066
100061
100055
100050
100044
100039
100034
100028
100023
100477
100463
100463
100451
100451
100440
100439
100429
100428
100419
100417
100408
100406
100398
100396
100388
100385
100377
100375
100367
100364
100357
100354
100347
100343
100336
100333
100326
100322
100316
100312
100305
100302
100295
100291
100285
100281
100274
100270
100264
100260
100253
100249
100243
100239
100232
100228
100222
100217
100211
100207
100201
100196
100190
100185
100179
100175
100169
100164
100158
100153
100147
100142
100136
100131
100126
100120
100115
100110
100104
100099
100093
100088
100082
100077
100071
100066
100060
100055
100049
100044
100038
100033
100027
100022
100017
100011
100006
100001
99995.3
100503
100490
100491
100479
100479
100468
100467
100457
100456
100447
100445
100436
100434
100426
100424
100416
100413
100405
100403
100395
100392
100385
100382
100375
100371
100364
100361
100354
100351
100344
100340
100334
100330
100323
100319
100313
100309
100302
100298
100292
100288
100282
100277
100271
100267
100261
100256
100250
100245
100239
100235
100229
100224
100218
100213
100207
100203
100197
100192
100186
100181
100175
100170
100164
100159
100154
100149
100143
100138
100132
100127
100121
100116
100110
100105
100099
100094
100088
100083
100077
100072
100066
100061
100056
100050
100045
100039
100034
100028
100023
100477
100463
100464
100452
100452
100441
100440
100430
100429
100419
100418
100409
100407
100399
100396
100388
100386
100378
100375
100368
100365
100357
100354
100347
100344
100337
100333
100327
100323
100316
100313
100306
100302
100296
100292
100285
100281
100275
100271
100264
100260
100254
100250
100243
100239
100233
100228
100222
100218
100212
100207
100201
100196
100191
100186
100180
100175
100169
100164
100158
100154
100148
100143
100137
100132
100126
100121
100115
100110
100104
100099
100094
100088
100083
100077
100072
100067
100061
100056
100050
100045
100039
100034
100028
100023
100017
100012
100006
100001
99995.8
100509
100496
100497
100485
100485
100474
100473
100463
100462
100453
100451
100442
100440
100432
100429
100421
100419
100411
100408
100401
100398
100391
100387
100380
100377
100370
100367
100360
100356
100350
100346
100339
100335
100329
100325
100319
100314
100308
100304
100298
100293
100287
100283
100277
100272
100266
100262
100256
100251
100245
100240
100234
100230
100224
100219
100213
100208
100202
100198
100192
100187
100181
100176
100170
100165
100159
100154
100148
100143
100138
100133
100127
100122
100116
100111
100105
100100
100094
100089
100083
100078
100072
100067
100061
100056
100050
100045
100039
100034
100029
)
;

boundaryField
{
    upperWall
    {
        type            zeroGradient;
    }
    lowerWall
    {
        type            zeroGradient;
    }
    heatedWall
    {
        type            zeroGradient;
    }
    inlet
    {
        type            zeroGradient;
    }
    outlet
    {
        type            waveTransmissive;
        gamma           1.3;
        fieldInf        100000;
        lInf            0.3;
        value           nonuniform List<scalar> 
45
(
100022
99996.6
100017
99996.4
100017
99996.5
100017
99996.8
100022
99997.6
100020
99998.4
100020
99998.7
100020
99998.5
100020
99997.8
100008
100008
100008
100008
100008
100008
100008
100008
100008
99997.6
100020
99998.4
100020
99998.7
100020
99998.5
100020
99997.8
100022
99996.6
100017
99996.4
100017
99996.5
100017
99996.8
100022
)
;
    }
    frontAndBack
    {
        type            empty;
    }
}


// ************************************************************************* //
