/*--------------------------------*- C++ -*----------------------------------*\
  =========                 |
  \\      /  F ield         | OpenFOAM: The Open Source CFD Toolbox
   \\    /   O peration     | Website:  https://openfoam.org
    \\  /    A nd           | Version:  7
     \\/     M anipulation  |
\*---------------------------------------------------------------------------*/
FoamFile
{
    version     2.0;
    format      ascii;
    class       volScalarField;
    location    "2.5975";
    object      pMean;
}
// * * * * * * * * * * * * * * * * * * * * * * * * * * * * * * * * * * * * * //

dimensions      [1 -1 -2 0 0 0 0];

internalField   nonuniform List<scalar> 
4950
(
100581
100568
100573
100564
100568
100561
100565
100559
100562
100557
100560
100555
100557
100553
100555
100552
100553
100550
100551
100548
100567
100556
100561
100552
100557
100550
100553
100547
100550
100545
100548
100543
100545
100541
100543
100540
100541
100538
100538
100535
100576
100566
100571
100562
100566
100559
100563
100557
100560
100555
100558
100553
100555
100551
100553
100550
100551
100548
100549
100546
100565
100556
100561
100552
100557
100549
100553
100547
100550
100545
100548
100543
100545
100541
100543
100540
100540
100538
100538
100535
100576
100566
100571
100562
100567
100559
100563
100557
100560
100555
100558
100553
100555
100551
100553
100550
100551
100548
100549
100546
100565
100556
100561
100552
100557
100549
100553
100547
100550
100545
100548
100543
100545
100541
100543
100540
100540
100538
100538
100535
100576
100566
100571
100562
100566
100559
100563
100557
100560
100555
100558
100553
100555
100551
100553
100550
100551
100548
100549
100546
100567
100556
100561
100552
100557
100550
100553
100547
100550
100545
100548
100543
100545
100541
100543
100540
100541
100538
100538
100535
100581
100568
100573
100564
100568
100561
100565
100559
100562
100557
100560
100555
100557
100553
100555
100552
100553
100550
100551
100548
100550
100552
100546
100547
100543
100544
100541
100542
100539
100540
100538
100538
100536
100536
100535
100535
100534
100533
100532
100532
100559
100562
100556
100558
100554
100555
100551
100552
100550
100550
100548
100548
100547
100547
100545
100545
100544
100544
100543
100543
100550
100552
100546
100548
100544
100545
100541
100542
100540
100540
100538
100538
100537
100537
100535
100535
100534
100533
100532
100532
100559
100561
100556
100558
100554
100555
100552
100552
100550
100550
100548
100548
100547
100547
100545
100545
100544
100544
100543
100543
100550
100552
100546
100548
100544
100545
100541
100542
100540
100540
100538
100538
100537
100537
100535
100535
100534
100533
100532
100532
100559
100561
100556
100558
100554
100555
100552
100552
100550
100550
100548
100548
100547
100547
100545
100545
100544
100544
100543
100543
100550
100552
100546
100548
100544
100545
100541
100542
100540
100540
100538
100538
100537
100537
100535
100535
100534
100533
100532
100532
100559
100562
100556
100558
100554
100555
100551
100552
100550
100550
100548
100548
100547
100547
100545
100545
100544
100544
100543
100543
100550
100552
100546
100547
100543
100544
100541
100542
100539
100540
100538
100538
100536
100536
100535
100535
100534
100533
100532
100532
100542
100541
100540
100539
100538
100537
100536
100535
100534
100533
100532
100532
100531
100530
100529
100529
100528
100528
100527
100526
100542
100541
100540
100539
100538
100537
100536
100535
100534
100533
100532
100532
100531
100531
100529
100529
100528
100528
100527
100527
100542
100541
100540
100539
100538
100537
100536
100535
100534
100533
100532
100532
100531
100530
100529
100529
100528
100528
100527
100526
100542
100541
100540
100539
100538
100537
100536
100535
100534
100534
100532
100532
100531
100531
100529
100529
100528
100528
100527
100527
100542
100541
100540
100539
100538
100537
100536
100535
100534
100533
100532
100532
100531
100530
100529
100529
100528
100528
100527
100526
100542
100541
100540
100539
100538
100537
100536
100535
100534
100534
100532
100532
100531
100531
100529
100529
100528
100528
100527
100527
100542
100541
100540
100539
100538
100537
100536
100535
100534
100533
100532
100532
100531
100530
100529
100529
100528
100528
100527
100526
100542
100541
100540
100539
100538
100537
100536
100535
100534
100533
100532
100532
100531
100531
100529
100529
100528
100528
100527
100527
100542
100541
100540
100539
100538
100537
100536
100535
100534
100533
100532
100532
100531
100530
100529
100529
100528
100528
100527
100526
100550
100552
100546
100547
100543
100544
100541
100542
100539
100540
100538
100538
100536
100536
100535
100535
100534
100533
100532
100532
100559
100562
100556
100558
100554
100555
100551
100552
100550
100550
100548
100548
100547
100547
100545
100545
100544
100544
100543
100543
100550
100552
100546
100548
100544
100545
100541
100542
100540
100540
100538
100538
100537
100537
100535
100535
100534
100533
100532
100532
100559
100561
100556
100558
100554
100555
100552
100552
100550
100550
100548
100548
100547
100547
100545
100545
100544
100544
100543
100543
100550
100552
100546
100548
100544
100545
100541
100542
100540
100540
100538
100538
100537
100537
100535
100535
100534
100533
100532
100532
100559
100561
100556
100558
100554
100555
100552
100552
100550
100550
100548
100548
100547
100547
100545
100545
100544
100544
100543
100543
100550
100552
100546
100548
100544
100545
100541
100542
100540
100540
100538
100538
100537
100537
100535
100535
100534
100533
100532
100532
100559
100562
100556
100558
100554
100555
100551
100552
100550
100550
100548
100548
100547
100547
100545
100545
100544
100544
100543
100543
100550
100552
100546
100547
100543
100544
100541
100542
100539
100540
100538
100538
100536
100536
100535
100535
100534
100533
100532
100532
100581
100568
100573
100564
100568
100561
100565
100559
100562
100557
100560
100555
100557
100553
100555
100552
100553
100550
100551
100548
100567
100556
100561
100552
100557
100550
100553
100547
100550
100545
100548
100543
100545
100541
100543
100540
100541
100538
100538
100535
100576
100566
100571
100562
100566
100559
100563
100557
100560
100555
100558
100553
100555
100551
100553
100550
100551
100548
100549
100546
100565
100556
100561
100552
100557
100549
100553
100547
100550
100545
100548
100543
100545
100541
100543
100540
100540
100538
100538
100535
100576
100566
100571
100562
100567
100559
100563
100557
100560
100555
100558
100553
100555
100551
100553
100550
100551
100548
100549
100546
100565
100556
100561
100552
100557
100549
100553
100547
100550
100545
100548
100543
100545
100541
100543
100540
100540
100538
100538
100535
100576
100566
100571
100562
100566
100559
100563
100557
100560
100555
100558
100553
100555
100551
100553
100550
100551
100548
100549
100546
100567
100556
100561
100552
100557
100550
100553
100547
100550
100545
100548
100543
100545
100541
100543
100540
100541
100538
100538
100535
100581
100568
100573
100564
100568
100561
100565
100559
100562
100557
100560
100555
100557
100553
100555
100552
100553
100550
100551
100548
100564
100550
100550
100537
100536
100524
100523
100512
100510
100500
100497
100488
100485
100476
100473
100464
100461
100452
100449
100440
100437
100429
100425
100417
100413
100405
100401
100394
100390
100382
100378
100370
100366
100359
100354
100347
100342
100335
100331
100324
100319
100312
100307
100300
100295
100289
100284
100277
100272
100265
100260
100253
100248
100242
100236
100230
100225
100218
100213
100206
100201
100195
100189
100183
100177
100171
100166
100159
100154
100148
100142
100136
100130
100124
100118
100112
100106
100100
100095
100089
100083
100077
100071
100065
100059
100053
100048
100041
100036
100030
100532
100517
100517
100503
100503
100491
100489
100478
100477
100466
100464
100454
100452
100442
100439
100430
100427
100418
100415
100407
100403
100395
100391
100383
100380
100372
100368
100360
100356
100348
100344
100337
100332
100325
100321
100313
100309
100302
100297
100290
100285
100278
100274
100267
100262
100255
100250
100243
100238
100232
100226
100220
100215
100208
100203
100196
100191
100185
100179
100173
100168
100161
100156
100149
100144
100138
100132
100126
100120
100114
100108
100102
100097
100090
100085
100079
100073
100067
100061
100055
100049
100043
100037
100031
100026
100020
100014
100008
100003
99996.7
100558
100543
100544
100531
100530
100518
100517
100506
100504
100494
100492
100482
100479
100470
100467
100458
100455
100446
100443
100434
100431
100423
100419
100411
100407
100399
100395
100388
100384
100376
100372
100364
100360
100353
100348
100341
100337
100329
100325
100318
100313
100306
100301
100294
100289
100283
100278
100271
100266
100259
100254
100248
100242
100236
100231
100224
100219
100212
100207
100201
100195
100189
100183
100177
100172
100165
100160
100153
100148
100142
100136
100130
100124
100118
100112
100106
100101
100094
100089
100083
100077
100071
100065
100059
100053
100047
100042
100036
100030
100024
100532
100517
100516
100503
100502
100490
100489
100478
100476
100466
100464
100454
100451
100442
100439
100430
100427
100418
100415
100406
100403
100395
100391
100383
100379
100371
100367
100360
100356
100348
100344
100336
100332
100325
100320
100313
100308
100301
100297
100290
100285
100278
100273
100266
100261
100255
100250
100243
100238
100231
100226
100220
100214
100208
100203
100196
100191
100184
100179
100173
100167
100161
100155
100149
100144
100137
100132
100125
100120
100114
100108
100102
100096
100090
100084
100078
100073
100066
100061
100055
100049
100043
100037
100031
100025
100019
100014
100008
100002
99996.4
100558
100543
100544
100531
100530
100518
100517
100506
100504
100493
100491
100481
100479
100469
100467
100458
100455
100446
100443
100434
100431
100422
100419
100411
100407
100399
100395
100387
100383
100376
100372
100364
100360
100352
100348
100341
100336
100329
100324
100317
100313
100306
100301
100294
100289
100282
100277
100271
100266
100259
100254
100247
100242
100236
100230
100224
100218
100212
100207
100200
100195
100189
100183
100177
100171
100165
100159
100153
100148
100141
100136
100130
100124
100118
100112
100106
100100
100094
100088
100082
100077
100071
100065
100059
100053
100047
100041
100035
100029
100024
100532
100517
100516
100503
100502
100490
100489
100478
100476
100466
100464
100454
100451
100442
100439
100430
100427
100418
100415
100406
100403
100395
100391
100383
100379
100371
100367
100360
100356
100348
100344
100336
100332
100325
100320
100313
100309
100301
100297
100290
100285
100278
100273
100266
100261
100255
100250
100243
100238
100231
100226
100220
100214
100208
100203
100196
100191
100184
100179
100173
100167
100161
100155
100149
100144
100137
100132
100126
100120
100114
100108
100102
100096
100090
100084
100078
100073
100067
100061
100055
100049
100043
100037
100031
100025
100019
100014
100008
100002
99996.4
100558
100543
100544
100531
100530
100518
100517
100506
100504
100494
100491
100482
100479
100470
100467
100458
100455
100446
100443
100434
100431
100423
100419
100411
100407
100399
100395
100388
100383
100376
100372
100364
100360
100353
100348
100341
100336
100329
100325
100318
100313
100306
100301
100294
100289
100283
100278
100271
100266
100259
100254
100247
100242
100236
100230
100224
100219
100212
100207
100200
100195
100189
100183
100177
100171
100165
100160
100153
100148
100142
100136
100130
100124
100118
100112
100106
100100
100094
100089
100083
100077
100071
100065
100059
100053
100047
100042
100036
100030
100024
100532
100517
100517
100504
100503
100491
100490
100479
100477
100466
100464
100454
100452
100442
100439
100430
100427
100419
100415
100407
100403
100395
100392
100384
100380
100372
100368
100360
100356
100349
100344
100337
100333
100325
100321
100314
100309
100302
100297
100290
100286
100279
100274
100267
100262
100255
100250
100244
100238
100232
100227
100220
100215
100208
100203
100197
100191
100185
100180
100173
100168
100161
100156
100150
100144
100138
100132
100126
100120
100114
100109
100102
100097
100091
100085
100079
100073
100067
100061
100055
100049
100043
100038
100032
100026
100020
100014
100008
100003
99996.9
100564
100549
100550
100537
100536
100524
100523
100512
100510
100499
100497
100487
100485
100475
100473
100464
100460
100452
100448
100440
100437
100428
100425
100417
100413
100405
100401
100393
100389
100382
100377
100370
100366
100358
100354
100347
100342
100335
100330
100323
100319
100312
100307
100300
100295
100288
100283
100277
100272
100265
100260
100253
100248
100241
100236
100230
100224
100218
100213
100206
100201
100194
100189
100183
100177
100171
100165
100159
100153
100147
100142
100135
100130
100124
100118
100112
100106
100100
100094
100088
100082
100076
100071
100065
100059
100053
100047
100041
100035
100030
100518
100508
100506
100498
100496
100487
100485
100476
100474
100465
100462
100454
100451
100442
100440
100431
100428
100420
100417
100408
100405
100397
100393
100385
100382
100374
100370
100362
100358
100351
100347
100339
100335
100328
100323
100316
100312
100305
100300
100293
100288
100281
100276
100270
100265
100258
100253
100246
100241
100235
100229
100223
100218
100211
100206
100199
100194
100188
100182
100176
100170
100164
100159
100152
100147
100141
100135
100129
100123
100117
100111
100105
100099
100093
100088
100081
100076
100070
100064
100058
100052
100046
100040
100034
100028
100022
100016
100010
100004
99998
100546
100538
100536
100527
100526
100517
100515
100506
100504
100495
100492
100484
100481
100472
100470
100461
100458
100450
100447
100438
100435
100427
100423
100415
100412
100404
100400
100392
100388
100381
100377
100369
100365
100358
100353
100346
100342
100335
100330
100323
100318
100311
100306
100300
100295
100288
100283
100276
100271
100265
100259
100253
100248
100241
100236
100229
100224
100218
100212
100206
100200
100194
100189
100182
100177
100170
100165
100159
100153
100147
100141
100135
100129
100123
100118
100111
100106
100100
100094
100088
100082
100076
100070
100064
100058
100052
100046
100040
100034
100028
100519
100510
100507
100499
100497
100488
100486
100477
100475
100466
100463
100455
100452
100443
100441
100432
100429
100421
100418
100409
100406
100398
100394
100386
100383
100375
100371
100363
100359
100352
100348
100340
100336
100329
100324
100317
100313
100306
100301
100294
100289
100282
100277
100271
100266
100259
100254
100247
100242
100236
100230
100224
100219
100212
100207
100200
100195
100189
100183
100177
100171
100165
100160
100153
100148
100142
100136
100130
100124
100118
100112
100106
100100
100094
100089
100082
100077
100071
100065
100059
100053
100047
100041
100035
100029
100023
100017
100011
100005
99999.2
100546
100537
100536
100527
100525
100516
100514
100505
100503
100494
100492
100483
100481
100472
100469
100461
100458
100449
100446
100438
100434
100426
100423
100415
100411
100404
100400
100392
100388
100380
100376
100369
100365
100357
100353
100346
100341
100334
100329
100322
100318
100311
100306
100299
100294
100287
100283
100276
100271
100264
100259
100252
100247
100241
100235
100229
100224
100217
100212
100205
100200
100194
100188
100182
100176
100170
100164
100158
100153
100146
100141
100135
100129
100123
100117
100111
100105
100099
100093
100087
100081
100075
100070
100063
100058
100052
100046
100040
100033
100027
100520
100510
100508
100499
100497
100488
100486
100477
100475
100466
100464
100455
100452
100444
100441
100432
100429
100421
100418
100410
100406
100398
100395
100387
100383
100375
100371
100364
100360
100352
100348
100341
100336
100329
100325
100318
100313
100306
100301
100294
100290
100283
100278
100271
100266
100259
100254
100248
100243
100236
100231
100224
100219
100212
100207
100201
100195
100189
100184
100177
100172
100165
100160
100154
100148
100142
100136
100130
100124
100118
100113
100106
100101
100095
100089
100083
100077
100071
100065
100059
100053
100047
100041
100035
100029
100023
100017
100011
100006
99999.5
100546
100537
100536
100527
100525
100516
100514
100505
100503
100494
100492
100483
100480
100472
100469
100461
100458
100449
100446
100438
100434
100426
100423
100415
100411
100403
100400
100392
100388
100380
100376
100369
100365
100357
100353
100346
100341
100334
100329
100322
100318
100311
100306
100299
100294
100287
100282
100276
100271
100264
100259
100252
100247
100241
100235
100229
100223
100217
100212
100205
100200
100194
100188
100182
100176
100170
100164
100158
100153
100146
100141
100135
100129
100123
100117
100111
100105
100099
100093
100087
100081
100075
100069
100063
100057
100051
100045
100040
100033
100027
100519
100510
100508
100499
100497
100488
100486
100477
100475
100466
100464
100455
100452
100443
100441
100432
100429
100421
100418
100409
100406
100398
100394
100387
100383
100375
100371
100364
100360
100352
100348
100340
100336
100329
100324
100317
100313
100306
100301
100294
100289
100282
100278
100271
100266
100259
100254
100247
100242
100236
100231
100224
100219
100212
100207
100200
100195
100189
100183
100177
100172
100165
100160
100153
100148
100142
100136
100130
100124
100118
100112
100106
100101
100094
100089
100083
100077
100071
100065
100059
100053
100047
100041
100035
100029
100023
100017
100011
100005
99999.3
100546
100537
100536
100527
100525
100516
100514
100505
100503
100494
100492
100483
100481
100472
100469
100461
100458
100449
100446
100438
100435
100427
100423
100415
100411
100404
100400
100392
100388
100381
100376
100369
100365
100357
100353
100346
100341
100334
100330
100323
100318
100311
100306
100299
100294
100288
100283
100276
100271
100264
100259
100253
100247
100241
100236
100229
100224
100217
100212
100206
100200
100194
100188
100182
100176
100170
100165
100158
100153
100147
100141
100135
100129
100123
100117
100111
100105
100099
100093
100087
100082
100076
100070
100064
100058
100052
100046
100040
100033
100027
100518
100508
100507
100498
100496
100487
100485
100476
100474
100465
100463
100454
100451
100443
100440
100431
100428
100420
100417
100409
100405
100397
100394
100386
100382
100374
100370
100363
100359
100351
100347
100340
100335
100328
100324
100316
100312
100305
100300
100293
100288
100281
100277
100270
100265
100258
100253
100246
100241
100235
100230
100223
100218
100211
100206
100200
100194
100188
100182
100176
100171
100164
100159
100152
100147
100141
100135
100129
100123
100117
100111
100105
100100
100093
100088
100082
100076
100070
100064
100058
100052
100046
100040
100034
100028
100022
100016
100010
100004
99998.2
100524
100516
100514
100506
100504
100496
100494
100486
100483
100475
100473
100465
100462
100454
100451
100443
100440
100432
100429
100421
100418
100410
100406
100398
100395
100387
100383
100376
100372
100364
100360
100353
100348
100341
100337
100330
100325
100318
100313
100306
100302
100295
100290
100283
100278
100271
100266
100260
100255
100248
100243
100236
100231
100225
100219
100213
100208
100201
100196
100189
100184
100178
100172
100166
100160
100154
100148
100142
100137
100130
100125
100119
100113
100107
100101
100095
100089
100083
100077
100071
100065
100059
100053
100047
100041
100035
100029
100023
100018
100012
100524
100516
100514
100506
100504
100496
100494
100486
100484
100476
100473
100465
100462
100454
100451
100443
100440
100432
100429
100421
100418
100410
100406
100399
100395
100387
100383
100376
100372
100364
100360
100353
100349
100341
100337
100330
100325
100318
100314
100307
100302
100295
100290
100283
100278
100272
100267
100260
100255
100248
100243
100237
100231
100225
100220
100213
100208
100201
100196
100190
100184
100178
100172
100166
100161
100154
100149
100142
100137
100131
100125
100119
100113
100107
100101
100095
100089
100083
100077
100071
100066
100059
100054
100048
100042
100036
100030
100024
100018
100012
100524
100516
100513
100506
100504
100496
100494
100486
100483
100475
100473
100465
100462
100454
100451
100443
100440
100432
100429
100421
100417
100410
100406
100398
100395
100387
100383
100375
100371
100364
100360
100352
100348
100341
100337
100329
100325
100318
100313
100306
100301
100295
100290
100283
100278
100271
100266
100260
100255
100248
100243
100236
100231
100224
100219
100213
100207
100201
100196
100189
100184
100177
100172
100166
100160
100154
100148
100142
100136
100130
100125
100118
100113
100107
100101
100095
100089
100083
100077
100071
100065
100059
100053
100047
100041
100035
100029
100023
100017
100011
100524
100517
100514
100506
100504
100496
100494
100486
100484
100476
100473
100465
100462
100454
100452
100443
100440
100432
100429
100421
100418
100410
100406
100399
100395
100387
100383
100376
100372
100364
100360
100353
100349
100341
100337
100330
100325
100318
100314
100307
100302
100295
100290
100283
100279
100272
100267
100260
100255
100248
100243
100237
100231
100225
100220
100213
100208
100201
100196
100190
100184
100178
100172
100166
100161
100154
100149
100143
100137
100131
100125
100119
100113
100107
100101
100095
100089
100083
100078
100071
100066
100060
100054
100048
100042
100036
100030
100024
100018
100012
100523
100516
100513
100506
100504
100496
100494
100486
100483
100475
100473
100465
100462
100454
100451
100443
100440
100432
100429
100421
100417
100409
100406
100398
100394
100387
100383
100375
100371
100364
100360
100352
100348
100341
100336
100329
100325
100318
100313
100306
100301
100295
100290
100283
100278
100271
100266
100260
100254
100248
100243
100236
100231
100224
100219
100213
100207
100201
100196
100189
100184
100177
100172
100166
100160
100154
100148
100142
100136
100130
100125
100118
100113
100106
100101
100095
100089
100083
100077
100071
100065
100059
100053
100047
100041
100035
100029
100023
100017
100011
100524
100517
100514
100506
100504
100496
100494
100486
100484
100476
100473
100465
100462
100454
100452
100443
100440
100432
100429
100421
100418
100410
100406
100399
100395
100387
100383
100376
100372
100364
100360
100353
100349
100341
100337
100330
100325
100318
100314
100307
100302
100295
100290
100283
100279
100272
100267
100260
100255
100248
100243
100237
100231
100225
100220
100213
100208
100201
100196
100190
100184
100178
100172
100166
100161
100154
100149
100143
100137
100131
100125
100119
100113
100107
100101
100095
100089
100083
100078
100071
100066
100060
100054
100048
100042
100036
100030
100024
100018
100012
100524
100516
100513
100506
100504
100496
100494
100486
100483
100475
100473
100465
100462
100454
100451
100443
100440
100432
100429
100421
100417
100409
100406
100398
100394
100387
100383
100375
100371
100364
100360
100352
100348
100341
100337
100329
100325
100318
100313
100306
100301
100295
100290
100283
100278
100271
100266
100260
100255
100248
100243
100236
100231
100224
100219
100213
100207
100201
100196
100189
100184
100177
100172
100166
100160
100154
100148
100142
100136
100130
100125
100118
100113
100107
100101
100095
100089
100083
100077
100071
100065
100059
100053
100047
100041
100035
100029
100023
100017
100011
100524
100516
100514
100506
100504
100496
100494
100486
100484
100476
100473
100465
100462
100454
100451
100443
100440
100432
100429
100421
100418
100410
100406
100399
100395
100387
100383
100376
100372
100364
100360
100353
100349
100341
100337
100330
100325
100318
100314
100307
100302
100295
100290
100283
100278
100272
100267
100260
100255
100248
100243
100237
100231
100225
100220
100213
100208
100201
100196
100190
100184
100178
100172
100166
100161
100154
100149
100142
100137
100131
100125
100119
100113
100107
100101
100095
100089
100083
100077
100071
100066
100059
100054
100048
100042
100036
100030
100024
100018
100012
100524
100516
100514
100506
100504
100496
100494
100486
100483
100475
100473
100465
100462
100454
100451
100443
100440
100432
100429
100421
100418
100410
100406
100398
100395
100387
100383
100376
100372
100364
100360
100353
100348
100341
100337
100330
100325
100318
100313
100306
100302
100295
100290
100283
100278
100271
100266
100260
100255
100248
100243
100236
100231
100225
100219
100213
100208
100201
100196
100189
100184
100178
100172
100166
100160
100154
100148
100142
100137
100130
100125
100119
100113
100107
100101
100095
100089
100083
100077
100071
100065
100059
100053
100047
100041
100035
100029
100023
100018
100012
100518
100508
100506
100498
100496
100487
100485
100476
100474
100465
100462
100454
100451
100442
100440
100431
100428
100420
100417
100408
100405
100397
100393
100385
100382
100374
100370
100362
100358
100351
100347
100339
100335
100328
100323
100316
100312
100305
100300
100293
100288
100281
100276
100270
100265
100258
100253
100246
100241
100235
100229
100223
100218
100211
100206
100199
100194
100188
100182
100176
100170
100164
100159
100152
100147
100141
100135
100129
100123
100117
100111
100105
100099
100093
100088
100081
100076
100070
100064
100058
100052
100046
100040
100034
100028
100022
100016
100010
100004
99998
100546
100538
100536
100527
100526
100517
100515
100506
100504
100495
100492
100484
100481
100472
100470
100461
100458
100450
100447
100438
100435
100427
100423
100415
100412
100404
100400
100392
100388
100381
100377
100369
100365
100358
100353
100346
100342
100335
100330
100323
100318
100311
100306
100300
100295
100288
100283
100276
100271
100265
100259
100253
100248
100241
100236
100229
100224
100218
100212
100206
100200
100194
100189
100182
100177
100170
100165
100159
100153
100147
100141
100135
100129
100123
100118
100111
100106
100100
100094
100088
100082
100076
100070
100064
100058
100052
100046
100040
100034
100028
100519
100510
100507
100499
100497
100488
100486
100477
100475
100466
100463
100455
100452
100443
100441
100432
100429
100421
100418
100409
100406
100398
100394
100386
100383
100375
100371
100363
100359
100352
100348
100340
100336
100329
100324
100317
100313
100306
100301
100294
100289
100282
100277
100271
100266
100259
100254
100247
100242
100236
100230
100224
100219
100212
100207
100200
100195
100189
100183
100177
100171
100165
100160
100153
100148
100142
100136
100130
100124
100118
100112
100106
100100
100094
100089
100082
100077
100071
100065
100059
100053
100047
100041
100035
100029
100023
100017
100011
100005
99999.2
100546
100537
100536
100527
100525
100516
100514
100505
100503
100494
100492
100483
100481
100472
100469
100461
100458
100449
100446
100438
100434
100426
100423
100415
100411
100404
100400
100392
100388
100380
100376
100369
100365
100357
100353
100346
100341
100334
100329
100322
100318
100311
100306
100299
100294
100287
100283
100276
100271
100264
100259
100252
100247
100241
100235
100229
100224
100217
100212
100205
100200
100194
100188
100182
100176
100170
100164
100158
100153
100146
100141
100135
100129
100123
100117
100111
100105
100099
100093
100087
100081
100075
100070
100063
100058
100052
100046
100040
100033
100027
100520
100510
100508
100499
100497
100488
100486
100477
100475
100466
100464
100455
100452
100444
100441
100432
100429
100421
100418
100410
100406
100398
100395
100387
100383
100375
100371
100364
100360
100352
100348
100341
100336
100329
100325
100318
100313
100306
100301
100294
100290
100283
100278
100271
100266
100259
100254
100248
100243
100236
100231
100224
100219
100212
100207
100201
100195
100189
100184
100177
100172
100165
100160
100154
100148
100142
100136
100130
100124
100118
100113
100106
100101
100095
100089
100083
100077
100071
100065
100059
100053
100047
100041
100035
100029
100023
100017
100011
100006
99999.5
100546
100537
100536
100527
100525
100516
100514
100505
100503
100494
100492
100483
100480
100472
100469
100461
100458
100449
100446
100438
100434
100426
100423
100415
100411
100403
100400
100392
100388
100380
100376
100369
100365
100357
100353
100346
100341
100334
100329
100322
100318
100311
100306
100299
100294
100287
100282
100276
100271
100264
100259
100252
100247
100241
100235
100229
100223
100217
100212
100205
100200
100194
100188
100182
100176
100170
100164
100158
100153
100146
100141
100135
100129
100123
100117
100111
100105
100099
100093
100087
100081
100075
100069
100063
100057
100051
100045
100040
100033
100027
100519
100510
100508
100499
100497
100488
100486
100477
100475
100466
100464
100455
100452
100443
100441
100432
100429
100421
100418
100409
100406
100398
100394
100387
100383
100375
100371
100364
100360
100352
100348
100340
100336
100329
100324
100317
100313
100306
100301
100294
100289
100282
100278
100271
100266
100259
100254
100247
100242
100236
100231
100224
100219
100212
100207
100200
100195
100189
100183
100177
100172
100165
100160
100153
100148
100142
100136
100130
100124
100118
100112
100106
100101
100094
100089
100083
100077
100071
100065
100059
100053
100047
100041
100035
100029
100023
100017
100011
100005
99999.3
100546
100537
100536
100527
100525
100516
100514
100505
100503
100494
100492
100483
100481
100472
100469
100461
100458
100449
100446
100438
100435
100427
100423
100415
100411
100404
100400
100392
100388
100381
100376
100369
100365
100357
100353
100346
100341
100334
100330
100323
100318
100311
100306
100299
100294
100288
100283
100276
100271
100264
100259
100253
100247
100241
100236
100229
100224
100217
100212
100206
100200
100194
100188
100182
100176
100170
100165
100158
100153
100147
100141
100135
100129
100123
100117
100111
100105
100099
100093
100087
100082
100076
100070
100064
100058
100052
100046
100040
100033
100027
100518
100508
100507
100498
100496
100487
100485
100476
100474
100465
100463
100454
100451
100443
100440
100431
100428
100420
100417
100409
100405
100397
100394
100386
100382
100374
100370
100363
100359
100351
100347
100340
100335
100328
100324
100316
100312
100305
100300
100293
100288
100281
100277
100270
100265
100258
100253
100246
100241
100235
100230
100223
100218
100211
100206
100200
100194
100188
100182
100176
100171
100164
100159
100152
100147
100141
100135
100129
100123
100117
100111
100105
100100
100093
100088
100082
100076
100070
100064
100058
100052
100046
100040
100034
100028
100022
100016
100010
100004
99998.2
100564
100550
100550
100537
100536
100524
100523
100512
100510
100500
100497
100488
100485
100476
100473
100464
100461
100452
100449
100440
100437
100429
100425
100417
100413
100405
100401
100394
100390
100382
100378
100370
100366
100359
100354
100347
100342
100335
100331
100324
100319
100312
100307
100300
100295
100289
100284
100277
100272
100265
100260
100253
100248
100242
100236
100230
100225
100218
100213
100206
100201
100195
100189
100183
100177
100171
100166
100159
100154
100148
100142
100136
100130
100124
100118
100112
100106
100100
100095
100089
100083
100077
100071
100065
100059
100053
100048
100041
100036
100030
100532
100517
100517
100503
100503
100491
100489
100478
100477
100466
100464
100454
100452
100442
100439
100430
100427
100418
100415
100407
100403
100395
100391
100383
100380
100372
100368
100360
100356
100348
100344
100337
100332
100325
100321
100313
100309
100302
100297
100290
100285
100278
100274
100267
100262
100255
100250
100243
100238
100232
100226
100220
100215
100208
100203
100196
100191
100185
100179
100173
100168
100161
100156
100149
100144
100138
100132
100126
100120
100114
100108
100102
100097
100090
100085
100079
100073
100067
100061
100055
100049
100043
100037
100031
100026
100020
100014
100008
100003
99996.7
100558
100543
100544
100531
100530
100518
100517
100506
100504
100494
100492
100482
100479
100470
100467
100458
100455
100446
100443
100434
100431
100423
100419
100411
100407
100399
100395
100388
100384
100376
100372
100364
100360
100353
100348
100341
100337
100329
100325
100318
100313
100306
100301
100294
100289
100283
100278
100271
100266
100259
100254
100248
100242
100236
100231
100224
100219
100212
100207
100201
100195
100189
100183
100177
100172
100165
100160
100153
100148
100142
100136
100130
100124
100118
100112
100106
100101
100094
100089
100083
100077
100071
100065
100059
100053
100047
100042
100036
100030
100024
100532
100517
100516
100503
100502
100490
100489
100478
100476
100466
100464
100454
100451
100442
100439
100430
100427
100418
100415
100406
100403
100395
100391
100383
100379
100371
100367
100360
100356
100348
100344
100336
100332
100325
100320
100313
100308
100301
100297
100290
100285
100278
100273
100266
100261
100255
100250
100243
100238
100231
100226
100220
100214
100208
100203
100196
100191
100184
100179
100173
100167
100161
100155
100149
100144
100137
100132
100125
100120
100114
100108
100102
100096
100090
100084
100078
100073
100066
100061
100055
100049
100043
100037
100031
100025
100019
100014
100008
100002
99996.4
100558
100543
100544
100531
100530
100518
100517
100506
100504
100493
100491
100481
100479
100469
100467
100458
100455
100446
100443
100434
100431
100422
100419
100411
100407
100399
100395
100387
100383
100376
100372
100364
100360
100352
100348
100341
100336
100329
100324
100317
100313
100306
100301
100294
100289
100282
100277
100271
100266
100259
100254
100247
100242
100236
100230
100224
100218
100212
100207
100200
100195
100189
100183
100177
100171
100165
100159
100153
100148
100141
100136
100130
100124
100118
100112
100106
100100
100094
100088
100082
100077
100071
100065
100059
100053
100047
100041
100035
100029
100024
100532
100517
100516
100503
100502
100490
100489
100478
100476
100466
100464
100454
100451
100442
100439
100430
100427
100418
100415
100406
100403
100395
100391
100383
100379
100371
100367
100360
100356
100348
100344
100336
100332
100325
100320
100313
100309
100301
100297
100290
100285
100278
100273
100266
100261
100255
100250
100243
100238
100231
100226
100220
100214
100208
100203
100196
100191
100184
100179
100173
100167
100161
100155
100149
100144
100137
100132
100126
100120
100114
100108
100102
100096
100090
100084
100078
100073
100067
100061
100055
100049
100043
100037
100031
100025
100019
100014
100008
100002
99996.4
100558
100543
100544
100531
100530
100518
100517
100506
100504
100494
100491
100482
100479
100470
100467
100458
100455
100446
100443
100434
100431
100423
100419
100411
100407
100399
100395
100388
100383
100376
100372
100364
100360
100353
100348
100341
100336
100329
100325
100318
100313
100306
100301
100294
100289
100283
100278
100271
100266
100259
100254
100247
100242
100236
100230
100224
100219
100212
100207
100200
100195
100189
100183
100177
100171
100165
100160
100153
100148
100142
100136
100130
100124
100118
100112
100106
100100
100094
100089
100083
100077
100071
100065
100059
100053
100047
100042
100036
100030
100024
100532
100517
100517
100504
100503
100491
100490
100479
100477
100466
100464
100454
100452
100442
100439
100430
100427
100419
100415
100407
100403
100395
100392
100384
100380
100372
100368
100360
100356
100349
100344
100337
100333
100325
100321
100314
100309
100302
100297
100290
100286
100279
100274
100267
100262
100255
100250
100244
100238
100232
100227
100220
100215
100208
100203
100197
100191
100185
100180
100173
100168
100161
100156
100150
100144
100138
100132
100126
100120
100114
100109
100102
100097
100091
100085
100079
100073
100067
100061
100055
100049
100043
100038
100032
100026
100020
100014
100008
100003
99996.9
100564
100549
100550
100537
100536
100524
100523
100512
100510
100499
100497
100487
100485
100475
100473
100464
100460
100452
100448
100440
100437
100428
100425
100417
100413
100405
100401
100393
100389
100382
100377
100370
100366
100358
100354
100347
100342
100335
100330
100323
100319
100312
100307
100300
100295
100288
100283
100277
100272
100265
100260
100253
100248
100241
100236
100230
100224
100218
100213
100206
100201
100194
100189
100183
100177
100171
100165
100159
100153
100147
100142
100135
100130
100124
100118
100112
100106
100100
100094
100088
100082
100076
100071
100065
100059
100053
100047
100041
100035
100030
)
;

boundaryField
{
    upperWall
    {
        type            calculated;
        value           nonuniform List<scalar> 
550
(
100581
100550
100542
100550
100581
100568
100552
100541
100552
100568
100573
100546
100540
100546
100573
100564
100547
100539
100547
100564
100568
100543
100538
100543
100568
100561
100544
100537
100544
100561
100565
100541
100536
100541
100565
100559
100542
100535
100542
100559
100562
100539
100534
100539
100562
100557
100540
100533
100540
100557
100560
100538
100532
100538
100560
100555
100538
100532
100538
100555
100557
100536
100531
100536
100557
100553
100536
100530
100536
100553
100555
100535
100529
100535
100555
100552
100535
100529
100535
100552
100553
100534
100528
100534
100553
100550
100533
100528
100533
100550
100551
100532
100527
100532
100551
100548
100532
100526
100532
100548
100564
100518
100524
100518
100564
100549
100508
100516
100508
100549
100550
100507
100514
100507
100550
100537
100498
100506
100498
100537
100536
100496
100504
100496
100536
100524
100487
100496
100487
100524
100523
100485
100494
100485
100523
100512
100476
100486
100476
100512
100510
100474
100483
100474
100510
100499
100465
100475
100465
100499
100497
100463
100473
100463
100497
100487
100454
100465
100454
100487
100485
100451
100462
100451
100485
100475
100443
100454
100443
100475
100473
100440
100451
100440
100473
100464
100431
100443
100431
100464
100460
100428
100440
100428
100460
100452
100420
100432
100420
100452
100448
100417
100429
100417
100448
100440
100409
100421
100409
100440
100437
100405
100418
100405
100437
100428
100397
100410
100397
100428
100425
100394
100406
100394
100425
100417
100386
100398
100386
100417
100413
100382
100395
100382
100413
100405
100374
100387
100374
100405
100401
100370
100383
100370
100401
100393
100363
100376
100363
100393
100389
100359
100372
100359
100389
100382
100351
100364
100351
100382
100377
100347
100360
100347
100377
100370
100340
100353
100340
100370
100366
100335
100348
100335
100366
100358
100328
100341
100328
100358
100354
100324
100337
100324
100354
100347
100316
100330
100316
100347
100342
100312
100325
100312
100342
100335
100305
100318
100305
100335
100330
100300
100313
100300
100330
100323
100293
100306
100293
100323
100319
100288
100302
100288
100319
100312
100281
100295
100281
100312
100307
100277
100290
100277
100307
100300
100270
100283
100270
100300
100295
100265
100278
100265
100295
100288
100258
100271
100258
100288
100283
100253
100266
100253
100283
100277
100246
100260
100246
100277
100272
100241
100255
100241
100272
100265
100235
100248
100235
100265
100260
100230
100243
100230
100260
100253
100223
100236
100223
100253
100248
100218
100231
100218
100248
100241
100211
100225
100211
100241
100236
100206
100219
100206
100236
100230
100200
100213
100200
100230
100224
100194
100208
100194
100224
100218
100188
100201
100188
100218
100213
100182
100196
100182
100213
100206
100176
100189
100176
100206
100201
100171
100184
100171
100201
100194
100164
100178
100164
100194
100189
100159
100172
100159
100189
100183
100152
100166
100152
100183
100177
100147
100160
100147
100177
100171
100141
100154
100141
100171
100165
100135
100148
100135
100165
100159
100129
100142
100129
100159
100153
100123
100137
100123
100153
100147
100117
100130
100117
100147
100142
100111
100125
100111
100142
100135
100105
100119
100105
100135
100130
100100
100113
100100
100130
100124
100093
100107
100093
100124
100118
100088
100101
100088
100118
100112
100082
100095
100082
100112
100106
100076
100089
100076
100106
100100
100070
100083
100070
100100
100094
100064
100077
100064
100094
100088
100058
100071
100058
100088
100082
100052
100065
100052
100082
100076
100046
100059
100046
100076
100071
100040
100053
100040
100071
100065
100034
100047
100034
100065
100059
100028
100041
100028
100059
100053
100022
100035
100022
100053
100047
100016
100029
100016
100047
100041
100010
100023
100010
100041
100035
100004
100018
100004
100035
100030
99998.2
100012
99998.2
100030
)
;
    }
    lowerWall
    {
        type            calculated;
        value           nonuniform List<scalar> 
100
(
100581
100550
100542
100550
100581
100568
100552
100541
100552
100568
100573
100546
100540
100546
100573
100564
100547
100539
100547
100564
100568
100543
100538
100543
100568
100561
100544
100537
100544
100561
100565
100541
100536
100541
100565
100559
100542
100535
100542
100559
100562
100539
100534
100539
100562
100557
100540
100533
100540
100557
100560
100538
100532
100538
100560
100555
100538
100532
100538
100555
100557
100536
100531
100536
100557
100553
100536
100530
100536
100553
100555
100535
100529
100535
100555
100552
100535
100529
100535
100552
100553
100534
100528
100534
100553
100550
100533
100528
100533
100550
100551
100532
100527
100532
100551
100548
100532
100526
100532
100548
)
;
    }
    heatedWall
    {
        type            calculated;
        value           nonuniform List<scalar> 
450
(
100564
100518
100524
100518
100564
100550
100508
100516
100508
100550
100550
100506
100514
100506
100550
100537
100498
100506
100498
100537
100536
100496
100504
100496
100536
100524
100487
100496
100487
100524
100523
100485
100494
100485
100523
100512
100476
100486
100476
100512
100510
100474
100483
100474
100510
100500
100465
100475
100465
100500
100497
100462
100473
100462
100497
100488
100454
100465
100454
100488
100485
100451
100462
100451
100485
100476
100442
100454
100442
100476
100473
100440
100451
100440
100473
100464
100431
100443
100431
100464
100461
100428
100440
100428
100461
100452
100420
100432
100420
100452
100449
100417
100429
100417
100449
100440
100408
100421
100408
100440
100437
100405
100418
100405
100437
100429
100397
100410
100397
100429
100425
100393
100406
100393
100425
100417
100385
100398
100385
100417
100413
100382
100395
100382
100413
100405
100374
100387
100374
100405
100401
100370
100383
100370
100401
100394
100362
100376
100362
100394
100390
100358
100372
100358
100390
100382
100351
100364
100351
100382
100378
100347
100360
100347
100378
100370
100339
100353
100339
100370
100366
100335
100348
100335
100366
100359
100328
100341
100328
100359
100354
100323
100337
100323
100354
100347
100316
100330
100316
100347
100342
100312
100325
100312
100342
100335
100305
100318
100305
100335
100331
100300
100313
100300
100331
100324
100293
100306
100293
100324
100319
100288
100302
100288
100319
100312
100281
100295
100281
100312
100307
100276
100290
100276
100307
100300
100270
100283
100270
100300
100295
100265
100278
100265
100295
100289
100258
100271
100258
100289
100284
100253
100266
100253
100284
100277
100246
100260
100246
100277
100272
100241
100255
100241
100272
100265
100235
100248
100235
100265
100260
100229
100243
100229
100260
100253
100223
100236
100223
100253
100248
100218
100231
100218
100248
100242
100211
100225
100211
100242
100236
100206
100219
100206
100236
100230
100199
100213
100199
100230
100225
100194
100208
100194
100225
100218
100188
100201
100188
100218
100213
100182
100196
100182
100213
100206
100176
100189
100176
100206
100201
100170
100184
100170
100201
100195
100164
100178
100164
100195
100189
100159
100172
100159
100189
100183
100152
100166
100152
100183
100177
100147
100160
100147
100177
100171
100141
100154
100141
100171
100166
100135
100148
100135
100166
100159
100129
100142
100129
100159
100154
100123
100137
100123
100154
100148
100117
100130
100117
100148
100142
100111
100125
100111
100142
100136
100105
100119
100105
100136
100130
100099
100113
100099
100130
100124
100093
100107
100093
100124
100118
100088
100101
100088
100118
100112
100081
100095
100081
100112
100106
100076
100089
100076
100106
100100
100070
100083
100070
100100
100095
100064
100077
100064
100095
100089
100058
100071
100058
100089
100083
100052
100065
100052
100083
100077
100046
100059
100046
100077
100071
100040
100053
100040
100071
100065
100034
100047
100034
100065
100059
100028
100041
100028
100059
100053
100022
100035
100022
100053
100048
100016
100029
100016
100048
100041
100010
100023
100010
100041
100036
100004
100018
100004
100036
100030
99998
100012
99998
100030
)
;
    }
    inlet
    {
        type            calculated;
        value           nonuniform List<scalar> 
45
(
100581
100567
100576
100565
100576
100565
100576
100567
100581
100550
100559
100550
100559
100550
100559
100550
100559
100550
100542
100542
100542
100542
100542
100542
100542
100542
100542
100550
100559
100550
100559
100550
100559
100550
100559
100550
100581
100567
100576
100565
100576
100565
100576
100567
100581
)
;
    }
    outlet
    {
        type            calculated;
        value           nonuniform List<scalar> 
45
(
100022
99997.5
100018
99997.3
100018
99997.3
100018
99997.6
100022
99998.5
100021
99999.4
100020
99999.6
100020
99999.4
100021
99998.7
100009
100009
100009
100009
100008
100009
100009
100009
100009
99998.5
100021
99999.4
100020
99999.6
100020
99999.4
100021
99998.7
100022
99997.5
100018
99997.3
100018
99997.3
100018
99997.6
100022
)
;
    }
    frontAndBack
    {
        type            empty;
    }
}


// ************************************************************************* //
