/*--------------------------------*- C++ -*----------------------------------*\
  =========                 |
  \\      /  F ield         | OpenFOAM: The Open Source CFD Toolbox
   \\    /   O peration     | Website:  https://openfoam.org
    \\  /    A nd           | Version:  7
     \\/     M anipulation  |
\*---------------------------------------------------------------------------*/
FoamFile
{
    version     2.0;
    format      ascii;
    class       volScalarField;
    location    "0.4275";
    object      pMean;
}
// * * * * * * * * * * * * * * * * * * * * * * * * * * * * * * * * * * * * * //

dimensions      [1 -1 -2 0 0 0 0];

internalField   nonuniform List<scalar> 
4950
(
100934
100919
100924
100913
100917
100908
100911
100904
100906
100899
100901
100895
100896
100890
100891
100886
100886
100882
100882
100877
100920
100907
100912
100901
100905
100896
100900
100892
100894
100887
100889
100883
100884
100879
100879
100874
100874
100870
100869
100865
100929
100917
100922
100911
100915
100906
100909
100902
100904
100897
100899
100893
100894
100888
100889
100884
100884
100880
100880
100875
100919
100908
100912
100901
100905
100896
100900
100892
100894
100887
100889
100883
100884
100879
100879
100874
100874
100870
100869
100865
100929
100917
100922
100911
100915
100906
100909
100902
100904
100897
100899
100893
100894
100888
100889
100884
100884
100880
100880
100875
100919
100908
100912
100901
100905
100896
100900
100892
100894
100887
100889
100883
100884
100879
100879
100874
100874
100870
100869
100865
100929
100917
100922
100911
100915
100906
100909
100902
100904
100897
100899
100893
100894
100888
100889
100884
100884
100880
100880
100875
100920
100907
100912
100901
100905
100896
100900
100892
100894
100887
100889
100883
100884
100879
100879
100874
100874
100870
100869
100865
100934
100919
100924
100913
100917
100908
100911
100904
100906
100899
100901
100895
100896
100890
100891
100886
100886
100882
100882
100877
100902
100901
100896
100895
100891
100890
100887
100885
100883
100881
100879
100877
100875
100873
100871
100869
100867
100865
100863
100861
100911
100911
100906
100905
100901
100900
100897
100895
100893
100891
100889
100887
100885
100883
100881
100879
100877
100875
100874
100872
100902
100901
100896
100895
100891
100890
100887
100885
100883
100881
100879
100877
100875
100873
100871
100869
100867
100865
100863
100861
100910
100910
100906
100905
100901
100900
100897
100895
100893
100891
100889
100887
100885
100883
100881
100879
100877
100875
100874
100872
100901
100901
100896
100895
100891
100890
100887
100885
100883
100881
100879
100877
100875
100873
100871
100869
100867
100865
100862
100861
100910
100910
100906
100905
100901
100900
100897
100895
100893
100891
100889
100887
100885
100883
100881
100879
100877
100875
100874
100872
100902
100901
100896
100895
100891
100890
100887
100885
100883
100881
100879
100877
100875
100873
100871
100869
100867
100865
100863
100861
100911
100911
100906
100905
100901
100900
100897
100895
100893
100891
100889
100887
100885
100883
100881
100879
100877
100875
100874
100872
100902
100901
100896
100895
100891
100890
100887
100885
100883
100881
100879
100877
100875
100873
100871
100869
100867
100865
100863
100861
100893
100889
100889
100885
100884
100881
100880
100878
100876
100874
100872
100870
100869
100866
100865
100863
100861
100859
100857
100855
100893
100889
100889
100885
100884
100881
100880
100878
100876
100874
100872
100870
100869
100866
100865
100863
100861
100859
100857
100855
100893
100889
100889
100885
100884
100881
100880
100878
100876
100874
100872
100870
100869
100866
100865
100863
100861
100859
100857
100855
100893
100889
100889
100885
100884
100881
100880
100878
100876
100874
100873
100870
100869
100866
100865
100863
100861
100859
100857
100855
100893
100889
100889
100885
100884
100881
100880
100878
100876
100874
100872
100870
100869
100866
100865
100863
100861
100859
100857
100855
100893
100889
100889
100885
100884
100881
100880
100878
100876
100874
100873
100870
100869
100866
100865
100863
100861
100859
100857
100855
100893
100889
100889
100885
100884
100881
100880
100878
100876
100874
100872
100870
100869
100866
100865
100863
100861
100859
100857
100855
100893
100889
100889
100885
100884
100881
100880
100878
100876
100874
100872
100870
100869
100866
100865
100863
100861
100859
100857
100855
100893
100889
100889
100885
100884
100881
100880
100878
100876
100874
100872
100870
100869
100866
100865
100863
100861
100859
100857
100855
100902
100901
100896
100895
100891
100890
100887
100885
100883
100881
100879
100877
100875
100873
100871
100869
100867
100865
100863
100861
100911
100911
100906
100905
100901
100900
100897
100895
100893
100891
100889
100887
100885
100883
100881
100879
100877
100875
100874
100872
100902
100901
100896
100895
100891
100890
100887
100885
100883
100881
100879
100877
100875
100873
100871
100869
100867
100865
100863
100861
100910
100910
100906
100905
100901
100900
100897
100895
100893
100891
100889
100887
100885
100883
100881
100879
100877
100875
100874
100872
100901
100901
100896
100895
100891
100890
100887
100885
100883
100881
100879
100877
100875
100873
100871
100869
100867
100865
100862
100861
100910
100910
100906
100905
100901
100900
100897
100895
100893
100891
100889
100887
100885
100883
100881
100879
100877
100875
100874
100872
100902
100901
100896
100895
100891
100890
100887
100885
100883
100881
100879
100877
100875
100873
100871
100869
100867
100865
100863
100861
100911
100911
100906
100905
100901
100900
100897
100895
100893
100891
100889
100887
100885
100883
100881
100879
100877
100875
100874
100872
100902
100901
100896
100895
100891
100890
100887
100885
100883
100881
100879
100877
100875
100873
100871
100869
100867
100865
100863
100861
100934
100919
100924
100913
100917
100908
100911
100904
100906
100899
100901
100895
100896
100890
100891
100886
100886
100882
100882
100877
100920
100907
100912
100901
100905
100896
100900
100892
100894
100887
100889
100883
100884
100879
100879
100874
100874
100870
100869
100865
100929
100917
100922
100911
100915
100906
100909
100902
100904
100897
100899
100893
100894
100888
100889
100884
100884
100880
100880
100875
100919
100908
100912
100901
100905
100896
100900
100892
100894
100887
100889
100883
100884
100879
100879
100874
100874
100870
100869
100865
100929
100917
100922
100911
100915
100906
100909
100902
100904
100897
100899
100893
100894
100888
100889
100884
100884
100880
100880
100875
100919
100908
100912
100901
100905
100896
100900
100892
100894
100887
100889
100883
100884
100879
100879
100874
100874
100870
100869
100865
100929
100917
100922
100911
100915
100906
100909
100902
100904
100897
100899
100893
100894
100888
100889
100884
100884
100880
100880
100875
100920
100907
100912
100901
100905
100896
100900
100892
100894
100887
100889
100883
100884
100879
100879
100874
100874
100870
100869
100865
100934
100919
100924
100913
100917
100908
100911
100904
100906
100899
100901
100895
100896
100890
100891
100886
100886
100882
100882
100877
100891
100869
100867
100847
100844
100826
100822
100804
100800
100784
100779
100763
100758
100743
100737
100722
100717
100702
100696
100682
100676
100662
100656
100643
100636
100623
100616
100603
100596
100584
100576
100564
100557
100545
100537
100526
100518
100506
100498
100487
100479
100468
100460
100449
100441
100430
100422
100411
100403
100392
100384
100373
100365
100355
100346
100336
100328
100318
100309
100299
100291
100281
100273
100263
100254
100245
100236
100227
100218
100209
100201
100191
100183
100174
100165
100156
100148
100139
100130
100121
100113
100104
100095
100086
100078
100069
100060
100051
100043
100034
100859
100837
100834
100814
100811
100793
100789
100772
100768
100751
100746
100730
100725
100710
100705
100690
100684
100670
100664
100650
100643
100630
100623
100610
100603
100590
100583
100571
100564
100551
100544
100532
100524
100512
100505
100493
100485
100474
100466
100455
100447
100435
100427
100416
100408
100397
100389
100379
100370
100360
100351
100341
100333
100322
100314
100304
100295
100285
100277
100267
100259
100249
100240
100231
100222
100212
100204
100194
100186
100177
100168
100159
100150
100141
100133
100124
100115
100106
100098
100089
100080
100071
100063
100054
100045
100036
100028
100019
100011
100002
100884
100863
100861
100841
100838
100820
100816
100798
100794
100778
100773
100757
100752
100737
100731
100716
100711
100696
100690
100676
100670
100656
100650
100637
100630
100617
100610
100597
100590
100578
100570
100558
100551
100539
100531
100520
100512
100500
100492
100481
100473
100462
100454
100443
100435
100424
100416
100405
100397
100386
100378
100368
100359
100349
100341
100330
100322
100312
100304
100294
100285
100275
100267
100257
100249
100239
100231
100221
100213
100203
100195
100185
100177
100168
100159
100150
100142
100133
100124
100115
100107
100098
100089
100080
100072
100063
100054
100046
100037
100028
100859
100836
100834
100814
100811
100792
100789
100771
100767
100750
100746
100730
100725
100709
100704
100689
100683
100669
100663
100649
100643
100629
100623
100610
100603
100590
100583
100570
100563
100551
100543
100531
100524
100512
100504
100492
100485
100473
100465
100454
100446
100435
100427
100416
100408
100397
100389
100378
100370
100359
100351
100340
100332
100322
100313
100303
100295
100285
100276
100267
100258
100248
100240
100230
100222
100212
100203
100194
100185
100176
100168
100158
100150
100141
100132
100123
100115
100106
100097
100088
100080
100071
100062
100053
100045
100036
100027
100019
100010
100002
100884
100862
100861
100841
100838
100819
100816
100798
100794
100777
100773
100757
100752
100736
100731
100716
100710
100696
100690
100676
100670
100656
100650
100636
100630
100617
100610
100597
100590
100578
100570
100558
100551
100539
100531
100519
100512
100500
100492
100481
100473
100462
100454
100443
100435
100424
100416
100405
100397
100386
100378
100367
100359
100349
100340
100330
100322
100312
100303
100293
100285
100275
100267
100257
100248
100239
100230
100221
100212
100203
100194
100185
100177
100168
100159
100150
100142
100133
100124
100115
100107
100098
100089
100080
100072
100063
100054
100045
100037
100028
100859
100836
100834
100814
100811
100792
100789
100771
100767
100750
100746
100730
100725
100710
100704
100689
100683
100669
100663
100649
100643
100629
100623
100610
100603
100590
100583
100570
100563
100551
100543
100531
100524
100512
100504
100492
100485
100473
100465
100454
100446
100435
100427
100416
100408
100397
100389
100378
100370
100359
100351
100340
100332
100322
100313
100303
100295
100285
100276
100267
100258
100248
100240
100230
100222
100212
100203
100194
100185
100176
100168
100158
100150
100141
100132
100123
100115
100106
100097
100088
100080
100071
100062
100053
100045
100036
100027
100019
100010
100002
100884
100863
100861
100841
100838
100820
100816
100798
100794
100778
100773
100757
100752
100737
100731
100716
100711
100696
100690
100676
100670
100656
100650
100637
100630
100617
100610
100597
100590
100578
100570
100558
100551
100539
100531
100520
100512
100500
100492
100481
100473
100462
100454
100443
100435
100424
100416
100405
100397
100386
100378
100368
100359
100349
100341
100330
100322
100312
100303
100294
100285
100275
100267
100257
100249
100239
100230
100221
100212
100203
100195
100185
100177
100168
100159
100150
100142
100133
100124
100115
100107
100098
100089
100080
100072
100063
100054
100046
100037
100028
100859
100837
100834
100814
100811
100793
100789
100772
100768
100751
100746
100730
100725
100710
100705
100690
100684
100670
100664
100650
100643
100630
100623
100610
100603
100590
100583
100571
100564
100551
100544
100532
100524
100512
100505
100493
100485
100474
100466
100455
100447
100435
100427
100416
100408
100397
100389
100379
100370
100360
100351
100341
100333
100322
100314
100304
100295
100285
100277
100267
100259
100249
100240
100231
100222
100212
100204
100195
100186
100177
100168
100159
100150
100141
100133
100124
100115
100106
100098
100089
100080
100071
100063
100054
100045
100036
100028
100019
100011
100002
100891
100869
100867
100847
100844
100825
100822
100804
100800
100783
100779
100763
100758
100743
100737
100722
100716
100702
100696
100682
100676
100662
100656
100642
100636
100623
100616
100603
100596
100584
100576
100564
100557
100545
100537
100525
100518
100506
100498
100487
100479
100468
100460
100449
100441
100430
100422
100411
100403
100392
100384
100373
100365
100355
100346
100336
100328
100318
100309
100299
100291
100281
100273
100263
100254
100245
100236
100227
100218
100209
100200
100191
100183
100174
100165
100156
100147
100139
100130
100121
100112
100104
100095
100086
100078
100069
100060
100051
100043
100034
100845
100828
100825
100809
100805
100789
100785
100770
100765
100750
100745
100730
100725
100711
100705
100691
100685
100671
100665
100652
100646
100632
100626
100613
100606
100593
100586
100574
100566
100554
100547
100535
100527
100515
100508
100496
100488
100477
100469
100458
100450
100439
100430
100419
100411
100401
100392
100382
100373
100363
100355
100344
100336
100325
100317
100307
100298
100288
100280
100270
100262
100252
100243
100234
100225
100215
100207
100197
100189
100180
100171
100162
100153
100144
100136
100127
100118
100109
100101
100092
100083
100074
100065
100057
100048
100039
100030
100022
100013
100004
100873
100857
100854
100838
100834
100818
100814
100799
100794
100779
100774
100760
100754
100740
100734
100720
100714
100700
100694
100681
100675
100661
100655
100642
100635
100622
100615
100603
100595
100583
100576
100564
100556
100544
100537
100525
100517
100506
100498
100487
100479
100467
100459
100448
100440
100429
100421
100411
100402
100392
100383
100373
100365
100354
100346
100336
100327
100317
100309
100299
100291
100281
100272
100263
100254
100244
100236
100226
100218
100209
100200
100191
100182
100173
100165
100156
100147
100138
100129
100121
100112
100103
100094
100086
100077
100068
100059
100051
100042
100033
100847
100830
100826
100810
100806
100790
100786
100771
100766
100751
100746
100732
100726
100712
100706
100692
100686
100672
100666
100653
100647
100633
100627
100614
100607
100594
100587
100575
100567
100555
100548
100536
100528
100516
100509
100497
100489
100478
100470
100459
100451
100440
100432
100421
100412
100402
100393
100383
100374
100364
100356
100345
100337
100326
100318
100308
100299
100289
100281
100271
100263
100253
100244
100235
100226
100217
100208
100199
100190
100181
100172
100163
100154
100145
100137
100128
100119
100110
100102
100093
100084
100075
100067
100058
100049
100040
100031
100023
100014
100005
100873
100856
100853
100837
100834
100818
100814
100798
100794
100779
100774
100759
100754
100740
100734
100720
100714
100700
100694
100680
100674
100661
100654
100641
100635
100622
100615
100602
100595
100583
100575
100563
100556
100544
100536
100525
100517
100505
100498
100486
100478
100467
100459
100448
100440
100429
100421
100410
100402
100391
100383
100373
100364
100354
100346
100335
100327
100317
100309
100299
100290
100280
100272
100262
100254
100244
100236
100226
100218
100208
100200
100190
100182
100173
100164
100155
100147
100138
100129
100120
100112
100103
100094
100085
100076
100068
100059
100050
100041
100032
100847
100830
100826
100810
100806
100791
100787
100771
100767
100751
100747
100732
100727
100712
100707
100692
100687
100673
100667
100653
100647
100633
100627
100614
100607
100594
100587
100575
100568
100555
100548
100536
100528
100517
100509
100497
100490
100478
100470
100459
100451
100440
100432
100421
100413
100402
100394
100383
100375
100364
100356
100345
100337
100327
100318
100308
100300
100290
100281
100271
100263
100253
100245
100235
100226
100217
100208
100199
100190
100181
100172
100163
100155
100145
100137
100128
100119
100110
100102
100093
100084
100075
100067
100058
100049
100040
100032
100023
100014
100006
100873
100856
100853
100837
100834
100818
100814
100798
100794
100779
100774
100759
100754
100739
100734
100720
100714
100700
100694
100680
100674
100661
100654
100641
100634
100622
100615
100602
100595
100583
100575
100563
100556
100544
100536
100525
100517
100505
100498
100486
100478
100467
100459
100448
100440
100429
100421
100410
100402
100391
100383
100373
100364
100354
100346
100335
100327
100317
100309
100299
100290
100280
100272
100262
100254
100244
100235
100226
100217
100208
100200
100190
100182
100173
100164
100155
100147
100138
100129
100120
100112
100103
100094
100085
100076
100068
100059
100050
100041
100032
100847
100830
100826
100810
100806
100790
100786
100771
100766
100751
100746
100732
100726
100712
100706
100692
100686
100672
100666
100653
100647
100633
100627
100614
100607
100594
100587
100575
100567
100555
100548
100536
100528
100516
100509
100497
100489
100478
100470
100459
100451
100440
100432
100421
100412
100402
100393
100383
100374
100364
100356
100345
100337
100326
100318
100308
100299
100289
100281
100271
100263
100253
100244
100235
100226
100217
100208
100199
100190
100181
100172
100163
100154
100145
100137
100128
100119
100110
100102
100093
100084
100075
100067
100058
100049
100040
100031
100023
100014
100005
100873
100857
100853
100838
100834
100818
100814
100799
100794
100779
100774
100759
100754
100740
100734
100720
100714
100700
100694
100681
100674
100661
100655
100641
100635
100622
100615
100602
100595
100583
100576
100564
100556
100544
100537
100525
100517
100506
100498
100486
100479
100467
100459
100448
100440
100429
100421
100410
100402
100392
100383
100373
100365
100354
100346
100336
100327
100317
100309
100299
100290
100281
100272
100262
100254
100244
100236
100226
100218
100208
100200
100191
100182
100173
100164
100155
100147
100138
100129
100120
100112
100103
100094
100085
100077
100068
100059
100050
100041
100033
100845
100828
100825
100809
100805
100789
100785
100770
100765
100750
100745
100730
100725
100711
100705
100691
100685
100671
100665
100652
100646
100632
100626
100613
100606
100593
100586
100574
100566
100554
100547
100535
100527
100515
100508
100496
100488
100477
100469
100458
100450
100439
100430
100419
100411
100401
100392
100382
100373
100363
100355
100344
100336
100325
100317
100307
100298
100288
100280
100270
100262
100252
100243
100234
100225
100215
100207
100197
100189
100180
100171
100162
100153
100144
100136
100127
100118
100109
100101
100092
100083
100074
100065
100057
100048
100039
100030
100022
100013
100004
100851
100836
100831
100817
100813
100799
100794
100780
100775
100761
100756
100742
100737
100722
100717
100703
100697
100684
100678
100664
100658
100645
100639
100626
100619
100606
100599
100587
100580
100567
100560
100548
100541
100529
100521
100509
100502
100490
100482
100471
100463
100452
100444
100433
100425
100414
100406
100395
100387
100376
100368
100357
100349
100339
100330
100320
100312
100302
100293
100283
100275
100265
100257
100247
100238
100229
100220
100211
100202
100193
100184
100175
100167
100157
100149
100140
100131
100122
100114
100105
100096
100087
100079
100070
100061
100052
100043
100035
100026
100017
100851
100836
100832
100817
100813
100799
100794
100780
100775
100761
100756
100742
100737
100723
100717
100703
100698
100684
100678
100665
100658
100645
100639
100626
100619
100606
100599
100587
100580
100567
100560
100548
100541
100529
100521
100510
100502
100490
100483
100471
100463
100452
100444
100433
100425
100414
100406
100395
100387
100376
100368
100358
100349
100339
100331
100320
100312
100302
100294
100284
100275
100265
100257
100247
100239
100229
100220
100211
100202
100193
100185
100175
100167
100158
100149
100140
100131
100123
100114
100105
100096
100087
100079
100070
100061
100052
100044
100035
100026
100017
100851
100836
100831
100817
100813
100798
100794
100780
100775
100761
100756
100742
100736
100722
100717
100703
100697
100684
100678
100664
100658
100645
100638
100625
100619
100606
100599
100587
100579
100567
100560
100548
100540
100528
100521
100509
100502
100490
100482
100471
100463
100452
100444
100433
100425
100414
100406
100395
100387
100376
100368
100357
100349
100339
100330
100320
100312
100302
100293
100283
100275
100265
100256
100247
100238
100229
100220
100211
100202
100193
100184
100175
100166
100157
100149
100140
100131
100122
100114
100105
100096
100087
100078
100070
100061
100052
100043
100034
100026
100017
100851
100836
100832
100817
100813
100799
100794
100780
100775
100761
100756
100742
100737
100723
100717
100703
100698
100684
100678
100665
100658
100645
100639
100626
100619
100606
100599
100587
100580
100568
100560
100548
100541
100529
100521
100510
100502
100490
100483
100471
100463
100452
100444
100433
100425
100414
100406
100395
100387
100377
100368
100358
100349
100339
100331
100321
100312
100302
100294
100284
100275
100265
100257
100247
100239
100229
100221
100211
100203
100193
100185
100175
100167
100158
100149
100140
100132
100123
100114
100105
100096
100088
100079
100070
100061
100052
100044
100035
100026
100017
100851
100836
100831
100817
100813
100798
100794
100780
100775
100761
100756
100741
100736
100722
100717
100703
100697
100684
100678
100664
100658
100645
100638
100625
100619
100606
100599
100586
100579
100567
100560
100548
100540
100528
100521
100509
100501
100490
100482
100471
100463
100452
100444
100433
100425
100414
100406
100395
100387
100376
100368
100357
100349
100339
100330
100320
100312
100302
100293
100283
100275
100265
100256
100247
100238
100229
100220
100211
100202
100193
100184
100175
100166
100157
100149
100140
100131
100122
100113
100105
100096
100087
100078
100069
100061
100052
100043
100034
100026
100017
100851
100836
100832
100817
100813
100799
100794
100780
100775
100761
100756
100742
100737
100723
100717
100703
100698
100684
100678
100665
100658
100645
100639
100626
100619
100606
100599
100587
100580
100568
100560
100548
100541
100529
100521
100510
100502
100490
100483
100471
100463
100452
100444
100433
100425
100414
100406
100395
100387
100377
100368
100358
100349
100339
100331
100321
100312
100302
100294
100284
100275
100265
100257
100247
100239
100229
100221
100211
100202
100193
100185
100175
100167
100158
100149
100140
100132
100123
100114
100105
100096
100088
100079
100070
100061
100052
100044
100035
100026
100017
100851
100836
100831
100817
100813
100798
100794
100780
100775
100761
100756
100742
100736
100722
100717
100703
100697
100684
100678
100664
100658
100645
100638
100625
100619
100606
100599
100586
100579
100567
100560
100548
100540
100528
100521
100509
100501
100490
100482
100471
100463
100452
100444
100433
100425
100414
100406
100395
100387
100376
100368
100357
100349
100339
100330
100320
100312
100302
100293
100283
100275
100265
100256
100247
100238
100229
100220
100211
100202
100193
100184
100175
100166
100157
100149
100140
100131
100122
100114
100105
100096
100087
100078
100069
100061
100052
100043
100034
100026
100017
100851
100836
100832
100817
100813
100799
100794
100780
100775
100761
100756
100742
100737
100723
100717
100703
100698
100684
100678
100665
100658
100645
100639
100626
100619
100606
100599
100587
100580
100567
100560
100548
100541
100529
100521
100510
100502
100490
100483
100471
100463
100452
100444
100433
100425
100414
100406
100395
100387
100376
100368
100358
100349
100339
100331
100320
100312
100302
100294
100284
100275
100265
100257
100247
100239
100229
100220
100211
100202
100193
100185
100175
100167
100158
100149
100140
100131
100123
100114
100105
100096
100087
100079
100070
100061
100052
100044
100035
100026
100017
100851
100836
100831
100817
100813
100799
100794
100780
100775
100761
100756
100742
100737
100722
100717
100703
100697
100684
100678
100664
100658
100645
100638
100625
100619
100606
100599
100587
100580
100567
100560
100548
100540
100529
100521
100509
100502
100490
100482
100471
100463
100452
100444
100433
100425
100414
100406
100395
100387
100376
100368
100357
100349
100339
100330
100320
100312
100302
100293
100283
100275
100265
100257
100247
100238
100229
100220
100211
100202
100193
100184
100175
100167
100157
100149
100140
100131
100122
100114
100105
100096
100087
100078
100070
100061
100052
100043
100035
100026
100017
100845
100828
100825
100809
100805
100789
100785
100770
100765
100750
100745
100730
100725
100711
100705
100691
100685
100671
100665
100652
100646
100632
100626
100613
100606
100593
100586
100574
100566
100554
100547
100535
100527
100515
100508
100496
100488
100477
100469
100458
100450
100439
100430
100419
100411
100401
100392
100382
100373
100363
100355
100344
100336
100325
100317
100307
100298
100288
100280
100270
100262
100252
100243
100234
100225
100215
100207
100197
100189
100180
100171
100162
100153
100144
100136
100127
100118
100109
100101
100092
100083
100074
100065
100057
100048
100039
100030
100022
100013
100004
100873
100857
100854
100838
100834
100818
100814
100799
100794
100779
100774
100760
100754
100740
100734
100720
100714
100700
100694
100681
100675
100661
100655
100642
100635
100622
100615
100603
100595
100583
100576
100564
100556
100544
100537
100525
100517
100506
100498
100487
100479
100467
100459
100448
100440
100429
100421
100411
100402
100392
100383
100373
100365
100354
100346
100336
100327
100317
100309
100299
100291
100281
100272
100263
100254
100244
100236
100226
100218
100209
100200
100191
100182
100173
100165
100156
100147
100138
100129
100121
100112
100103
100094
100086
100077
100068
100059
100051
100042
100033
100847
100830
100826
100810
100806
100790
100786
100771
100766
100751
100746
100732
100726
100712
100706
100692
100686
100672
100666
100653
100647
100633
100627
100614
100607
100594
100587
100575
100567
100555
100548
100536
100528
100516
100509
100497
100489
100478
100470
100459
100451
100440
100432
100421
100412
100402
100393
100383
100374
100364
100356
100345
100337
100326
100318
100308
100299
100289
100281
100271
100263
100253
100244
100235
100226
100217
100208
100199
100190
100181
100172
100163
100154
100145
100137
100128
100119
100110
100102
100093
100084
100075
100067
100058
100049
100040
100031
100023
100014
100005
100873
100856
100853
100837
100834
100818
100814
100798
100794
100779
100774
100759
100754
100740
100734
100720
100714
100700
100694
100680
100674
100661
100654
100641
100635
100622
100615
100602
100595
100583
100575
100563
100556
100544
100536
100525
100517
100505
100498
100486
100478
100467
100459
100448
100440
100429
100421
100410
100402
100391
100383
100373
100364
100354
100346
100335
100327
100317
100309
100299
100290
100280
100272
100262
100254
100244
100236
100226
100218
100208
100200
100190
100182
100173
100164
100155
100147
100138
100129
100120
100112
100103
100094
100085
100076
100068
100059
100050
100041
100032
100847
100830
100826
100810
100806
100791
100787
100771
100767
100751
100747
100732
100727
100712
100707
100692
100687
100673
100667
100653
100647
100633
100627
100614
100607
100594
100587
100575
100568
100555
100548
100536
100528
100517
100509
100497
100490
100478
100470
100459
100451
100440
100432
100421
100413
100402
100394
100383
100375
100364
100356
100345
100337
100327
100318
100308
100300
100290
100281
100271
100263
100253
100245
100235
100226
100217
100208
100199
100190
100181
100172
100163
100155
100145
100137
100128
100119
100110
100102
100093
100084
100075
100067
100058
100049
100040
100032
100023
100014
100006
100873
100856
100853
100837
100834
100818
100814
100798
100794
100779
100774
100759
100754
100739
100734
100720
100714
100700
100694
100680
100674
100661
100654
100641
100634
100622
100615
100602
100595
100583
100575
100563
100556
100544
100536
100525
100517
100505
100498
100486
100478
100467
100459
100448
100440
100429
100421
100410
100402
100391
100383
100373
100364
100354
100346
100335
100327
100317
100309
100299
100290
100280
100272
100262
100254
100244
100235
100226
100217
100208
100200
100190
100182
100173
100164
100155
100147
100138
100129
100120
100112
100103
100094
100085
100076
100068
100059
100050
100041
100032
100847
100830
100826
100810
100806
100790
100786
100771
100766
100751
100746
100732
100726
100712
100706
100692
100686
100672
100666
100653
100647
100633
100627
100614
100607
100594
100587
100575
100567
100555
100548
100536
100528
100516
100509
100497
100489
100478
100470
100459
100451
100440
100432
100421
100412
100402
100393
100383
100374
100364
100356
100345
100337
100326
100318
100308
100299
100289
100281
100271
100263
100253
100244
100235
100226
100217
100208
100199
100190
100181
100172
100163
100154
100145
100137
100128
100119
100110
100102
100093
100084
100075
100067
100058
100049
100040
100031
100023
100014
100005
100873
100857
100853
100838
100834
100818
100814
100799
100794
100779
100774
100759
100754
100740
100734
100720
100714
100700
100694
100681
100674
100661
100655
100641
100635
100622
100615
100602
100595
100583
100576
100564
100556
100544
100537
100525
100517
100506
100498
100486
100479
100467
100459
100448
100440
100429
100421
100410
100402
100392
100383
100373
100365
100354
100346
100336
100327
100317
100309
100299
100290
100281
100272
100262
100254
100244
100236
100226
100218
100208
100200
100191
100182
100173
100164
100155
100147
100138
100129
100120
100112
100103
100094
100085
100077
100068
100059
100050
100041
100033
100845
100828
100825
100809
100805
100789
100785
100770
100765
100750
100745
100730
100725
100711
100705
100691
100685
100671
100665
100652
100646
100632
100626
100613
100606
100593
100586
100574
100566
100554
100547
100535
100527
100515
100508
100496
100488
100477
100469
100458
100450
100439
100430
100419
100411
100401
100392
100382
100373
100363
100355
100344
100336
100325
100317
100307
100298
100288
100280
100270
100262
100252
100243
100234
100225
100215
100207
100197
100189
100180
100171
100162
100153
100144
100136
100127
100118
100109
100101
100092
100083
100074
100065
100057
100048
100039
100030
100022
100013
100004
100891
100869
100867
100847
100844
100826
100822
100804
100800
100784
100779
100763
100758
100743
100737
100722
100717
100702
100696
100682
100676
100662
100656
100643
100636
100623
100616
100603
100596
100584
100576
100564
100557
100545
100537
100526
100518
100506
100498
100487
100479
100468
100460
100449
100441
100430
100422
100411
100403
100392
100384
100373
100365
100355
100346
100336
100328
100318
100309
100299
100291
100281
100273
100263
100254
100245
100236
100227
100218
100209
100201
100191
100183
100174
100165
100156
100148
100139
100130
100121
100113
100104
100095
100086
100078
100069
100060
100051
100043
100034
100859
100837
100834
100814
100811
100793
100789
100772
100768
100751
100746
100730
100725
100710
100705
100690
100684
100670
100664
100650
100643
100630
100623
100610
100603
100590
100583
100571
100564
100551
100544
100532
100524
100512
100505
100493
100485
100474
100466
100455
100447
100435
100427
100416
100408
100397
100389
100379
100370
100360
100351
100341
100333
100322
100314
100304
100295
100285
100277
100267
100259
100249
100240
100231
100222
100212
100204
100194
100186
100177
100168
100159
100150
100141
100133
100124
100115
100106
100098
100089
100080
100071
100063
100054
100045
100036
100028
100019
100011
100002
100884
100863
100861
100841
100838
100820
100816
100798
100794
100778
100773
100757
100752
100737
100731
100716
100711
100696
100690
100676
100670
100656
100650
100637
100630
100617
100610
100597
100590
100578
100570
100558
100551
100539
100531
100520
100512
100500
100492
100481
100473
100462
100454
100443
100435
100424
100416
100405
100397
100386
100378
100368
100359
100349
100341
100330
100322
100312
100304
100294
100285
100275
100267
100257
100249
100239
100231
100221
100213
100203
100195
100185
100177
100168
100159
100150
100142
100133
100124
100115
100107
100098
100089
100080
100072
100063
100054
100046
100037
100028
100859
100836
100834
100814
100811
100792
100789
100771
100767
100750
100746
100730
100725
100709
100704
100689
100683
100669
100663
100649
100643
100629
100623
100610
100603
100590
100583
100570
100563
100551
100543
100531
100524
100512
100504
100492
100485
100473
100465
100454
100446
100435
100427
100416
100408
100397
100389
100378
100370
100359
100351
100340
100332
100322
100313
100303
100295
100285
100276
100267
100258
100248
100240
100230
100222
100212
100203
100194
100185
100176
100168
100158
100150
100141
100132
100123
100115
100106
100097
100088
100080
100071
100062
100053
100045
100036
100027
100019
100010
100002
100884
100862
100861
100841
100838
100819
100816
100798
100794
100777
100773
100757
100752
100736
100731
100716
100710
100696
100690
100676
100670
100656
100650
100636
100630
100617
100610
100597
100590
100578
100570
100558
100551
100539
100531
100519
100512
100500
100492
100481
100473
100462
100454
100443
100435
100424
100416
100405
100397
100386
100378
100367
100359
100349
100340
100330
100322
100312
100303
100293
100285
100275
100267
100257
100248
100239
100230
100221
100212
100203
100194
100185
100177
100168
100159
100150
100142
100133
100124
100115
100107
100098
100089
100080
100072
100063
100054
100045
100037
100028
100859
100836
100834
100814
100811
100792
100789
100771
100767
100750
100746
100730
100725
100710
100704
100689
100683
100669
100663
100649
100643
100629
100623
100610
100603
100590
100583
100570
100563
100551
100543
100531
100524
100512
100504
100492
100485
100473
100465
100454
100446
100435
100427
100416
100408
100397
100389
100378
100370
100359
100351
100340
100332
100322
100313
100303
100295
100285
100276
100267
100258
100248
100240
100230
100222
100212
100203
100194
100185
100176
100168
100158
100150
100141
100132
100123
100115
100106
100097
100088
100080
100071
100062
100053
100045
100036
100027
100019
100010
100002
100884
100863
100861
100841
100838
100820
100816
100798
100794
100778
100773
100757
100752
100737
100731
100716
100711
100696
100690
100676
100670
100656
100650
100637
100630
100617
100610
100597
100590
100578
100570
100558
100551
100539
100531
100520
100512
100500
100492
100481
100473
100462
100454
100443
100435
100424
100416
100405
100397
100386
100378
100368
100359
100349
100341
100330
100322
100312
100303
100294
100285
100275
100267
100257
100249
100239
100230
100221
100212
100203
100195
100185
100177
100168
100159
100150
100142
100133
100124
100115
100107
100098
100089
100080
100072
100063
100054
100046
100037
100028
100859
100837
100834
100814
100811
100793
100789
100772
100768
100751
100746
100730
100725
100710
100705
100690
100684
100670
100664
100650
100643
100630
100623
100610
100603
100590
100583
100571
100564
100551
100544
100532
100524
100512
100505
100493
100485
100474
100466
100455
100447
100435
100427
100416
100408
100397
100389
100379
100370
100360
100351
100341
100333
100322
100314
100304
100295
100285
100277
100267
100259
100249
100240
100231
100222
100212
100204
100195
100186
100177
100168
100159
100150
100141
100133
100124
100115
100106
100098
100089
100080
100071
100063
100054
100045
100036
100028
100019
100011
100002
100891
100869
100867
100847
100844
100825
100822
100804
100800
100783
100779
100763
100758
100743
100737
100722
100716
100702
100696
100682
100676
100662
100656
100642
100636
100623
100616
100603
100596
100584
100576
100564
100557
100545
100537
100525
100518
100506
100498
100487
100479
100468
100460
100449
100441
100430
100422
100411
100403
100392
100384
100373
100365
100355
100346
100336
100328
100318
100309
100299
100291
100281
100273
100263
100254
100245
100236
100227
100218
100209
100200
100191
100183
100174
100165
100156
100147
100139
100130
100121
100112
100104
100095
100086
100078
100069
100060
100051
100043
100034
)
;

boundaryField
{
    upperWall
    {
        type            calculated;
        value           nonuniform List<scalar> 
550
(
100934
100902
100893
100902
100934
100919
100901
100889
100901
100919
100924
100896
100889
100896
100924
100913
100895
100885
100895
100913
100917
100891
100884
100891
100917
100908
100890
100881
100890
100908
100911
100887
100880
100887
100911
100904
100885
100878
100885
100904
100906
100883
100876
100883
100906
100899
100881
100874
100881
100899
100901
100879
100872
100879
100901
100895
100877
100870
100877
100895
100896
100875
100869
100875
100896
100890
100873
100866
100873
100890
100891
100871
100865
100871
100891
100886
100869
100863
100869
100886
100886
100867
100861
100867
100886
100882
100865
100859
100865
100882
100882
100863
100857
100863
100882
100877
100861
100855
100861
100877
100891
100845
100851
100845
100891
100869
100828
100836
100828
100869
100867
100825
100831
100825
100867
100847
100809
100817
100809
100847
100844
100805
100813
100805
100844
100825
100789
100799
100789
100825
100822
100785
100794
100785
100822
100804
100770
100780
100770
100804
100800
100765
100775
100765
100800
100783
100750
100761
100750
100783
100779
100745
100756
100745
100779
100763
100730
100742
100730
100763
100758
100725
100737
100725
100758
100743
100711
100722
100711
100743
100737
100705
100717
100705
100737
100722
100691
100703
100691
100722
100716
100685
100697
100685
100716
100702
100671
100684
100671
100702
100696
100665
100678
100665
100696
100682
100652
100664
100652
100682
100676
100646
100658
100646
100676
100662
100632
100645
100632
100662
100656
100626
100638
100626
100656
100642
100613
100625
100613
100642
100636
100606
100619
100606
100636
100623
100593
100606
100593
100623
100616
100586
100599
100586
100616
100603
100574
100587
100574
100603
100596
100566
100580
100566
100596
100584
100554
100567
100554
100584
100576
100547
100560
100547
100576
100564
100535
100548
100535
100564
100557
100527
100540
100527
100557
100545
100515
100529
100515
100545
100537
100508
100521
100508
100537
100525
100496
100509
100496
100525
100518
100488
100502
100488
100518
100506
100477
100490
100477
100506
100498
100469
100482
100469
100498
100487
100458
100471
100458
100487
100479
100450
100463
100450
100479
100468
100439
100452
100439
100468
100460
100430
100444
100430
100460
100449
100419
100433
100419
100449
100441
100411
100425
100411
100441
100430
100401
100414
100401
100430
100422
100392
100406
100392
100422
100411
100382
100395
100382
100411
100403
100373
100387
100373
100403
100392
100363
100376
100363
100392
100384
100355
100368
100355
100384
100373
100344
100357
100344
100373
100365
100336
100349
100336
100365
100355
100325
100339
100325
100355
100346
100317
100330
100317
100346
100336
100307
100320
100307
100336
100328
100298
100312
100298
100328
100318
100288
100302
100288
100318
100309
100280
100293
100280
100309
100299
100270
100283
100270
100299
100291
100262
100275
100262
100291
100281
100252
100265
100252
100281
100273
100243
100257
100243
100273
100263
100234
100247
100234
100263
100254
100225
100238
100225
100254
100245
100215
100229
100215
100245
100236
100207
100220
100207
100236
100227
100197
100211
100197
100227
100218
100189
100202
100189
100218
100209
100180
100193
100180
100209
100200
100171
100184
100171
100200
100191
100162
100175
100162
100191
100183
100153
100167
100153
100183
100174
100144
100157
100144
100174
100165
100136
100149
100136
100165
100156
100127
100140
100127
100156
100147
100118
100131
100118
100147
100139
100109
100122
100109
100139
100130
100101
100114
100101
100130
100121
100092
100105
100092
100121
100112
100083
100096
100083
100112
100104
100074
100087
100074
100104
100095
100065
100078
100065
100095
100086
100057
100070
100057
100086
100078
100048
100061
100048
100078
100069
100039
100052
100039
100069
100060
100030
100043
100030
100060
100051
100022
100035
100022
100051
100043
100013
100026
100013
100043
100034
100004
100017
100004
100034
)
;
    }
    lowerWall
    {
        type            calculated;
        value           nonuniform List<scalar> 
100
(
100934
100902
100893
100902
100934
100919
100901
100889
100901
100919
100924
100896
100889
100896
100924
100913
100895
100885
100895
100913
100917
100891
100884
100891
100917
100908
100890
100881
100890
100908
100911
100887
100880
100887
100911
100904
100885
100878
100885
100904
100906
100883
100876
100883
100906
100899
100881
100874
100881
100899
100901
100879
100872
100879
100901
100895
100877
100870
100877
100895
100896
100875
100869
100875
100896
100890
100873
100866
100873
100890
100891
100871
100865
100871
100891
100886
100869
100863
100869
100886
100886
100867
100861
100867
100886
100882
100865
100859
100865
100882
100882
100863
100857
100863
100882
100877
100861
100855
100861
100877
)
;
    }
    heatedWall
    {
        type            calculated;
        value           nonuniform List<scalar> 
450
(
100891
100845
100851
100845
100891
100869
100828
100836
100828
100869
100867
100825
100831
100825
100867
100847
100809
100817
100809
100847
100844
100805
100813
100805
100844
100826
100789
100799
100789
100826
100822
100785
100794
100785
100822
100804
100770
100780
100770
100804
100800
100765
100775
100765
100800
100784
100750
100761
100750
100784
100779
100745
100756
100745
100779
100763
100730
100742
100730
100763
100758
100725
100737
100725
100758
100743
100711
100722
100711
100743
100737
100705
100717
100705
100737
100722
100691
100703
100691
100722
100717
100685
100697
100685
100717
100702
100671
100684
100671
100702
100696
100665
100678
100665
100696
100682
100652
100664
100652
100682
100676
100646
100658
100646
100676
100662
100632
100645
100632
100662
100656
100626
100639
100626
100656
100643
100613
100626
100613
100643
100636
100606
100619
100606
100636
100623
100593
100606
100593
100623
100616
100586
100599
100586
100616
100603
100574
100587
100574
100603
100596
100566
100580
100566
100596
100584
100554
100567
100554
100584
100576
100547
100560
100547
100576
100564
100535
100548
100535
100564
100557
100527
100541
100527
100557
100545
100515
100529
100515
100545
100537
100508
100521
100508
100537
100526
100496
100509
100496
100526
100518
100488
100502
100488
100518
100506
100477
100490
100477
100506
100498
100469
100482
100469
100498
100487
100458
100471
100458
100487
100479
100450
100463
100450
100479
100468
100439
100452
100439
100468
100460
100430
100444
100430
100460
100449
100419
100433
100419
100449
100441
100411
100425
100411
100441
100430
100401
100414
100401
100430
100422
100392
100406
100392
100422
100411
100382
100395
100382
100411
100403
100373
100387
100373
100403
100392
100363
100376
100363
100392
100384
100355
100368
100355
100384
100373
100344
100357
100344
100373
100365
100336
100349
100336
100365
100355
100325
100339
100325
100355
100346
100317
100330
100317
100346
100336
100307
100320
100307
100336
100328
100298
100312
100298
100328
100318
100288
100302
100288
100318
100309
100280
100293
100280
100309
100299
100270
100283
100270
100299
100291
100262
100275
100262
100291
100281
100252
100265
100252
100281
100273
100243
100257
100243
100273
100263
100234
100247
100234
100263
100254
100225
100238
100225
100254
100245
100215
100229
100215
100245
100236
100207
100220
100207
100236
100227
100197
100211
100197
100227
100218
100189
100202
100189
100218
100209
100180
100193
100180
100209
100201
100171
100184
100171
100201
100191
100162
100175
100162
100191
100183
100153
100167
100153
100183
100174
100144
100157
100144
100174
100165
100136
100149
100136
100165
100156
100127
100140
100127
100156
100148
100118
100131
100118
100148
100139
100109
100122
100109
100139
100130
100101
100114
100101
100130
100121
100092
100105
100092
100121
100113
100083
100096
100083
100113
100104
100074
100087
100074
100104
100095
100065
100079
100065
100095
100086
100057
100070
100057
100086
100078
100048
100061
100048
100078
100069
100039
100052
100039
100069
100060
100030
100043
100030
100060
100051
100022
100035
100022
100051
100043
100013
100026
100013
100043
100034
100004
100017
100004
100034
)
;
    }
    inlet
    {
        type            calculated;
        value           nonuniform List<scalar> 
45
(
100934
100920
100929
100919
100929
100919
100929
100920
100934
100902
100911
100902
100910
100901
100910
100902
100911
100902
100893
100893
100893
100893
100893
100893
100893
100893
100893
100902
100911
100902
100910
100901
100910
100902
100911
100902
100934
100920
100929
100919
100929
100919
100929
100920
100934
)
;
    }
    outlet
    {
        type            calculated;
        value           nonuniform List<scalar> 
45
(
100026
100002
100021
100001
100021
100001
100021
100002
100025
100003
100024
100004
100024
100004
100024
100004
100024
100003
100013
100013
100013
100013
100013
100013
100013
100013
100013
100003
100024
100004
100024
100004
100024
100004
100024
100003
100026
100002
100021
100001
100021
100001
100021
100002
100025
)
;
    }
    frontAndBack
    {
        type            empty;
    }
}


// ************************************************************************* //
