/*--------------------------------*- C++ -*----------------------------------*\
  =========                 |
  \\      /  F ield         | OpenFOAM: The Open Source CFD Toolbox
   \\    /   O peration     | Website:  https://openfoam.org
    \\  /    A nd           | Version:  7
     \\/     M anipulation  |
\*---------------------------------------------------------------------------*/
FoamFile
{
    version     2.0;
    format      ascii;
    class       volScalarField;
    location    "0.67";
    object      pMean;
}
// * * * * * * * * * * * * * * * * * * * * * * * * * * * * * * * * * * * * * //

dimensions      [1 -1 -2 0 0 0 0];

internalField   nonuniform List<scalar> 
7920
(
100724
100706
100713
100702
100708
100698
100703
100695
100699
100692
100695
100689
100691
100686
100687
100683
100684
100680
100680
100676
100708
100693
100700
100689
100695
100686
100690
100683
100686
100679
100682
100676
100678
100673
100675
100670
100671
100667
100667
100664
100716
100701
100708
100696
100702
100693
100698
100690
100693
100686
100689
100683
100685
100680
100682
100677
100678
100674
100675
100671
100708
100696
100702
100691
100697
100687
100692
100684
100688
100681
100684
100678
100680
100675
100676
100672
100673
100669
100669
100665
100712
100700
100706
100695
100700
100691
100696
100688
100691
100685
100687
100682
100684
100678
100680
100675
100676
100672
100673
100669
100710
100698
100704
100693
100699
100689
100694
100686
100690
100683
100686
100680
100682
100677
100678
100674
100674
100670
100671
100667
100710
100698
100704
100693
100699
100689
100694
100686
100690
100683
100686
100680
100682
100677
100678
100674
100674
100670
100671
100667
100712
100700
100706
100695
100700
100691
100696
100688
100691
100685
100687
100682
100684
100678
100680
100675
100676
100672
100673
100669
100708
100696
100702
100691
100697
100687
100692
100684
100688
100681
100684
100678
100680
100675
100676
100672
100673
100669
100669
100665
100716
100701
100708
100696
100702
100693
100698
100690
100693
100686
100689
100683
100685
100680
100682
100677
100678
100674
100675
100671
100708
100693
100700
100689
100695
100686
100690
100683
100686
100679
100682
100676
100678
100673
100675
100670
100671
100667
100667
100664
100724
100706
100713
100702
100708
100698
100703
100695
100699
100692
100695
100689
100691
100686
100687
100683
100684
100680
100680
100676
100689
100689
100683
100684
100679
100680
100677
100676
100674
100673
100671
100670
100669
100667
100666
100664
100663
100661
100661
100659
100699
100701
100695
100695
100691
100691
100688
100688
100685
100685
100683
100681
100680
100679
100677
100676
100675
100673
100672
100671
100691
100692
100685
100686
100682
100682
100679
100679
100676
100676
100674
100672
100671
100670
100668
100667
100666
100664
100663
100662
100697
100699
100692
100693
100689
100689
100686
100686
100683
100682
100680
100679
100678
100676
100675
100673
100673
100671
100670
100669
100692
100694
100688
100689
100684
100685
100681
100681
100679
100678
100676
100675
100673
100672
100671
100669
100668
100666
100665
100664
100694
100696
100690
100691
100687
100687
100684
100683
100681
100680
100678
100677
100676
100674
100673
100671
100670
100669
100668
100666
100694
100696
100690
100691
100687
100687
100684
100683
100681
100680
100678
100677
100676
100674
100673
100671
100670
100669
100668
100666
100692
100694
100688
100689
100684
100685
100681
100681
100679
100678
100676
100675
100673
100672
100671
100669
100668
100666
100665
100664
100697
100699
100692
100693
100689
100689
100686
100686
100683
100682
100680
100679
100678
100676
100675
100673
100673
100671
100670
100669
100691
100692
100685
100686
100682
100682
100679
100679
100676
100676
100674
100672
100671
100670
100668
100667
100666
100664
100663
100662
100699
100701
100695
100695
100691
100691
100688
100688
100685
100685
100683
100681
100680
100679
100677
100676
100675
100673
100672
100671
100689
100689
100683
100684
100679
100680
100677
100676
100674
100673
100671
100670
100669
100667
100666
100664
100663
100661
100661
100659
100679
100677
100676
100673
100672
100670
100669
100667
100667
100665
100664
100662
100661
100660
100659
100657
100656
100654
100653
100652
100679
100677
100676
100673
100673
100670
100669
100667
100667
100665
100664
100662
100661
100660
100659
100657
100656
100654
100653
100652
100679
100676
100676
100673
100673
100670
100669
100667
100667
100665
100664
100662
100661
100660
100659
100657
100656
100654
100653
100652
100679
100676
100676
100673
100673
100670
100669
100668
100667
100665
100664
100662
100661
100660
100659
100657
100656
100654
100653
100652
100679
100676
100676
100673
100673
100670
100669
100668
100667
100665
100664
100662
100661
100660
100659
100657
100656
100654
100653
100652
100679
100676
100676
100673
100673
100670
100669
100668
100667
100665
100664
100662
100661
100660
100659
100657
100656
100654
100653
100652
100679
100676
100676
100673
100673
100670
100669
100668
100667
100665
100664
100662
100661
100660
100659
100657
100656
100654
100653
100652
100679
100676
100676
100673
100673
100670
100669
100668
100667
100665
100664
100662
100661
100660
100659
100657
100656
100654
100653
100652
100679
100676
100676
100673
100673
100670
100669
100668
100667
100665
100664
100662
100661
100660
100659
100657
100656
100654
100653
100652
100679
100676
100676
100673
100673
100670
100669
100667
100667
100665
100664
100662
100661
100660
100659
100657
100656
100654
100653
100652
100679
100677
100676
100673
100673
100670
100669
100667
100667
100665
100664
100662
100661
100660
100659
100657
100656
100654
100653
100652
100679
100677
100676
100673
100672
100670
100669
100667
100667
100665
100664
100662
100661
100660
100659
100657
100656
100654
100653
100652
100679
100677
100676
100673
100672
100670
100669
100667
100667
100665
100664
100662
100661
100660
100659
100657
100656
100654
100653
100652
100679
100677
100676
100673
100673
100670
100669
100667
100667
100665
100664
100662
100661
100660
100659
100657
100656
100654
100653
100652
100679
100676
100676
100673
100673
100670
100669
100667
100667
100665
100664
100662
100661
100660
100659
100657
100656
100654
100653
100652
100679
100676
100676
100673
100673
100670
100669
100668
100667
100665
100664
100662
100661
100660
100659
100657
100656
100654
100653
100652
100679
100676
100676
100673
100673
100670
100669
100668
100667
100665
100664
100662
100661
100660
100659
100657
100656
100654
100653
100652
100679
100676
100676
100673
100673
100670
100669
100668
100667
100665
100664
100662
100661
100660
100659
100657
100656
100654
100653
100652
100679
100676
100676
100673
100673
100670
100669
100668
100667
100665
100664
100662
100661
100660
100659
100657
100656
100654
100653
100652
100679
100676
100676
100673
100673
100670
100669
100668
100667
100665
100664
100662
100661
100660
100659
100657
100656
100654
100653
100652
100679
100676
100676
100673
100673
100670
100669
100668
100667
100665
100664
100662
100661
100660
100659
100657
100656
100654
100653
100652
100679
100676
100676
100673
100673
100670
100669
100667
100667
100665
100664
100662
100661
100660
100659
100657
100656
100654
100653
100652
100679
100677
100676
100673
100673
100670
100669
100667
100667
100665
100664
100662
100661
100660
100659
100657
100656
100654
100653
100652
100679
100677
100676
100673
100672
100670
100669
100667
100667
100665
100664
100662
100661
100660
100659
100657
100656
100654
100653
100652
100689
100689
100683
100684
100679
100680
100677
100676
100674
100673
100671
100670
100669
100667
100666
100664
100663
100661
100661
100659
100699
100701
100695
100695
100691
100691
100688
100688
100685
100685
100683
100681
100680
100679
100677
100676
100675
100673
100672
100671
100691
100692
100685
100686
100682
100682
100679
100679
100676
100676
100674
100672
100671
100670
100668
100667
100666
100664
100663
100662
100697
100699
100692
100693
100689
100689
100686
100686
100683
100682
100680
100679
100678
100676
100675
100673
100673
100671
100670
100669
100692
100694
100688
100689
100684
100685
100681
100681
100679
100678
100676
100675
100673
100672
100671
100669
100668
100666
100665
100664
100694
100696
100690
100691
100687
100687
100684
100683
100681
100680
100678
100677
100676
100674
100673
100671
100670
100669
100668
100666
100694
100696
100690
100691
100687
100687
100684
100683
100681
100680
100678
100677
100676
100674
100673
100671
100670
100669
100668
100666
100692
100694
100688
100689
100684
100685
100681
100681
100679
100678
100676
100675
100673
100672
100671
100669
100668
100666
100665
100664
100697
100699
100692
100693
100689
100689
100686
100686
100683
100682
100680
100679
100678
100676
100675
100673
100673
100671
100670
100669
100691
100692
100685
100686
100682
100682
100679
100679
100676
100676
100674
100672
100671
100670
100668
100667
100666
100664
100663
100662
100699
100701
100695
100695
100691
100691
100688
100688
100685
100685
100683
100681
100680
100679
100677
100676
100675
100673
100672
100671
100689
100689
100683
100684
100679
100680
100677
100676
100674
100673
100671
100670
100669
100667
100666
100664
100663
100661
100661
100659
100724
100706
100713
100702
100708
100698
100703
100695
100699
100692
100695
100689
100691
100686
100687
100683
100684
100680
100680
100676
100708
100693
100700
100689
100695
100686
100690
100683
100686
100679
100682
100676
100678
100673
100675
100670
100671
100667
100667
100664
100716
100701
100708
100696
100702
100693
100698
100690
100693
100686
100689
100683
100685
100680
100682
100677
100678
100674
100675
100671
100708
100696
100702
100691
100697
100687
100692
100684
100688
100681
100684
100678
100680
100675
100676
100672
100673
100669
100669
100665
100712
100700
100706
100695
100700
100691
100696
100688
100691
100685
100687
100682
100684
100678
100680
100675
100676
100672
100673
100669
100710
100698
100704
100693
100699
100689
100694
100686
100690
100683
100686
100680
100682
100677
100678
100674
100674
100670
100671
100667
100710
100698
100704
100693
100699
100689
100694
100686
100690
100683
100686
100680
100682
100677
100678
100674
100674
100670
100671
100667
100712
100700
100706
100695
100700
100691
100696
100688
100691
100685
100687
100682
100684
100678
100680
100675
100676
100672
100673
100669
100708
100696
100702
100691
100697
100687
100692
100684
100688
100681
100684
100678
100680
100675
100676
100672
100673
100669
100669
100665
100716
100701
100708
100696
100702
100693
100698
100690
100693
100686
100689
100683
100685
100680
100682
100677
100678
100674
100675
100671
100708
100693
100700
100689
100695
100686
100690
100683
100686
100679
100682
100676
100678
100673
100675
100670
100671
100667
100667
100664
100724
100706
100713
100702
100708
100698
100703
100695
100699
100692
100695
100689
100691
100686
100687
100683
100684
100680
100680
100676
100696
100677
100677
100660
100659
100644
100642
100628
100626
100613
100610
100598
100594
100583
100579
100568
100564
100553
100549
100538
100534
100523
100519
100509
100504
100494
100490
100480
100475
100466
100460
100451
100446
100437
100431
100422
100417
100408
100402
100394
100388
100379
100373
100365
100359
100351
100345
100336
100330
100322
100316
100308
100301
100293
100287
100279
100273
100265
100258
100250
100244
100236
100230
100222
100215
100208
100201
100193
100186
100179
100172
100165
100158
100150
100143
100136
100129
100122
100115
100108
100101
100093
100086
100079
100072
100065
100058
100051
100044
100037
100661
100642
100642
100625
100624
100609
100607
100593
100591
100577
100575
100562
100559
100547
100544
100532
100528
100517
100513
100503
100498
100488
100484
100474
100469
100459
100454
100445
100440
100430
100425
100416
100410
100401
100396
100387
100381
100373
100367
100358
100352
100344
100338
100330
100324
100315
100309
100301
100295
100287
100280
100272
100266
100258
100252
100244
100237
100229
100223
100215
100209
100201
100194
100187
100180
100172
100166
100158
100151
100144
100137
100129
100122
100115
100108
100101
100094
100086
100080
100072
100065
100058
100051
100044
100037
100030
100022
100015
100008
100001
100680
100662
100661
100645
100644
100629
100627
100613
100611
100597
100595
100582
100579
100567
100564
100552
100548
100537
100533
100523
100518
100508
100504
100494
100489
100479
100474
100465
100460
100450
100445
100436
100430
100421
100416
100407
100401
100393
100387
100378
100373
100364
100358
100350
100344
100335
100329
100321
100315
100307
100300
100292
100286
100278
100272
100264
100257
100249
100243
100235
100229
100221
100214
100207
100200
100192
100186
100178
100171
100164
100157
100149
100143
100135
100128
100121
100114
100107
100100
100092
100085
100078
100071
100064
100057
100050
100042
100035
100028
100021
100665
100646
100646
100629
100628
100613
100611
100597
100595
100582
100579
100566
100563
100551
100548
100536
100533
100521
100517
100507
100503
100492
100488
100478
100473
100463
100458
100449
100444
100434
100429
100420
100415
100405
100400
100391
100386
100377
100371
100362
100357
100348
100342
100334
100328
100319
100313
100305
100299
100291
100285
100276
100270
100262
100256
100248
100241
100234
100227
100219
100213
100205
100198
100191
100184
100176
100170
100162
100155
100148
100141
100133
100127
100119
100112
100105
100098
100091
100084
100076
100069
100062
100055
100048
100041
100034
100027
100019
100012
100006
100675
100656
100656
100640
100638
100623
100621
100608
100605
100592
100589
100577
100574
100562
100558
100547
100543
100532
100528
100517
100513
100503
100498
100488
100483
100474
100469
100459
100454
100445
100440
100430
100425
100416
100410
100402
100396
100387
100382
100373
100367
100359
100353
100344
100338
100330
100324
100316
100309
100301
100295
100287
100281
100273
100266
100258
100252
100244
100238
100230
100223
100215
100209
100201
100194
100187
100180
100173
100166
100158
100151
100144
100137
100130
100123
100115
100108
100101
100094
100087
100080
100073
100066
100058
100051
100044
100037
100030
100023
100016
100670
100651
100651
100634
100633
100618
100616
100602
100600
100587
100584
100571
100568
100556
100553
100541
100538
100527
100523
100512
100508
100497
100493
100483
100478
100468
100464
100454
100449
100439
100434
100425
100420
100411
100405
100396
100391
100382
100376
100368
100362
100353
100347
100339
100333
100325
100319
100310
100304
100296
100290
100282
100275
100267
100261
100253
100247
100239
100232
100224
100218
100210
100204
100196
100189
100182
100175
100167
100160
100153
100146
100139
100132
100124
100117
100110
100103
100096
100089
100082
100075
100067
100060
100053
100046
100039
100032
100025
100018
100011
100670
100651
100651
100634
100633
100618
100616
100602
100600
100587
100584
100572
100569
100557
100553
100542
100538
100527
100523
100512
100508
100498
100493
100483
100478
100469
100464
100454
100449
100440
100434
100425
100420
100411
100405
100396
100391
100382
100376
100368
100362
100353
100348
100339
100333
100325
100319
100310
100304
100296
100290
100282
100276
100268
100261
100253
100247
100239
100232
100225
100218
100210
100204
100196
100189
100182
100175
100167
100161
100153
100146
100139
100132
100125
100118
100110
100103
100096
100089
100082
100075
100068
100060
100053
100046
100039
100032
100025
100018
100011
100675
100656
100656
100639
100638
100623
100621
100607
100605
100592
100589
100577
100573
100561
100558
100547
100543
100532
100528
100517
100513
100502
100498
100488
100483
100473
100469
100459
100454
100444
100439
100430
100425
100416
100410
100401
100396
100387
100381
100373
100367
100358
100352
100344
100338
100330
100324
100315
100309
100301
100295
100287
100280
100272
100266
100258
100252
100244
100237
100230
100223
100215
100209
100201
100194
100187
100180
100172
100166
100158
100151
100144
100137
100129
100123
100115
100108
100101
100094
100087
100080
100072
100065
100058
100051
100044
100037
100030
100023
100016
100665
100646
100646
100629
100628
100613
100611
100597
100595
100582
100579
100567
100563
100551
100548
100537
100533
100522
100518
100507
100503
100492
100488
100478
100473
100463
100459
100449
100444
100434
100429
100420
100415
100406
100400
100391
100386
100377
100371
100363
100357
100348
100342
100334
100328
100320
100314
100305
100299
100291
100285
100277
100270
100262
100256
100248
100242
100234
100227
100219
100213
100205
100199
100191
100184
100177
100170
100162
100156
100148
100141
100134
100127
100119
100112
100105
100098
100091
100084
100077
100070
100062
100055
100048
100041
100034
100027
100020
100013
100006
100680
100662
100661
100645
100644
100629
100627
100613
100610
100597
100594
100582
100579
100567
100563
100552
100548
100537
100533
100522
100518
100508
100503
100493
100489
100479
100474
100464
100459
100450
100445
100435
100430
100421
100416
100407
100401
100392
100387
100378
100372
100364
100358
100349
100343
100335
100329
100321
100315
100306
100300
100292
100286
100278
100271
100264
100257
100249
100243
100235
100228
100221
100214
100206
100200
100192
100185
100178
100171
100163
100157
100149
100142
100135
100128
100121
100114
100106
100099
100092
100085
100078
100071
100064
100056
100049
100042
100035
100028
100021
100661
100642
100642
100625
100624
100609
100607
100593
100591
100578
100575
100562
100559
100547
100544
100532
100529
100518
100514
100503
100499
100488
100484
100474
100469
100459
100454
100445
100440
100430
100425
100416
100411
100402
100396
100387
100382
100373
100367
100358
100353
100344
100338
100330
100324
100316
100309
100301
100295
100287
100281
100273
100266
100258
100252
100244
100238
100230
100223
100215
100209
100201
100194
100187
100180
100172
100166
100158
100151
100144
100137
100130
100123
100115
100108
100101
100094
100087
100080
100072
100065
100058
100051
100044
100037
100030
100023
100016
100009
100002
100695
100677
100677
100660
100659
100644
100642
100628
100626
100613
100610
100597
100594
100582
100579
100567
100564
100553
100549
100538
100534
100523
100519
100509
100504
100494
100489
100480
100475
100465
100460
100451
100446
100436
100431
100422
100416
100408
100402
100393
100388
100379
100373
100365
100359
100350
100344
100336
100330
100322
100315
100307
100301
100293
100287
100279
100272
100264
100258
100250
100244
100236
100229
100222
100215
100207
100201
100193
100186
100179
100172
100164
100158
100150
100143
100136
100129
100122
100115
100107
100100
100093
100086
100079
100072
100065
100057
100050
100043
100036
100641
100628
100626
100614
100612
100599
100597
100585
100583
100571
100568
100556
100553
100542
100538
100527
100524
100513
100509
100498
100494
100484
100480
100470
100465
100455
100451
100441
100436
100427
100422
100412
100407
100398
100393
100384
100378
100369
100364
100355
100349
100341
100335
100327
100321
100312
100306
100298
100292
100284
100277
100269
100263
100255
100249
100241
100234
100226
100220
100212
100206
100198
100191
100184
100177
100169
100162
100155
100148
100141
100134
100126
100119
100112
100105
100098
100091
100083
100076
100069
100062
100055
100048
100041
100033
100026
100019
100012
100005
99997.7
100674
100661
100660
100647
100645
100633
100631
100618
100616
100604
100601
100589
100586
100575
100572
100561
100557
100546
100542
100532
100528
100517
100513
100503
100498
100489
100484
100474
100469
100460
100455
100446
100440
100431
100426
100417
100411
100403
100397
100388
100383
100374
100368
100360
100354
100345
100339
100331
100325
100317
100311
100302
100296
100288
100282
100274
100267
100260
100253
100245
100239
100231
100224
100217
100210
100202
100196
100188
100181
100174
100167
100159
100153
100145
100138
100131
100124
100117
100110
100102
100095
100088
100081
100074
100066
100059
100052
100045
100038
100031
100650
100636
100634
100621
100620
100607
100605
100593
100590
100578
100575
100564
100561
100549
100546
100535
100531
100520
100517
100506
100502
100492
100487
100477
100473
100463
100458
100449
100444
100434
100429
100420
100415
100406
100400
100391
100386
100377
100371
100363
100357
100348
100343
100334
100328
100320
100314
100306
100299
100291
100285
100277
100271
100263
100256
100248
100242
100234
100228
100220
100213
100205
100199
100191
100184
100177
100170
100163
100156
100148
100141
100134
100127
100120
100113
100105
100098
100091
100084
100077
100070
100062
100055
100048
100041
100034
100027
100020
100012
100005
100668
100654
100653
100640
100639
100626
100624
100612
100609
100597
100594
100583
100580
100568
100565
100554
100550
100540
100536
100525
100521
100511
100506
100496
100492
100482
100477
100468
100463
100453
100448
100439
100434
100425
100419
100410
100405
100396
100390
100382
100376
100367
100362
100353
100347
100339
100333
100325
100318
100310
100304
100296
100290
100282
100275
100267
100261
100253
100247
100239
100232
100224
100218
100210
100203
100196
100189
100182
100175
100167
100160
100153
100146
100139
100132
100124
100117
100110
100103
100096
100089
100081
100074
100067
100060
100053
100046
100039
100031
100024
100656
100642
100640
100628
100626
100613
100611
100599
100597
100585
100582
100570
100567
100556
100552
100541
100538
100527
100523
100513
100508
100498
100494
100484
100479
100469
100465
100455
100450
100441
100436
100426
100421
100412
100407
100398
100392
100383
100378
100369
100363
100355
100349
100341
100335
100326
100320
100312
100306
100298
100291
100283
100277
100269
100263
100255
100248
100240
100234
100226
100220
100212
100205
100198
100191
100183
100177
100169
100162
100155
100148
100140
100133
100126
100119
100112
100105
100097
100090
100083
100076
100069
100062
100055
100047
100040
100033
100026
100019
100012
100662
100648
100647
100634
100632
100620
100618
100605
100603
100591
100588
100577
100573
100562
100559
100548
100544
100533
100529
100519
100515
100505
100500
100490
100486
100476
100471
100461
100457
100447
100442
100433
100428
100418
100413
100404
100399
100390
100384
100376
100370
100361
100355
100347
100341
100333
100327
100318
100312
100304
100298
100290
100283
100275
100269
100261
100255
100247
100240
100233
100226
100218
100212
100204
100197
100190
100183
100175
100169
100161
100154
100147
100140
100132
100125
100118
100111
100104
100097
100090
100082
100075
100068
100061
100054
100047
100039
100032
100025
100018
100662
100648
100647
100634
100632
100620
100618
100605
100603
100591
100588
100576
100573
100562
100559
100547
100544
100533
100529
100519
100515
100504
100500
100490
100485
100476
100471
100461
100456
100447
100442
100433
100427
100418
100413
100404
100398
100390
100384
100375
100370
100361
100355
100347
100341
100332
100326
100318
100312
100304
100298
100289
100283
100275
100269
100261
100254
100247
100240
100232
100226
100218
100211
100204
100197
100189
100183
100175
100168
100161
100154
100146
100140
100132
100125
100118
100111
100104
100097
100089
100082
100075
100068
100061
100054
100046
100039
100032
100025
100018
100656
100642
100641
100628
100626
100614
100612
100599
100597
100585
100582
100570
100567
100556
100553
100542
100538
100527
100523
100513
100509
100498
100494
100484
100479
100470
100465
100455
100450
100441
100436
100427
100421
100412
100407
100398
100392
100384
100378
100369
100364
100355
100349
100341
100335
100326
100320
100312
100306
100298
100292
100284
100277
100269
100263
100255
100248
100241
100234
100226
100220
100212
100205
100198
100191
100183
100177
100169
100162
100155
100148
100141
100134
100126
100119
100112
100105
100098
100091
100083
100076
100069
100062
100055
100048
100041
100033
100026
100019
100012
100668
100654
100653
100640
100638
100626
100624
100611
100609
100597
100594
100583
100579
100568
100565
100554
100550
100539
100535
100525
100521
100511
100506
100496
100492
100482
100477
100467
100463
100453
100448
100439
100434
100424
100419
100410
100405
100396
100390
100382
100376
100367
100361
100353
100347
100339
100333
100324
100318
100310
100304
100296
100289
100281
100275
100267
100261
100253
100246
100238
100232
100224
100218
100210
100203
100196
100189
100181
100174
100167
100160
100153
100146
100138
100131
100124
100117
100110
100103
100095
100088
100081
100074
100067
100060
100053
100045
100038
100031
100024
100650
100636
100634
100621
100620
100607
100605
100593
100590
100578
100576
100564
100561
100549
100546
100535
100531
100521
100517
100506
100502
100492
100488
100478
100473
100463
100458
100449
100444
100434
100429
100420
100415
100406
100400
100392
100386
100377
100372
100363
100357
100349
100343
100334
100328
100320
100314
100306
100300
100291
100285
100277
100271
100263
100256
100249
100242
100234
100228
100220
100213
100206
100199
100191
100185
100177
100170
100163
100156
100148
100142
100134
100127
100120
100113
100106
100099
100091
100084
100077
100070
100063
100056
100048
100041
100034
100027
100020
100013
100005
100674
100661
100659
100647
100645
100632
100630
100618
100615
100604
100601
100589
100586
100575
100571
100560
100557
100546
100542
100531
100527
100517
100513
100503
100498
100488
100484
100474
100469
100460
100455
100445
100440
100431
100426
100417
100411
100402
100397
100388
100382
100374
100368
100359
100353
100345
100339
100331
100325
100316
100310
100302
100296
100288
100281
100274
100267
100259
100253
100245
100238
100231
100224
100216
100210
100202
100195
100188
100181
100173
100167
100159
100152
100145
100138
100131
100124
100116
100109
100102
100095
100088
100081
100073
100066
100059
100052
100045
100037
100030
100642
100628
100627
100614
100612
100599
100597
100585
100583
100571
100568
100556
100553
100542
100538
100527
100524
100513
100509
100499
100494
100484
100480
100470
100465
100456
100451
100441
100436
100427
100422
100412
100407
100398
100393
100384
100378
100370
100364
100355
100350
100341
100335
100327
100321
100312
100306
100298
100292
100284
100278
100269
100263
100255
100249
100241
100234
100227
100220
100212
100206
100198
100191
100184
100177
100169
100163
100155
100148
100141
100134
100126
100120
100112
100105
100098
100091
100084
100077
100069
100062
100055
100048
100041
100034
100026
100019
100012
100005
99997.8
100649
100638
100635
100624
100622
100611
100608
100597
100595
100584
100581
100570
100567
100556
100553
100542
100539
100528
100525
100514
100510
100500
100496
100486
100482
100472
100467
100458
100453
100443
100438
100429
100424
100415
100410
100401
100395
100386
100381
100372
100366
100358
100352
100344
100338
100329
100323
100315
100309
100301
100294
100286
100280
100272
100266
100258
100251
100243
100237
100229
100223
100215
100208
100201
100194
100186
100180
100172
100165
100158
100151
100143
100136
100129
100122
100115
100108
100100
100093
100086
100079
100072
100065
100057
100050
100043
100036
100029
100022
100014
100649
100638
100635
100624
100622
100611
100608
100597
100595
100584
100581
100570
100567
100556
100553
100542
100539
100528
100525
100514
100510
100500
100496
100486
100482
100472
100467
100458
100453
100443
100438
100429
100424
100415
100410
100401
100395
100386
100381
100372
100366
100358
100352
100344
100338
100329
100323
100315
100309
100301
100294
100286
100280
100272
100266
100258
100251
100243
100237
100229
100223
100215
100208
100201
100194
100186
100180
100172
100165
100158
100151
100143
100136
100129
100122
100115
100108
100100
100093
100086
100079
100072
100065
100057
100050
100043
100036
100029
100022
100014
100649
100638
100635
100624
100622
100611
100608
100597
100595
100584
100581
100570
100567
100556
100553
100542
100539
100528
100524
100514
100510
100500
100496
100486
100481
100472
100467
100458
100453
100443
100438
100429
100424
100415
100410
100401
100395
100386
100381
100372
100366
100358
100352
100343
100338
100329
100323
100315
100309
100301
100294
100286
100280
100272
100266
100258
100251
100243
100237
100229
100223
100215
100208
100201
100194
100186
100179
100172
100165
100158
100151
100143
100136
100129
100122
100115
100108
100100
100093
100086
100079
100072
100065
100057
100050
100043
100036
100029
100021
100014
100649
100638
100635
100624
100622
100611
100608
100597
100595
100584
100581
100570
100567
100556
100553
100542
100539
100528
100525
100514
100510
100500
100496
100486
100482
100472
100467
100458
100453
100443
100438
100429
100424
100415
100410
100401
100395
100386
100381
100372
100366
100358
100352
100344
100338
100329
100323
100315
100309
100301
100294
100286
100280
100272
100266
100258
100251
100243
100237
100229
100223
100215
100208
100201
100194
100186
100180
100172
100165
100158
100151
100143
100136
100129
100122
100115
100108
100100
100093
100086
100079
100072
100065
100057
100050
100043
100036
100029
100022
100014
100649
100638
100635
100624
100622
100611
100608
100597
100595
100584
100581
100570
100567
100556
100553
100542
100539
100528
100524
100514
100510
100500
100496
100486
100481
100472
100467
100458
100453
100443
100438
100429
100424
100415
100410
100401
100395
100386
100381
100372
100366
100358
100352
100343
100338
100329
100323
100315
100309
100301
100294
100286
100280
100272
100266
100258
100251
100243
100237
100229
100223
100215
100208
100200
100194
100186
100179
100172
100165
100158
100151
100143
100136
100129
100122
100115
100108
100100
100093
100086
100079
100072
100065
100057
100050
100043
100036
100029
100021
100014
100649
100638
100635
100624
100622
100611
100608
100597
100595
100584
100581
100570
100567
100556
100553
100542
100539
100528
100524
100514
100510
100500
100496
100486
100482
100472
100467
100458
100453
100443
100438
100429
100424
100415
100410
100401
100395
100386
100381
100372
100366
100358
100352
100344
100338
100329
100323
100315
100309
100301
100294
100286
100280
100272
100266
100258
100251
100243
100237
100229
100223
100215
100208
100201
100194
100186
100179
100172
100165
100158
100151
100143
100136
100129
100122
100115
100108
100100
100093
100086
100079
100072
100065
100057
100050
100043
100036
100029
100021
100014
100649
100638
100635
100624
100622
100611
100608
100597
100595
100584
100581
100570
100567
100556
100553
100542
100539
100528
100524
100514
100510
100500
100496
100486
100482
100472
100467
100458
100453
100443
100438
100429
100424
100415
100410
100401
100395
100386
100381
100372
100366
100358
100352
100343
100338
100329
100323
100315
100309
100301
100294
100286
100280
100272
100266
100258
100251
100243
100237
100229
100223
100215
100208
100201
100194
100186
100179
100172
100165
100158
100151
100143
100136
100129
100122
100115
100108
100100
100093
100086
100079
100072
100065
100057
100050
100043
100036
100029
100021
100014
100649
100638
100635
100624
100622
100611
100608
100597
100595
100584
100581
100570
100567
100556
100553
100542
100539
100528
100524
100514
100510
100500
100496
100486
100481
100472
100467
100458
100453
100443
100438
100429
100424
100415
100410
100401
100395
100386
100381
100372
100366
100358
100352
100343
100338
100329
100323
100315
100309
100301
100294
100286
100280
100272
100266
100258
100251
100243
100237
100229
100223
100215
100208
100200
100194
100186
100179
100172
100165
100158
100151
100143
100136
100129
100122
100115
100108
100100
100093
100086
100079
100072
100065
100057
100050
100043
100036
100029
100021
100014
100649
100638
100635
100624
100622
100611
100608
100597
100595
100584
100581
100570
100567
100556
100553
100542
100539
100528
100524
100514
100510
100500
100496
100486
100482
100472
100467
100458
100453
100443
100438
100429
100424
100415
100410
100401
100395
100386
100381
100372
100366
100358
100352
100344
100338
100329
100323
100315
100309
100301
100294
100286
100280
100272
100266
100258
100251
100243
100237
100229
100223
100215
100208
100201
100194
100186
100179
100172
100165
100158
100151
100143
100136
100129
100122
100115
100108
100100
100093
100086
100079
100072
100065
100057
100050
100043
100036
100029
100021
100014
100649
100638
100635
100624
100622
100611
100608
100597
100595
100584
100581
100570
100567
100556
100553
100542
100539
100528
100524
100514
100510
100500
100496
100486
100481
100472
100467
100458
100453
100443
100438
100429
100424
100415
100410
100401
100395
100386
100381
100372
100366
100358
100352
100343
100338
100329
100323
100315
100309
100301
100294
100286
100280
100272
100266
100258
100251
100243
100237
100229
100223
100215
100208
100200
100194
100186
100179
100172
100165
100158
100151
100143
100136
100129
100122
100115
100108
100100
100093
100086
100079
100072
100065
100057
100050
100043
100036
100029
100021
100014
100649
100638
100635
100624
100622
100611
100608
100597
100595
100584
100581
100570
100567
100556
100553
100542
100539
100528
100524
100514
100510
100500
100496
100486
100482
100472
100467
100458
100453
100443
100438
100429
100424
100415
100410
100401
100395
100386
100381
100372
100366
100358
100352
100344
100338
100329
100323
100315
100309
100301
100294
100286
100280
100272
100266
100258
100251
100243
100237
100229
100223
100215
100208
100201
100194
100186
100179
100172
100165
100158
100151
100143
100136
100129
100122
100115
100108
100100
100093
100086
100079
100072
100065
100057
100050
100043
100036
100029
100021
100014
100649
100638
100635
100624
100622
100611
100608
100597
100595
100584
100581
100570
100567
100556
100553
100542
100539
100528
100524
100514
100510
100500
100496
100486
100482
100472
100467
100458
100453
100443
100438
100429
100424
100415
100410
100401
100395
100386
100381
100372
100366
100358
100352
100343
100338
100329
100323
100315
100309
100301
100294
100286
100280
100272
100266
100258
100251
100243
100237
100229
100223
100215
100208
100201
100194
100186
100179
100172
100165
100158
100151
100143
100136
100129
100122
100115
100108
100100
100093
100086
100079
100072
100065
100057
100050
100043
100036
100029
100021
100014
100649
100638
100635
100624
100622
100611
100608
100597
100595
100584
100581
100570
100567
100556
100553
100542
100539
100528
100525
100514
100510
100500
100496
100486
100482
100472
100467
100458
100453
100443
100438
100429
100424
100415
100410
100401
100395
100386
100381
100372
100366
100358
100352
100344
100338
100329
100323
100315
100309
100301
100294
100286
100280
100272
100266
100258
100251
100243
100237
100229
100223
100215
100208
100201
100194
100186
100180
100172
100165
100158
100151
100143
100136
100129
100122
100115
100108
100100
100093
100086
100079
100072
100065
100057
100050
100043
100036
100029
100022
100014
100649
100638
100635
100624
100622
100611
100608
100597
100595
100584
100581
100570
100567
100556
100553
100542
100539
100528
100525
100514
100510
100500
100496
100486
100482
100472
100467
100458
100453
100443
100438
100429
100424
100415
100410
100401
100395
100386
100381
100372
100366
100358
100352
100344
100338
100329
100323
100315
100309
100301
100294
100286
100280
100272
100266
100258
100251
100243
100237
100229
100223
100215
100208
100201
100194
100186
100180
100172
100165
100158
100151
100143
100136
100129
100122
100115
100108
100100
100093
100086
100079
100072
100065
100057
100050
100043
100036
100029
100022
100014
100649
100638
100635
100624
100622
100611
100608
100597
100595
100584
100581
100570
100567
100556
100553
100542
100539
100528
100524
100514
100510
100500
100496
100486
100481
100472
100467
100458
100453
100443
100438
100429
100424
100415
100410
100401
100395
100386
100381
100372
100366
100358
100352
100343
100338
100329
100323
100315
100309
100301
100294
100286
100280
100272
100266
100258
100251
100243
100237
100229
100223
100215
100208
100201
100194
100186
100179
100172
100165
100158
100151
100143
100136
100129
100122
100115
100108
100100
100093
100086
100079
100072
100065
100057
100050
100043
100036
100029
100021
100014
100649
100638
100635
100624
100622
100611
100608
100597
100595
100584
100581
100570
100567
100556
100553
100542
100539
100528
100525
100514
100510
100500
100496
100486
100482
100472
100467
100458
100453
100443
100438
100429
100424
100415
100410
100401
100395
100386
100381
100372
100366
100358
100352
100344
100338
100329
100323
100315
100309
100301
100294
100286
100280
100272
100266
100258
100251
100243
100237
100229
100223
100215
100208
100201
100194
100186
100180
100172
100165
100158
100151
100143
100136
100129
100122
100115
100108
100100
100093
100086
100079
100072
100065
100057
100050
100043
100036
100029
100022
100014
100649
100638
100635
100624
100622
100611
100608
100597
100595
100584
100581
100570
100567
100556
100553
100542
100539
100528
100524
100514
100510
100500
100496
100486
100481
100472
100467
100458
100453
100443
100438
100429
100424
100415
100410
100401
100395
100386
100381
100372
100366
100358
100352
100343
100338
100329
100323
100315
100309
100301
100294
100286
100280
100272
100266
100258
100251
100243
100237
100229
100223
100215
100208
100200
100194
100186
100179
100172
100165
100158
100151
100143
100136
100129
100122
100115
100108
100100
100093
100086
100079
100072
100065
100057
100050
100043
100036
100029
100021
100014
100649
100638
100635
100624
100622
100611
100608
100597
100595
100584
100581
100570
100567
100556
100553
100542
100539
100528
100524
100514
100510
100500
100496
100486
100482
100472
100467
100458
100453
100443
100438
100429
100424
100415
100410
100401
100395
100386
100381
100372
100366
100358
100352
100344
100338
100329
100323
100315
100309
100301
100294
100286
100280
100272
100266
100258
100251
100243
100237
100229
100223
100215
100208
100201
100194
100186
100179
100172
100165
100158
100151
100143
100136
100129
100122
100115
100108
100100
100093
100086
100079
100072
100065
100057
100050
100043
100036
100029
100021
100014
100649
100638
100635
100624
100622
100611
100608
100597
100595
100584
100581
100570
100567
100556
100553
100542
100539
100528
100524
100514
100510
100500
100496
100486
100482
100472
100467
100458
100453
100443
100438
100429
100424
100415
100410
100401
100395
100386
100381
100372
100366
100358
100352
100343
100338
100329
100323
100315
100309
100301
100294
100286
100280
100272
100266
100258
100251
100243
100237
100229
100223
100215
100208
100201
100194
100186
100179
100172
100165
100158
100151
100143
100136
100129
100122
100115
100108
100100
100093
100086
100079
100072
100065
100057
100050
100043
100036
100029
100021
100014
100649
100638
100635
100624
100622
100611
100608
100597
100595
100584
100581
100570
100567
100556
100553
100542
100539
100528
100524
100514
100510
100500
100496
100486
100481
100472
100467
100458
100453
100443
100438
100429
100424
100415
100410
100401
100395
100386
100381
100372
100366
100358
100352
100343
100338
100329
100323
100315
100309
100301
100294
100286
100280
100272
100266
100258
100251
100243
100237
100229
100223
100215
100208
100200
100194
100186
100179
100172
100165
100158
100151
100143
100136
100129
100122
100115
100108
100100
100093
100086
100079
100072
100065
100057
100050
100043
100036
100029
100021
100014
100649
100638
100635
100624
100622
100611
100608
100597
100595
100584
100581
100570
100567
100556
100553
100542
100539
100528
100524
100514
100510
100500
100496
100486
100482
100472
100467
100458
100453
100443
100438
100429
100424
100415
100410
100401
100395
100386
100381
100372
100366
100358
100352
100344
100338
100329
100323
100315
100309
100301
100294
100286
100280
100272
100266
100258
100251
100243
100237
100229
100223
100215
100208
100201
100194
100186
100179
100172
100165
100158
100151
100143
100136
100129
100122
100115
100108
100100
100093
100086
100079
100072
100065
100057
100050
100043
100036
100029
100021
100014
100649
100638
100635
100624
100622
100611
100608
100597
100595
100584
100581
100570
100567
100556
100553
100542
100539
100528
100524
100514
100510
100500
100496
100486
100481
100472
100467
100458
100453
100443
100438
100429
100424
100415
100410
100401
100395
100386
100381
100372
100366
100358
100352
100343
100338
100329
100323
100315
100309
100301
100294
100286
100280
100272
100266
100258
100251
100243
100237
100229
100223
100215
100208
100200
100194
100186
100179
100172
100165
100158
100151
100143
100136
100129
100122
100115
100108
100100
100093
100086
100079
100072
100065
100057
100050
100043
100036
100029
100021
100014
100649
100638
100635
100624
100622
100611
100608
100597
100595
100584
100581
100570
100567
100556
100553
100542
100539
100528
100524
100514
100510
100500
100496
100486
100482
100472
100467
100458
100453
100443
100438
100429
100424
100415
100410
100401
100395
100386
100381
100372
100366
100358
100352
100344
100338
100329
100323
100315
100309
100301
100294
100286
100280
100272
100266
100258
100251
100243
100237
100229
100223
100215
100208
100201
100194
100186
100179
100172
100165
100158
100151
100143
100136
100129
100122
100115
100108
100100
100093
100086
100079
100072
100065
100057
100050
100043
100036
100029
100021
100014
100649
100638
100635
100624
100622
100611
100608
100597
100595
100584
100581
100570
100567
100556
100553
100542
100539
100528
100524
100514
100510
100500
100496
100486
100482
100472
100467
100458
100453
100443
100438
100429
100424
100415
100410
100401
100395
100386
100381
100372
100366
100358
100352
100343
100338
100329
100323
100315
100309
100301
100294
100286
100280
100272
100266
100258
100251
100243
100237
100229
100223
100215
100208
100201
100194
100186
100179
100172
100165
100158
100151
100143
100136
100129
100122
100115
100108
100100
100093
100086
100079
100072
100065
100057
100050
100043
100036
100029
100021
100014
100641
100628
100626
100614
100612
100599
100597
100585
100583
100571
100568
100556
100553
100542
100538
100527
100524
100513
100509
100498
100494
100484
100480
100470
100465
100455
100451
100441
100436
100427
100422
100412
100407
100398
100393
100384
100378
100369
100364
100355
100349
100341
100335
100327
100321
100312
100306
100298
100292
100284
100277
100269
100263
100255
100249
100241
100234
100226
100220
100212
100206
100198
100191
100184
100177
100169
100162
100155
100148
100141
100134
100126
100119
100112
100105
100098
100091
100083
100076
100069
100062
100055
100048
100041
100033
100026
100019
100012
100005
99997.7
100674
100661
100660
100647
100645
100633
100631
100618
100616
100604
100601
100589
100586
100575
100572
100561
100557
100546
100542
100532
100528
100517
100513
100503
100498
100489
100484
100474
100469
100460
100455
100446
100440
100431
100426
100417
100411
100403
100397
100388
100383
100374
100368
100360
100354
100345
100339
100331
100325
100317
100311
100302
100296
100288
100282
100274
100267
100260
100253
100245
100239
100231
100224
100217
100210
100202
100196
100188
100181
100174
100167
100159
100153
100145
100138
100131
100124
100117
100110
100102
100095
100088
100081
100074
100067
100059
100052
100045
100038
100031
100650
100636
100634
100621
100620
100607
100605
100593
100590
100578
100575
100564
100561
100549
100546
100535
100531
100520
100517
100506
100502
100492
100487
100477
100473
100463
100458
100449
100444
100434
100429
100420
100415
100406
100400
100391
100386
100377
100371
100363
100357
100348
100343
100334
100328
100320
100314
100306
100299
100291
100285
100277
100271
100263
100256
100248
100242
100234
100228
100220
100213
100205
100199
100191
100184
100177
100170
100163
100156
100148
100141
100134
100127
100120
100113
100105
100098
100091
100084
100077
100070
100062
100055
100048
100041
100034
100027
100020
100012
100005
100668
100654
100653
100640
100639
100626
100624
100612
100609
100597
100594
100583
100580
100568
100565
100554
100550
100540
100536
100525
100521
100511
100506
100496
100492
100482
100477
100468
100463
100453
100448
100439
100434
100425
100419
100410
100405
100396
100390
100382
100376
100367
100362
100353
100347
100339
100333
100325
100318
100310
100304
100296
100290
100282
100275
100267
100261
100253
100247
100239
100232
100224
100218
100210
100203
100196
100189
100182
100175
100167
100160
100153
100146
100139
100132
100124
100117
100110
100103
100096
100089
100081
100074
100067
100060
100053
100046
100039
100031
100024
100656
100642
100640
100628
100626
100613
100611
100599
100597
100585
100582
100570
100567
100556
100552
100541
100538
100527
100523
100513
100508
100498
100494
100484
100479
100469
100465
100455
100450
100441
100436
100426
100421
100412
100407
100398
100392
100383
100378
100369
100363
100355
100349
100341
100335
100326
100320
100312
100306
100298
100291
100283
100277
100269
100263
100255
100248
100240
100234
100226
100220
100212
100205
100198
100191
100183
100177
100169
100162
100155
100148
100140
100133
100126
100119
100112
100105
100097
100090
100083
100076
100069
100062
100055
100047
100040
100033
100026
100019
100012
100662
100648
100647
100634
100632
100620
100618
100605
100603
100591
100588
100577
100573
100562
100559
100548
100544
100533
100529
100519
100515
100505
100500
100490
100486
100476
100471
100461
100457
100447
100442
100433
100428
100418
100413
100404
100399
100390
100384
100376
100370
100361
100355
100347
100341
100333
100327
100318
100312
100304
100298
100290
100283
100275
100269
100261
100255
100247
100240
100233
100226
100218
100212
100204
100197
100190
100183
100175
100169
100161
100154
100147
100140
100132
100125
100118
100111
100104
100097
100090
100082
100075
100068
100061
100054
100047
100039
100032
100025
100018
100662
100648
100647
100634
100632
100620
100618
100605
100603
100591
100588
100576
100573
100562
100559
100547
100544
100533
100529
100519
100515
100504
100500
100490
100485
100476
100471
100461
100456
100447
100442
100433
100427
100418
100413
100404
100398
100390
100384
100375
100370
100361
100355
100347
100341
100332
100326
100318
100312
100304
100298
100289
100283
100275
100269
100261
100254
100247
100240
100232
100226
100218
100211
100204
100197
100189
100183
100175
100168
100161
100154
100146
100140
100132
100125
100118
100111
100104
100097
100089
100082
100075
100068
100061
100054
100046
100039
100032
100025
100018
100656
100642
100641
100628
100626
100614
100612
100599
100597
100585
100582
100570
100567
100556
100553
100542
100538
100527
100523
100513
100509
100498
100494
100484
100479
100470
100465
100455
100450
100441
100436
100427
100421
100412
100407
100398
100392
100384
100378
100369
100364
100355
100349
100341
100335
100326
100320
100312
100306
100298
100292
100284
100277
100269
100263
100255
100249
100241
100234
100226
100220
100212
100205
100198
100191
100183
100177
100169
100162
100155
100148
100141
100134
100126
100119
100112
100105
100098
100091
100083
100076
100069
100062
100055
100048
100041
100033
100026
100019
100012
100668
100654
100653
100640
100638
100626
100624
100611
100609
100597
100594
100583
100579
100568
100565
100554
100550
100539
100535
100525
100521
100511
100506
100496
100492
100482
100477
100467
100463
100453
100448
100439
100434
100424
100419
100410
100405
100396
100390
100382
100376
100367
100361
100353
100347
100339
100333
100324
100318
100310
100304
100296
100289
100281
100275
100267
100261
100253
100246
100238
100232
100224
100218
100210
100203
100196
100189
100181
100174
100167
100160
100153
100146
100138
100131
100124
100117
100110
100103
100095
100088
100081
100074
100067
100060
100053
100045
100038
100031
100024
100650
100636
100634
100621
100620
100607
100605
100593
100590
100578
100576
100564
100561
100549
100546
100535
100531
100521
100517
100506
100502
100492
100488
100478
100473
100463
100458
100449
100444
100434
100429
100420
100415
100406
100400
100392
100386
100377
100372
100363
100357
100349
100343
100334
100328
100320
100314
100306
100300
100291
100285
100277
100271
100263
100256
100249
100242
100234
100228
100220
100213
100206
100199
100191
100185
100177
100170
100163
100156
100148
100142
100134
100127
100120
100113
100106
100099
100091
100084
100077
100070
100063
100056
100048
100041
100034
100027
100020
100013
100005
100674
100661
100659
100647
100645
100632
100630
100618
100615
100604
100601
100589
100586
100575
100571
100560
100557
100546
100542
100531
100527
100517
100513
100503
100498
100488
100484
100474
100469
100460
100455
100445
100440
100431
100426
100417
100411
100402
100397
100388
100382
100374
100368
100359
100353
100345
100339
100331
100325
100316
100310
100302
100296
100288
100281
100274
100267
100259
100253
100245
100238
100231
100224
100216
100210
100202
100195
100188
100181
100173
100167
100159
100152
100145
100138
100131
100124
100116
100109
100102
100095
100088
100081
100073
100066
100059
100052
100045
100037
100030
100642
100628
100627
100614
100612
100599
100597
100585
100583
100571
100568
100556
100553
100542
100538
100527
100524
100513
100509
100499
100494
100484
100480
100470
100465
100456
100451
100441
100436
100427
100422
100412
100407
100398
100393
100384
100378
100370
100364
100355
100350
100341
100335
100327
100321
100312
100306
100298
100292
100284
100278
100269
100263
100255
100249
100241
100234
100227
100220
100212
100206
100198
100191
100184
100177
100169
100163
100155
100148
100141
100134
100126
100120
100112
100105
100098
100091
100084
100077
100069
100062
100055
100048
100041
100034
100026
100019
100012
100005
99997.8
100696
100677
100677
100660
100659
100644
100642
100628
100626
100613
100610
100598
100594
100583
100579
100568
100564
100553
100549
100538
100534
100523
100519
100509
100504
100494
100490
100480
100475
100466
100460
100451
100446
100437
100431
100422
100417
100408
100402
100394
100388
100379
100373
100365
100359
100351
100345
100336
100330
100322
100316
100308
100301
100293
100287
100279
100273
100265
100258
100250
100244
100236
100230
100222
100215
100208
100201
100193
100186
100179
100172
100165
100158
100150
100143
100136
100129
100122
100115
100108
100101
100093
100086
100079
100072
100065
100058
100051
100044
100037
100661
100642
100642
100625
100624
100609
100607
100593
100591
100577
100575
100562
100559
100547
100544
100532
100528
100517
100513
100503
100498
100488
100484
100474
100469
100459
100454
100445
100440
100430
100425
100416
100410
100401
100396
100387
100381
100373
100367
100358
100352
100344
100338
100330
100324
100315
100309
100301
100295
100287
100280
100272
100266
100258
100252
100244
100237
100229
100223
100215
100209
100201
100194
100187
100180
100172
100166
100158
100151
100144
100137
100129
100122
100115
100108
100101
100094
100086
100080
100072
100065
100058
100051
100044
100037
100030
100022
100015
100008
100001
100680
100662
100661
100645
100644
100629
100627
100613
100611
100597
100595
100582
100579
100567
100564
100552
100548
100537
100533
100523
100518
100508
100504
100494
100489
100479
100474
100465
100460
100450
100445
100436
100430
100421
100416
100407
100401
100393
100387
100378
100373
100364
100358
100350
100344
100335
100329
100321
100315
100307
100300
100292
100286
100278
100272
100264
100257
100249
100243
100235
100229
100221
100214
100207
100200
100192
100186
100178
100171
100164
100157
100149
100143
100135
100128
100121
100114
100107
100100
100092
100085
100078
100071
100064
100057
100050
100042
100035
100028
100021
100665
100646
100646
100629
100628
100613
100611
100597
100595
100582
100579
100566
100563
100551
100548
100536
100533
100521
100517
100507
100503
100492
100488
100478
100473
100463
100458
100449
100444
100434
100429
100420
100415
100405
100400
100391
100386
100377
100371
100362
100357
100348
100342
100334
100328
100319
100313
100305
100299
100291
100285
100276
100270
100262
100256
100248
100241
100234
100227
100219
100213
100205
100198
100191
100184
100176
100170
100162
100155
100148
100141
100133
100127
100119
100112
100105
100098
100091
100084
100076
100069
100062
100055
100048
100041
100034
100027
100019
100012
100006
100675
100656
100656
100640
100638
100623
100621
100608
100605
100592
100589
100577
100574
100562
100558
100547
100543
100532
100528
100517
100513
100503
100498
100488
100483
100474
100469
100459
100454
100445
100440
100430
100425
100416
100410
100402
100396
100387
100382
100373
100367
100359
100353
100344
100338
100330
100324
100316
100309
100301
100295
100287
100281
100273
100266
100258
100252
100244
100238
100230
100223
100215
100209
100201
100194
100187
100180
100173
100166
100158
100151
100144
100137
100130
100123
100115
100108
100101
100094
100087
100080
100073
100066
100058
100051
100044
100037
100030
100023
100016
100670
100651
100651
100634
100633
100618
100616
100602
100600
100587
100584
100571
100568
100556
100553
100541
100538
100527
100523
100512
100508
100497
100493
100483
100478
100468
100464
100454
100449
100439
100434
100425
100420
100411
100405
100396
100391
100382
100376
100368
100362
100353
100347
100339
100333
100325
100319
100310
100304
100296
100290
100282
100275
100267
100261
100253
100247
100239
100232
100224
100218
100210
100204
100196
100189
100182
100175
100167
100161
100153
100146
100139
100132
100124
100117
100110
100103
100096
100089
100082
100075
100067
100060
100053
100046
100039
100032
100025
100018
100011
100670
100651
100651
100634
100633
100618
100616
100602
100600
100587
100584
100572
100569
100557
100553
100542
100538
100527
100523
100512
100508
100498
100493
100483
100478
100469
100464
100454
100449
100440
100434
100425
100420
100411
100405
100396
100391
100382
100376
100368
100362
100353
100348
100339
100333
100325
100319
100310
100304
100296
100290
100282
100276
100268
100261
100253
100247
100239
100232
100225
100218
100210
100204
100196
100189
100182
100175
100167
100161
100153
100146
100139
100132
100125
100118
100110
100103
100096
100089
100082
100075
100068
100060
100053
100046
100039
100032
100025
100018
100011
100675
100656
100656
100639
100638
100623
100621
100607
100605
100592
100589
100577
100573
100561
100558
100547
100543
100532
100528
100517
100513
100502
100498
100488
100483
100473
100469
100459
100454
100444
100439
100430
100425
100416
100410
100401
100396
100387
100381
100373
100367
100358
100352
100344
100338
100330
100324
100315
100309
100301
100295
100287
100280
100272
100266
100258
100252
100244
100237
100230
100223
100215
100209
100201
100194
100187
100180
100172
100166
100158
100151
100144
100137
100129
100123
100115
100108
100101
100094
100087
100080
100072
100065
100058
100051
100044
100037
100030
100023
100016
100665
100646
100646
100629
100628
100613
100611
100597
100595
100582
100579
100567
100563
100551
100548
100537
100533
100522
100518
100507
100503
100492
100488
100478
100473
100463
100459
100449
100444
100434
100429
100420
100415
100406
100400
100391
100386
100377
100371
100363
100357
100348
100342
100334
100328
100320
100314
100305
100299
100291
100285
100277
100270
100262
100256
100248
100242
100234
100227
100219
100213
100205
100199
100191
100184
100177
100170
100162
100156
100148
100141
100134
100127
100119
100112
100105
100098
100091
100084
100077
100070
100062
100055
100048
100041
100034
100027
100020
100013
100006
100680
100662
100661
100645
100644
100629
100627
100613
100610
100597
100594
100582
100579
100567
100563
100552
100548
100537
100533
100522
100518
100508
100503
100493
100489
100479
100474
100464
100459
100450
100445
100435
100430
100421
100416
100407
100401
100392
100387
100378
100372
100364
100358
100349
100343
100335
100329
100321
100315
100306
100300
100292
100286
100278
100271
100264
100257
100249
100243
100235
100228
100221
100214
100206
100200
100192
100185
100178
100171
100163
100157
100149
100142
100135
100128
100121
100114
100106
100099
100092
100085
100078
100071
100064
100056
100049
100042
100035
100028
100021
100661
100642
100642
100625
100624
100609
100607
100593
100591
100578
100575
100562
100559
100547
100544
100532
100529
100518
100514
100503
100499
100488
100484
100474
100469
100459
100454
100445
100440
100430
100425
100416
100411
100402
100396
100387
100382
100373
100367
100358
100353
100344
100338
100330
100324
100316
100309
100301
100295
100287
100281
100273
100266
100258
100252
100244
100238
100230
100223
100215
100209
100201
100194
100187
100180
100172
100166
100158
100151
100144
100137
100130
100123
100115
100108
100101
100094
100087
100080
100072
100065
100058
100051
100044
100037
100030
100023
100016
100009
100002
100695
100677
100677
100660
100659
100644
100642
100628
100626
100613
100610
100597
100594
100582
100579
100567
100564
100553
100549
100538
100534
100523
100519
100509
100504
100494
100489
100480
100475
100465
100460
100451
100446
100436
100431
100422
100416
100408
100402
100393
100388
100379
100373
100365
100359
100350
100344
100336
100330
100322
100315
100307
100301
100293
100287
100279
100272
100264
100258
100250
100244
100236
100229
100222
100215
100207
100201
100193
100186
100179
100172
100164
100158
100150
100143
100136
100129
100122
100115
100107
100100
100093
100086
100079
100072
100065
100057
100050
100043
100036
)
;

boundaryField
{
    upperWall
    {
        type            calculated;
        value           nonuniform List<scalar> 
660
(
100724
100689
100679
100679
100689
100724
100706
100689
100677
100677
100689
100706
100713
100683
100676
100676
100683
100713
100702
100684
100673
100673
100684
100702
100708
100679
100672
100672
100679
100708
100698
100680
100670
100670
100680
100698
100703
100677
100669
100669
100677
100703
100695
100676
100667
100667
100676
100695
100699
100674
100667
100667
100674
100699
100692
100673
100665
100665
100673
100692
100695
100671
100664
100664
100671
100695
100689
100670
100662
100662
100670
100689
100691
100669
100661
100661
100669
100691
100686
100667
100660
100660
100667
100686
100687
100666
100659
100659
100666
100687
100683
100664
100657
100657
100664
100683
100684
100663
100656
100656
100663
100684
100680
100661
100654
100654
100661
100680
100680
100661
100653
100653
100661
100680
100676
100659
100652
100652
100659
100676
100695
100642
100649
100649
100642
100695
100677
100628
100638
100638
100628
100677
100677
100627
100635
100635
100627
100677
100660
100614
100624
100624
100614
100660
100659
100612
100622
100622
100612
100659
100644
100599
100611
100611
100599
100644
100642
100597
100608
100608
100597
100642
100628
100585
100597
100597
100585
100628
100626
100583
100595
100595
100583
100626
100613
100571
100584
100584
100571
100613
100610
100568
100581
100581
100568
100610
100597
100556
100570
100570
100556
100597
100594
100553
100567
100567
100553
100594
100582
100542
100556
100556
100542
100582
100579
100538
100553
100553
100538
100579
100567
100527
100542
100542
100527
100567
100564
100524
100539
100539
100524
100564
100553
100513
100528
100528
100513
100553
100549
100509
100524
100524
100509
100549
100538
100499
100514
100514
100499
100538
100534
100494
100510
100510
100494
100534
100523
100484
100500
100500
100484
100523
100519
100480
100496
100496
100480
100519
100509
100470
100486
100486
100470
100509
100504
100465
100482
100482
100465
100504
100494
100456
100472
100472
100456
100494
100489
100451
100467
100467
100451
100489
100480
100441
100458
100458
100441
100480
100475
100436
100453
100453
100436
100475
100465
100427
100443
100443
100427
100465
100460
100422
100438
100438
100422
100460
100451
100412
100429
100429
100412
100451
100446
100407
100424
100424
100407
100446
100436
100398
100415
100415
100398
100436
100431
100393
100410
100410
100393
100431
100422
100384
100401
100401
100384
100422
100416
100378
100395
100395
100378
100416
100408
100370
100386
100386
100370
100408
100402
100364
100381
100381
100364
100402
100393
100355
100372
100372
100355
100393
100388
100350
100366
100366
100350
100388
100379
100341
100358
100358
100341
100379
100373
100335
100352
100352
100335
100373
100365
100327
100343
100343
100327
100365
100359
100321
100338
100338
100321
100359
100350
100312
100329
100329
100312
100350
100344
100306
100323
100323
100306
100344
100336
100298
100315
100315
100298
100336
100330
100292
100309
100309
100292
100330
100322
100284
100301
100301
100284
100322
100315
100278
100294
100294
100278
100315
100307
100269
100286
100286
100269
100307
100301
100263
100280
100280
100263
100301
100293
100255
100272
100272
100255
100293
100287
100249
100266
100266
100249
100287
100279
100241
100258
100258
100241
100279
100272
100234
100251
100251
100234
100272
100264
100227
100243
100243
100227
100264
100258
100220
100237
100237
100220
100258
100250
100212
100229
100229
100212
100250
100244
100206
100223
100223
100206
100244
100236
100198
100215
100215
100198
100236
100229
100191
100208
100208
100191
100229
100222
100184
100201
100201
100184
100222
100215
100177
100194
100194
100177
100215
100207
100169
100186
100186
100169
100207
100201
100163
100179
100179
100163
100201
100193
100155
100172
100172
100155
100193
100186
100148
100165
100165
100148
100186
100179
100141
100158
100158
100141
100179
100172
100134
100151
100151
100134
100172
100164
100126
100143
100143
100126
100164
100158
100120
100136
100136
100120
100158
100150
100112
100129
100129
100112
100150
100143
100105
100122
100122
100105
100143
100136
100098
100115
100115
100098
100136
100129
100091
100108
100108
100091
100129
100122
100084
100100
100100
100084
100122
100115
100077
100093
100093
100077
100115
100107
100069
100086
100086
100069
100107
100100
100062
100079
100079
100062
100100
100093
100055
100072
100072
100055
100093
100086
100048
100065
100065
100048
100086
100079
100041
100057
100057
100041
100079
100072
100034
100050
100050
100034
100072
100065
100026
100043
100043
100026
100065
100057
100019
100036
100036
100019
100057
100050
100012
100029
100029
100012
100050
100043
100005
100021
100021
100005
100043
100036
99997.8
100014
100014
99997.8
100036
)
;
    }
    lowerWall
    {
        type            calculated;
        value           nonuniform List<scalar> 
120
(
100724
100689
100679
100679
100689
100724
100706
100689
100677
100677
100689
100706
100713
100683
100676
100676
100683
100713
100702
100684
100673
100673
100684
100702
100708
100679
100672
100672
100679
100708
100698
100680
100670
100670
100680
100698
100703
100677
100669
100669
100677
100703
100695
100676
100667
100667
100676
100695
100699
100674
100667
100667
100674
100699
100692
100673
100665
100665
100673
100692
100695
100671
100664
100664
100671
100695
100689
100670
100662
100662
100670
100689
100691
100669
100661
100661
100669
100691
100686
100667
100660
100660
100667
100686
100687
100666
100659
100659
100666
100687
100683
100664
100657
100657
100664
100683
100684
100663
100656
100656
100663
100684
100680
100661
100654
100654
100661
100680
100680
100661
100653
100653
100661
100680
100676
100659
100652
100652
100659
100676
)
;
    }
    heatedWall
    {
        type            calculated;
        value           nonuniform List<scalar> 
540
(
100696
100641
100649
100649
100641
100696
100677
100628
100638
100638
100628
100677
100677
100626
100635
100635
100626
100677
100660
100614
100624
100624
100614
100660
100659
100612
100622
100622
100612
100659
100644
100599
100611
100611
100599
100644
100642
100597
100608
100608
100597
100642
100628
100585
100597
100597
100585
100628
100626
100583
100595
100595
100583
100626
100613
100571
100584
100584
100571
100613
100610
100568
100581
100581
100568
100610
100598
100556
100570
100570
100556
100598
100594
100553
100567
100567
100553
100594
100583
100542
100556
100556
100542
100583
100579
100538
100553
100553
100538
100579
100568
100527
100542
100542
100527
100568
100564
100524
100539
100539
100524
100564
100553
100513
100528
100528
100513
100553
100549
100509
100525
100525
100509
100549
100538
100498
100514
100514
100498
100538
100534
100494
100510
100510
100494
100534
100523
100484
100500
100500
100484
100523
100519
100480
100496
100496
100480
100519
100509
100470
100486
100486
100470
100509
100504
100465
100482
100482
100465
100504
100494
100455
100472
100472
100455
100494
100490
100451
100467
100467
100451
100490
100480
100441
100458
100458
100441
100480
100475
100436
100453
100453
100436
100475
100466
100427
100443
100443
100427
100466
100460
100422
100438
100438
100422
100460
100451
100412
100429
100429
100412
100451
100446
100407
100424
100424
100407
100446
100437
100398
100415
100415
100398
100437
100431
100393
100410
100410
100393
100431
100422
100384
100401
100401
100384
100422
100417
100378
100395
100395
100378
100417
100408
100369
100386
100386
100369
100408
100402
100364
100381
100381
100364
100402
100394
100355
100372
100372
100355
100394
100388
100349
100366
100366
100349
100388
100379
100341
100358
100358
100341
100379
100373
100335
100352
100352
100335
100373
100365
100327
100344
100344
100327
100365
100359
100321
100338
100338
100321
100359
100351
100312
100329
100329
100312
100351
100345
100306
100323
100323
100306
100345
100336
100298
100315
100315
100298
100336
100330
100292
100309
100309
100292
100330
100322
100284
100301
100301
100284
100322
100316
100277
100294
100294
100277
100316
100308
100269
100286
100286
100269
100308
100301
100263
100280
100280
100263
100301
100293
100255
100272
100272
100255
100293
100287
100249
100266
100266
100249
100287
100279
100241
100258
100258
100241
100279
100273
100234
100251
100251
100234
100273
100265
100226
100243
100243
100226
100265
100258
100220
100237
100237
100220
100258
100250
100212
100229
100229
100212
100250
100244
100206
100223
100223
100206
100244
100236
100198
100215
100215
100198
100236
100230
100191
100208
100208
100191
100230
100222
100184
100201
100201
100184
100222
100215
100177
100194
100194
100177
100215
100208
100169
100186
100186
100169
100208
100201
100162
100180
100180
100162
100201
100193
100155
100172
100172
100155
100193
100186
100148
100165
100165
100148
100186
100179
100141
100158
100158
100141
100179
100172
100134
100151
100151
100134
100172
100165
100126
100143
100143
100126
100165
100158
100119
100136
100136
100119
100158
100150
100112
100129
100129
100112
100150
100143
100105
100122
100122
100105
100143
100136
100098
100115
100115
100098
100136
100129
100091
100108
100108
100091
100129
100122
100083
100100
100100
100083
100122
100115
100076
100093
100093
100076
100115
100108
100069
100086
100086
100069
100108
100101
100062
100079
100079
100062
100101
100093
100055
100072
100072
100055
100093
100086
100048
100065
100065
100048
100086
100079
100041
100057
100057
100041
100079
100072
100033
100050
100050
100033
100072
100065
100026
100043
100043
100026
100065
100058
100019
100036
100036
100019
100058
100051
100012
100029
100029
100012
100051
100044
100005
100022
100022
100005
100044
100037
99997.7
100014
100014
99997.7
100037
)
;
    }
    inlet
    {
        type            calculated;
        value           nonuniform List<scalar> 
72
(
100724
100708
100716
100708
100712
100710
100710
100712
100708
100716
100708
100724
100689
100699
100691
100697
100692
100694
100694
100692
100697
100691
100699
100689
100679
100679
100679
100679
100679
100679
100679
100679
100679
100679
100679
100679
100679
100679
100679
100679
100679
100679
100679
100679
100679
100679
100679
100679
100689
100699
100691
100697
100692
100694
100694
100692
100697
100691
100699
100689
100724
100708
100716
100708
100712
100710
100710
100712
100708
100716
100708
100724
)
;
    }
    outlet
    {
        type            calculated;
        value           nonuniform List<scalar> 
72
(
100027
100001
100016
100004
100012
100008
100008
100012
100004
100016
100001
100027
99998.3
100023
100004
100018
100009
100013
100013
100009
100018
100004
100023
99998.4
100011
100011
100011
100011
100011
100011
100011
100011
100011
100011
100011
100011
100011
100011
100011
100011
100011
100011
100011
100011
100011
100011
100011
100011
99998.3
100023
100004
100018
100009
100013
100013
100009
100018
100004
100023
99998.4
100027
100001
100016
100004
100012
100008
100008
100012
100004
100016
100001
100027
)
;
    }
    frontAndBack
    {
        type            empty;
    }
}


// ************************************************************************* //
