/*--------------------------------*- C++ -*----------------------------------*\
  =========                 |
  \\      /  F ield         | OpenFOAM: The Open Source CFD Toolbox
   \\    /   O peration     | Website:  https://openfoam.org
    \\  /    A nd           | Version:  7
     \\/     M anipulation  |
\*---------------------------------------------------------------------------*/
FoamFile
{
    version     2.0;
    format      ascii;
    class       volScalarField;
    location    "0.595";
    object      pPrime2Mean;
}
// * * * * * * * * * * * * * * * * * * * * * * * * * * * * * * * * * * * * * //

dimensions      [2 -2 -4 0 0 0 0];

internalField   nonuniform List<scalar> 
4950
(
1.99824e+06
1.99664e+06
1.9969e+06
1.99508e+06
1.99526e+06
1.99283e+06
1.9927e+06
1.98969e+06
1.98915e+06
1.98568e+06
1.98478e+06
1.98102e+06
1.97983e+06
1.97589e+06
1.9745e+06
1.97041e+06
1.96885e+06
1.96461e+06
1.96299e+06
1.95911e+06
1.99844e+06
1.99669e+06
1.99686e+06
1.99495e+06
1.99509e+06
1.99261e+06
1.99249e+06
1.98946e+06
1.98894e+06
1.98546e+06
1.98457e+06
1.98079e+06
1.97961e+06
1.97564e+06
1.97424e+06
1.97012e+06
1.96854e+06
1.96428e+06
1.96258e+06
1.95876e+06
1.99826e+06
1.9965e+06
1.9967e+06
1.99486e+06
1.99503e+06
1.9926e+06
1.99247e+06
1.98946e+06
1.98894e+06
1.98548e+06
1.98459e+06
1.98082e+06
1.97965e+06
1.9757e+06
1.97431e+06
1.97021e+06
1.96865e+06
1.9644e+06
1.96276e+06
1.95863e+06
1.99849e+06
1.99667e+06
1.9968e+06
1.99487e+06
1.99499e+06
1.99251e+06
1.99238e+06
1.98936e+06
1.98885e+06
1.98539e+06
1.98452e+06
1.98075e+06
1.97958e+06
1.97561e+06
1.97422e+06
1.97011e+06
1.96851e+06
1.96426e+06
1.96251e+06
1.95847e+06
1.99828e+06
1.9965e+06
1.99668e+06
1.99483e+06
1.99499e+06
1.99256e+06
1.99243e+06
1.98943e+06
1.98891e+06
1.98546e+06
1.98457e+06
1.98081e+06
1.97964e+06
1.97569e+06
1.97431e+06
1.97022e+06
1.96866e+06
1.9644e+06
1.96274e+06
1.95854e+06
1.99849e+06
1.99667e+06
1.9968e+06
1.99487e+06
1.99499e+06
1.99251e+06
1.99238e+06
1.98936e+06
1.98885e+06
1.98539e+06
1.98452e+06
1.98075e+06
1.97958e+06
1.97561e+06
1.97422e+06
1.97011e+06
1.96851e+06
1.96426e+06
1.96251e+06
1.95847e+06
1.99826e+06
1.9965e+06
1.9967e+06
1.99486e+06
1.99503e+06
1.9926e+06
1.99247e+06
1.98946e+06
1.98894e+06
1.98548e+06
1.98459e+06
1.98082e+06
1.97965e+06
1.9757e+06
1.97431e+06
1.97022e+06
1.96865e+06
1.9644e+06
1.96276e+06
1.95863e+06
1.99844e+06
1.99669e+06
1.99686e+06
1.99495e+06
1.99509e+06
1.99261e+06
1.99249e+06
1.98946e+06
1.98894e+06
1.98546e+06
1.98457e+06
1.98079e+06
1.97961e+06
1.97564e+06
1.97424e+06
1.97012e+06
1.96853e+06
1.96428e+06
1.96258e+06
1.95876e+06
1.99824e+06
1.99664e+06
1.9969e+06
1.99508e+06
1.99526e+06
1.99283e+06
1.9927e+06
1.98969e+06
1.98915e+06
1.98568e+06
1.98478e+06
1.98102e+06
1.97983e+06
1.97589e+06
1.9745e+06
1.97041e+06
1.96885e+06
1.96461e+06
1.96299e+06
1.95911e+06
1.99596e+06
1.9934e+06
1.99437e+06
1.99181e+06
1.99286e+06
1.98985e+06
1.99048e+06
1.98693e+06
1.98709e+06
1.98316e+06
1.98292e+06
1.97877e+06
1.9782e+06
1.97392e+06
1.97308e+06
1.96871e+06
1.96762e+06
1.96314e+06
1.96193e+06
1.9575e+06
1.99594e+06
1.99326e+06
1.99428e+06
1.99176e+06
1.99281e+06
1.98985e+06
1.9905e+06
1.987e+06
1.98718e+06
1.98329e+06
1.98305e+06
1.97893e+06
1.97837e+06
1.97411e+06
1.97328e+06
1.96893e+06
1.96785e+06
1.96339e+06
1.96227e+06
1.95764e+06
1.99609e+06
1.99343e+06
1.99439e+06
1.99179e+06
1.99282e+06
1.98981e+06
1.99046e+06
1.98695e+06
1.98714e+06
1.98324e+06
1.98301e+06
1.97888e+06
1.97832e+06
1.97405e+06
1.97321e+06
1.96883e+06
1.96773e+06
1.96322e+06
1.96195e+06
1.95738e+06
1.996e+06
1.99329e+06
1.99428e+06
1.99171e+06
1.99274e+06
1.98976e+06
1.99043e+06
1.98695e+06
1.98714e+06
1.98327e+06
1.98305e+06
1.97894e+06
1.97838e+06
1.97413e+06
1.9733e+06
1.96896e+06
1.96788e+06
1.96339e+06
1.96224e+06
1.95756e+06
1.99613e+06
1.99344e+06
1.99438e+06
1.99176e+06
1.99277e+06
1.98976e+06
1.99042e+06
1.98692e+06
1.98712e+06
1.98323e+06
1.98301e+06
1.97887e+06
1.97832e+06
1.97405e+06
1.97321e+06
1.96884e+06
1.96774e+06
1.96321e+06
1.96195e+06
1.95734e+06
1.996e+06
1.99329e+06
1.99428e+06
1.99171e+06
1.99274e+06
1.98976e+06
1.99043e+06
1.98695e+06
1.98714e+06
1.98327e+06
1.98305e+06
1.97894e+06
1.97838e+06
1.97413e+06
1.9733e+06
1.96896e+06
1.96788e+06
1.96339e+06
1.96224e+06
1.95756e+06
1.99609e+06
1.99343e+06
1.99439e+06
1.99179e+06
1.99282e+06
1.98981e+06
1.99046e+06
1.98695e+06
1.98714e+06
1.98324e+06
1.98301e+06
1.97888e+06
1.97832e+06
1.97405e+06
1.97321e+06
1.96883e+06
1.96773e+06
1.96322e+06
1.96195e+06
1.95738e+06
1.99594e+06
1.99326e+06
1.99428e+06
1.99176e+06
1.99281e+06
1.98985e+06
1.9905e+06
1.987e+06
1.98718e+06
1.98329e+06
1.98305e+06
1.97893e+06
1.97837e+06
1.97411e+06
1.97328e+06
1.96893e+06
1.96785e+06
1.96339e+06
1.96226e+06
1.95765e+06
1.99596e+06
1.9934e+06
1.99437e+06
1.99181e+06
1.99286e+06
1.98985e+06
1.99048e+06
1.98693e+06
1.98709e+06
1.98316e+06
1.98292e+06
1.97877e+06
1.9782e+06
1.97392e+06
1.97308e+06
1.96871e+06
1.96762e+06
1.96314e+06
1.96193e+06
1.9575e+06
1.99526e+06
1.99268e+06
1.99331e+06
1.99081e+06
1.99163e+06
1.98884e+06
1.98945e+06
1.98612e+06
1.98626e+06
1.98247e+06
1.98222e+06
1.97815e+06
1.97761e+06
1.97336e+06
1.97257e+06
1.96817e+06
1.96717e+06
1.96257e+06
1.96152e+06
1.95701e+06
1.99535e+06
1.99273e+06
1.99334e+06
1.99083e+06
1.99164e+06
1.98883e+06
1.98943e+06
1.9861e+06
1.98626e+06
1.98248e+06
1.98224e+06
1.97818e+06
1.97764e+06
1.9734e+06
1.97261e+06
1.9682e+06
1.96719e+06
1.96259e+06
1.96152e+06
1.95689e+06
1.99534e+06
1.99275e+06
1.99335e+06
1.99083e+06
1.9916e+06
1.98877e+06
1.98937e+06
1.98606e+06
1.98624e+06
1.98247e+06
1.98225e+06
1.97819e+06
1.97766e+06
1.97342e+06
1.97263e+06
1.96822e+06
1.96721e+06
1.96261e+06
1.96153e+06
1.95691e+06
1.9954e+06
1.99278e+06
1.99337e+06
1.99084e+06
1.99161e+06
1.98878e+06
1.98937e+06
1.98605e+06
1.98622e+06
1.98246e+06
1.98223e+06
1.97818e+06
1.97765e+06
1.97342e+06
1.97264e+06
1.96823e+06
1.96722e+06
1.96261e+06
1.96152e+06
1.9569e+06
1.99537e+06
1.99277e+06
1.99336e+06
1.99083e+06
1.9916e+06
1.98875e+06
1.98935e+06
1.98604e+06
1.98622e+06
1.98246e+06
1.98224e+06
1.97819e+06
1.97766e+06
1.97342e+06
1.97264e+06
1.96823e+06
1.96722e+06
1.96262e+06
1.96153e+06
1.95693e+06
1.9954e+06
1.99278e+06
1.99337e+06
1.99084e+06
1.99161e+06
1.98878e+06
1.98937e+06
1.98605e+06
1.98622e+06
1.98246e+06
1.98224e+06
1.97818e+06
1.97765e+06
1.97342e+06
1.97264e+06
1.96823e+06
1.96722e+06
1.96261e+06
1.96152e+06
1.9569e+06
1.99534e+06
1.99275e+06
1.99335e+06
1.99083e+06
1.9916e+06
1.98877e+06
1.98937e+06
1.98606e+06
1.98624e+06
1.98247e+06
1.98225e+06
1.97819e+06
1.97766e+06
1.97342e+06
1.97263e+06
1.96822e+06
1.96721e+06
1.96261e+06
1.96153e+06
1.95692e+06
1.99535e+06
1.99273e+06
1.99334e+06
1.99083e+06
1.99164e+06
1.98883e+06
1.98943e+06
1.9861e+06
1.98626e+06
1.98248e+06
1.98224e+06
1.97818e+06
1.97764e+06
1.9734e+06
1.97261e+06
1.9682e+06
1.96719e+06
1.96259e+06
1.96152e+06
1.95689e+06
1.99526e+06
1.99268e+06
1.99331e+06
1.99081e+06
1.99163e+06
1.98884e+06
1.98945e+06
1.98612e+06
1.98626e+06
1.98247e+06
1.98222e+06
1.97815e+06
1.97761e+06
1.97336e+06
1.97257e+06
1.96817e+06
1.96716e+06
1.96258e+06
1.96151e+06
1.95702e+06
1.99596e+06
1.9934e+06
1.99437e+06
1.99181e+06
1.99286e+06
1.98985e+06
1.99048e+06
1.98693e+06
1.98709e+06
1.98316e+06
1.98292e+06
1.97877e+06
1.9782e+06
1.97392e+06
1.97308e+06
1.96871e+06
1.96763e+06
1.96314e+06
1.96193e+06
1.9575e+06
1.99594e+06
1.99326e+06
1.99428e+06
1.99176e+06
1.99281e+06
1.98985e+06
1.9905e+06
1.987e+06
1.98718e+06
1.98329e+06
1.98305e+06
1.97893e+06
1.97837e+06
1.97411e+06
1.97328e+06
1.96893e+06
1.96785e+06
1.96339e+06
1.96227e+06
1.95764e+06
1.99609e+06
1.99343e+06
1.99439e+06
1.99179e+06
1.99282e+06
1.98981e+06
1.99046e+06
1.98695e+06
1.98714e+06
1.98324e+06
1.98301e+06
1.97888e+06
1.97832e+06
1.97405e+06
1.97321e+06
1.96883e+06
1.96773e+06
1.96322e+06
1.96195e+06
1.95738e+06
1.99601e+06
1.99329e+06
1.99428e+06
1.99171e+06
1.99274e+06
1.98976e+06
1.99043e+06
1.98695e+06
1.98714e+06
1.98327e+06
1.98305e+06
1.97894e+06
1.97838e+06
1.97413e+06
1.9733e+06
1.96896e+06
1.96788e+06
1.96339e+06
1.96224e+06
1.95756e+06
1.99613e+06
1.99344e+06
1.99438e+06
1.99176e+06
1.99277e+06
1.98976e+06
1.99042e+06
1.98692e+06
1.98712e+06
1.98323e+06
1.98301e+06
1.97887e+06
1.97832e+06
1.97405e+06
1.97321e+06
1.96884e+06
1.96774e+06
1.96322e+06
1.96195e+06
1.95734e+06
1.99601e+06
1.99329e+06
1.99428e+06
1.99171e+06
1.99274e+06
1.98976e+06
1.99043e+06
1.98695e+06
1.98714e+06
1.98327e+06
1.98305e+06
1.97894e+06
1.97838e+06
1.97413e+06
1.9733e+06
1.96896e+06
1.96788e+06
1.96339e+06
1.96224e+06
1.95756e+06
1.99609e+06
1.99343e+06
1.99439e+06
1.99179e+06
1.99282e+06
1.98981e+06
1.99046e+06
1.98695e+06
1.98714e+06
1.98324e+06
1.98301e+06
1.97888e+06
1.97832e+06
1.97405e+06
1.97321e+06
1.96883e+06
1.96773e+06
1.96322e+06
1.96195e+06
1.95738e+06
1.99594e+06
1.99326e+06
1.99428e+06
1.99176e+06
1.99281e+06
1.98985e+06
1.9905e+06
1.987e+06
1.98718e+06
1.98329e+06
1.98305e+06
1.97893e+06
1.97837e+06
1.97411e+06
1.97328e+06
1.96893e+06
1.96785e+06
1.96339e+06
1.96226e+06
1.95765e+06
1.99596e+06
1.9934e+06
1.99437e+06
1.99181e+06
1.99286e+06
1.98985e+06
1.99048e+06
1.98693e+06
1.98709e+06
1.98316e+06
1.98292e+06
1.97877e+06
1.9782e+06
1.97392e+06
1.97308e+06
1.96871e+06
1.96762e+06
1.96314e+06
1.96193e+06
1.9575e+06
1.99824e+06
1.99664e+06
1.9969e+06
1.99508e+06
1.99526e+06
1.99283e+06
1.9927e+06
1.98969e+06
1.98915e+06
1.98569e+06
1.98478e+06
1.98102e+06
1.97984e+06
1.97589e+06
1.9745e+06
1.97041e+06
1.96885e+06
1.96461e+06
1.96299e+06
1.95911e+06
1.99844e+06
1.99669e+06
1.99686e+06
1.99495e+06
1.99509e+06
1.99261e+06
1.99249e+06
1.98946e+06
1.98894e+06
1.98547e+06
1.98457e+06
1.98079e+06
1.97961e+06
1.97564e+06
1.97424e+06
1.97012e+06
1.96854e+06
1.96428e+06
1.96259e+06
1.95876e+06
1.99826e+06
1.9965e+06
1.9967e+06
1.99486e+06
1.99503e+06
1.9926e+06
1.99247e+06
1.98946e+06
1.98894e+06
1.98548e+06
1.98459e+06
1.98082e+06
1.97965e+06
1.9757e+06
1.97431e+06
1.97022e+06
1.96865e+06
1.9644e+06
1.96276e+06
1.95863e+06
1.99849e+06
1.99667e+06
1.9968e+06
1.99487e+06
1.99499e+06
1.99251e+06
1.99238e+06
1.98936e+06
1.98885e+06
1.98539e+06
1.98452e+06
1.98075e+06
1.97958e+06
1.97561e+06
1.97422e+06
1.97011e+06
1.96852e+06
1.96427e+06
1.96251e+06
1.95847e+06
1.99828e+06
1.9965e+06
1.99668e+06
1.99483e+06
1.99499e+06
1.99256e+06
1.99243e+06
1.98943e+06
1.98891e+06
1.98546e+06
1.98457e+06
1.98081e+06
1.97964e+06
1.97569e+06
1.97432e+06
1.97022e+06
1.96866e+06
1.9644e+06
1.96274e+06
1.95854e+06
1.99849e+06
1.99667e+06
1.9968e+06
1.99487e+06
1.99499e+06
1.99251e+06
1.99238e+06
1.98936e+06
1.98885e+06
1.98539e+06
1.98452e+06
1.98075e+06
1.97958e+06
1.97561e+06
1.97422e+06
1.97011e+06
1.96851e+06
1.96427e+06
1.96251e+06
1.95847e+06
1.99826e+06
1.9965e+06
1.9967e+06
1.99486e+06
1.99503e+06
1.9926e+06
1.99247e+06
1.98946e+06
1.98894e+06
1.98548e+06
1.98459e+06
1.98082e+06
1.97965e+06
1.9757e+06
1.97431e+06
1.97022e+06
1.96865e+06
1.9644e+06
1.96276e+06
1.95863e+06
1.99844e+06
1.99669e+06
1.99686e+06
1.99495e+06
1.99509e+06
1.99261e+06
1.99249e+06
1.98946e+06
1.98894e+06
1.98547e+06
1.98457e+06
1.98079e+06
1.97961e+06
1.97564e+06
1.97424e+06
1.97012e+06
1.96854e+06
1.96428e+06
1.96258e+06
1.95876e+06
1.99824e+06
1.99664e+06
1.9969e+06
1.99508e+06
1.99526e+06
1.99283e+06
1.9927e+06
1.98969e+06
1.98915e+06
1.98569e+06
1.98478e+06
1.98102e+06
1.97983e+06
1.97589e+06
1.9745e+06
1.97041e+06
1.96885e+06
1.96461e+06
1.96299e+06
1.95911e+06
1.95417e+06
1.93581e+06
1.92803e+06
1.90902e+06
1.8994e+06
1.87943e+06
1.8683e+06
1.84751e+06
1.83503e+06
1.8135e+06
1.79977e+06
1.77757e+06
1.76267e+06
1.73986e+06
1.72388e+06
1.70049e+06
1.6835e+06
1.65959e+06
1.64166e+06
1.61726e+06
1.59846e+06
1.57362e+06
1.55401e+06
1.52877e+06
1.5084e+06
1.48279e+06
1.46172e+06
1.43577e+06
1.41405e+06
1.3878e+06
1.3655e+06
1.33897e+06
1.31613e+06
1.28938e+06
1.26605e+06
1.2391e+06
1.21534e+06
1.18823e+06
1.1641e+06
1.13687e+06
1.11242e+06
1.08513e+06
1.06041e+06
1.033e+06
1.00792e+06
980402
955145
927714
902399
875101
849807
822696
797482
770596
745516
718890
693997
667664
643013
617010
592657
567021
543025
517793
494215
469429
446331
422028
399478
375702
353766
330565
309325
286744
266287
244397
224812
203670
185088
164789
147312
127951
111765
93455
78689.6
61799.8
48885.3
33129.7
21980.4
9696.66
1.95317e+06
1.9345e+06
1.92664e+06
1.90752e+06
1.89783e+06
1.87775e+06
1.86656e+06
1.8457e+06
1.83316e+06
1.81159e+06
1.79781e+06
1.77558e+06
1.76065e+06
1.73781e+06
1.72181e+06
1.69841e+06
1.68141e+06
1.65749e+06
1.63956e+06
1.61517e+06
1.59637e+06
1.57155e+06
1.55194e+06
1.52672e+06
1.50636e+06
1.48077e+06
1.45972e+06
1.43379e+06
1.4121e+06
1.38587e+06
1.36359e+06
1.3371e+06
1.31428e+06
1.28756e+06
1.26426e+06
1.23734e+06
1.2136e+06
1.18652e+06
1.16242e+06
1.13522e+06
1.11081e+06
1.08355e+06
1.05886e+06
1.03149e+06
1.00643e+06
978952
953725
926329
901046
873783
848520
821444
796262
769411
744363
717770
692910
666611
641992
616023
591703
566100
542137
516939
493392
468640
445573
421304
398786
375043
353138
329970
308762
286214
265789
243931
224377
203267
184716
164449
147003
127673
111517
93237.8
78502
61641.4
48755.5
33028
21906.1
9646.06
1.95309e+06
1.935e+06
1.92719e+06
1.90818e+06
1.89855e+06
1.87857e+06
1.86743e+06
1.84663e+06
1.83415e+06
1.81262e+06
1.79889e+06
1.77669e+06
1.76179e+06
1.73898e+06
1.723e+06
1.69962e+06
1.68263e+06
1.65873e+06
1.64081e+06
1.61643e+06
1.59763e+06
1.57281e+06
1.5532e+06
1.52797e+06
1.50761e+06
1.48201e+06
1.46095e+06
1.43502e+06
1.41331e+06
1.38708e+06
1.36478e+06
1.33828e+06
1.31545e+06
1.28871e+06
1.26539e+06
1.23845e+06
1.21471e+06
1.18761e+06
1.16349e+06
1.13627e+06
1.11184e+06
1.08456e+06
1.05986e+06
1.03246e+06
1.00738e+06
979882
954637
927219
901916
874630
849347
822249
797046
770172
745104
718489
693607
667286
642646
616654
592312
566687
542702
517482
493914
469139
446051
421760
399220
375455
353530
330340
309111
286541
266095
244216
224642
203510
184940
164652
147186
127836
111662
93363.2
78609.3
61730.9
48828
33083.8
21943.9
9672.29
1.95279e+06
1.93415e+06
1.92624e+06
1.90711e+06
1.89741e+06
1.87733e+06
1.86613e+06
1.84526e+06
1.83272e+06
1.81113e+06
1.79735e+06
1.77511e+06
1.76018e+06
1.73733e+06
1.72133e+06
1.69793e+06
1.68092e+06
1.65701e+06
1.63907e+06
1.61468e+06
1.59588e+06
1.57106e+06
1.55145e+06
1.52623e+06
1.50587e+06
1.48028e+06
1.45923e+06
1.43331e+06
1.41161e+06
1.38539e+06
1.36311e+06
1.33662e+06
1.31381e+06
1.28709e+06
1.26379e+06
1.23688e+06
1.21315e+06
1.18608e+06
1.16197e+06
1.13479e+06
1.11038e+06
1.08313e+06
1.05844e+06
1.03107e+06
1.00602e+06
978550
953330
925941
900664
873408
848152
821084
795909
769065
744024
717440
692587
666296
641685
615724
591411
565817
541862
516672
493134
468390
445333
421072
398562
374829
352933
329774
308575
286036
265620
243772
224227
203127
184586
164328
146892
127572
111426
93156.7
78431.1
61580.6
48705.1
32987.7
21876.1
9626.32
1.95302e+06
1.93495e+06
1.92711e+06
1.9081e+06
1.89846e+06
1.87848e+06
1.86734e+06
1.84654e+06
1.83405e+06
1.81253e+06
1.79879e+06
1.77659e+06
1.76169e+06
1.73888e+06
1.72289e+06
1.69951e+06
1.68252e+06
1.65862e+06
1.64069e+06
1.61631e+06
1.59751e+06
1.57269e+06
1.55308e+06
1.52785e+06
1.50749e+06
1.48189e+06
1.46083e+06
1.43489e+06
1.41319e+06
1.38695e+06
1.36466e+06
1.33815e+06
1.31532e+06
1.28858e+06
1.26526e+06
1.23833e+06
1.21458e+06
1.18748e+06
1.16336e+06
1.13614e+06
1.11171e+06
1.08444e+06
1.05973e+06
1.03233e+06
1.00726e+06
979758
954513
927096
901794
874510
849229
822132
796931
770059
744992
718379
693500
667180
642543
616553
592213
566590
542608
517390
493825
469053
445968
421679
399142
375380
353458
330271
309045
286479
266036
244159
224589
203461
184894
164609
147147
127801
111630
93334.3
78584.1
61709.2
48810
33069.3
21932.4
9664.64
1.9528e+06
1.93414e+06
1.92623e+06
1.90709e+06
1.89739e+06
1.87731e+06
1.86611e+06
1.84524e+06
1.8327e+06
1.81112e+06
1.79734e+06
1.7751e+06
1.76016e+06
1.73732e+06
1.72131e+06
1.69791e+06
1.68091e+06
1.65699e+06
1.63905e+06
1.61467e+06
1.59586e+06
1.57104e+06
1.55143e+06
1.52621e+06
1.50585e+06
1.48027e+06
1.45921e+06
1.43329e+06
1.4116e+06
1.38538e+06
1.3631e+06
1.33661e+06
1.3138e+06
1.28708e+06
1.26378e+06
1.23687e+06
1.21314e+06
1.18607e+06
1.16196e+06
1.13478e+06
1.11037e+06
1.08312e+06
1.05843e+06
1.03106e+06
1.00601e+06
978541
953321
925932
900656
873400
848144
821076
795902
769058
744017
717433
692581
666290
641679
615718
591406
565812
541857
516667
493130
468386
445328
421068
398559
374825
352930
329771
308572
286034
265618
243769
224225
203125
184584
164327
146890
127571
111425
93155.7
78430.4
61580
48704.7
32987.4
21876
9626.07
1.95309e+06
1.93499e+06
1.92718e+06
1.90817e+06
1.89855e+06
1.87856e+06
1.86743e+06
1.84663e+06
1.83414e+06
1.81262e+06
1.79888e+06
1.77669e+06
1.76179e+06
1.73897e+06
1.72299e+06
1.69962e+06
1.68263e+06
1.65873e+06
1.6408e+06
1.61642e+06
1.59762e+06
1.5728e+06
1.55319e+06
1.52797e+06
1.5076e+06
1.48201e+06
1.46095e+06
1.43501e+06
1.41331e+06
1.38707e+06
1.36478e+06
1.33827e+06
1.31544e+06
1.2887e+06
1.26539e+06
1.23845e+06
1.2147e+06
1.1876e+06
1.16348e+06
1.13627e+06
1.11184e+06
1.08456e+06
1.05985e+06
1.03246e+06
1.00738e+06
979878
954633
927215
901912
874627
849344
822246
797044
770170
745101
718487
693605
667284
642645
616653
592311
566686
542702
517481
493914
469139
446052
421760
399221
375456
353531
330341
309112
286542
266096
244217
224643
203512
184942
164654
147188
127838
111664
93365.1
78611.2
61732.6
48829.8
33085.2
21945
9672.74
1.95316e+06
1.93445e+06
1.92658e+06
1.90746e+06
1.89776e+06
1.87769e+06
1.8665e+06
1.84564e+06
1.8331e+06
1.81153e+06
1.79775e+06
1.77552e+06
1.76059e+06
1.73775e+06
1.72175e+06
1.69835e+06
1.68135e+06
1.65744e+06
1.6395e+06
1.61512e+06
1.59632e+06
1.57149e+06
1.55189e+06
1.52667e+06
1.50631e+06
1.48072e+06
1.45967e+06
1.43374e+06
1.41205e+06
1.38582e+06
1.36354e+06
1.33705e+06
1.31424e+06
1.28751e+06
1.26421e+06
1.23729e+06
1.21356e+06
1.18648e+06
1.16238e+06
1.13518e+06
1.11077e+06
1.08351e+06
1.05883e+06
1.03145e+06
1.0064e+06
978917
953691
926296
901013
873751
848489
821414
796232
769382
744334
717743
692883
666585
641967
615999
591679
566077
542114
516917
493371
468619
445554
421285
398768
375026
353122
329955
308748
286201
265776
243919
224366
203257
184707
164441
146995
127666
111512
93232.7
78497.9
61638
48753.1
33026.1
21905
9645.03
1.95414e+06
1.93578e+06
1.92803e+06
1.90904e+06
1.89942e+06
1.87945e+06
1.86832e+06
1.84753e+06
1.83505e+06
1.81352e+06
1.79979e+06
1.77759e+06
1.76269e+06
1.73988e+06
1.72389e+06
1.70051e+06
1.68352e+06
1.6596e+06
1.64167e+06
1.61728e+06
1.59848e+06
1.57364e+06
1.55402e+06
1.52878e+06
1.50841e+06
1.4828e+06
1.46173e+06
1.43578e+06
1.41407e+06
1.38781e+06
1.36551e+06
1.33899e+06
1.31615e+06
1.28939e+06
1.26607e+06
1.23911e+06
1.21535e+06
1.18824e+06
1.16411e+06
1.13688e+06
1.11243e+06
1.08514e+06
1.06042e+06
1.03301e+06
1.00793e+06
980412
955155
927724
902408
875110
849816
822705
797491
770605
745524
718897
694005
667671
643020
617017
592664
567027
543032
517800
494221
469435
446336
422033
399483
375707
353771
330569
309329
286748
266291
244401
224815
203673
185091
164792
147314
127953
111767
93457
78691.5
61801.6
48887
33131.4
21981.9
9697.42
1.95397e+06
1.93506e+06
1.92801e+06
1.90863e+06
1.89948e+06
1.87921e+06
1.8684e+06
1.84737e+06
1.8351e+06
1.81339e+06
1.7998e+06
1.77744e+06
1.76264e+06
1.73969e+06
1.72378e+06
1.70027e+06
1.68333e+06
1.65932e+06
1.64143e+06
1.61695e+06
1.59817e+06
1.57326e+06
1.55367e+06
1.52837e+06
1.50802e+06
1.48235e+06
1.4613e+06
1.43531e+06
1.41361e+06
1.38733e+06
1.36504e+06
1.33849e+06
1.31567e+06
1.28889e+06
1.26559e+06
1.23862e+06
1.21488e+06
1.18776e+06
1.16364e+06
1.13641e+06
1.11199e+06
1.0847e+06
1.06e+06
1.03259e+06
1.00753e+06
980013
954778
927351
902059
874767
849496
822394
797203
770327
745271
718656
693787
667466
642839
616849
592520
566896
542926
517707
494153
469379
446306
422015
399490
375724
353813
330619
309404
286828
266394
244504
224939
203792
185226
164917
147448
128070
111884
93548.9
78771.5
61849.8
48914.3
33117
21935.8
9633.49
1.9546e+06
1.93612e+06
1.92917e+06
1.90988e+06
1.9008e+06
1.88063e+06
1.86988e+06
1.84893e+06
1.83672e+06
1.81507e+06
1.80153e+06
1.77922e+06
1.76446e+06
1.74154e+06
1.72566e+06
1.70217e+06
1.68525e+06
1.66125e+06
1.64337e+06
1.6189e+06
1.60013e+06
1.57522e+06
1.55562e+06
1.53031e+06
1.50996e+06
1.48428e+06
1.46322e+06
1.43721e+06
1.4155e+06
1.38919e+06
1.36689e+06
1.34032e+06
1.31748e+06
1.29068e+06
1.26735e+06
1.24036e+06
1.21659e+06
1.18944e+06
1.16531e+06
1.13804e+06
1.11359e+06
1.08627e+06
1.06155e+06
1.03411e+06
1.00901e+06
981466
956201
928741
903419
876094
850792
823656
798434
771524
746436
719787
694886
668531
643872
617847
593487
567829
543826
518572
494987
470178
447073
422747
400190
376390
354446
331219
309971
287361
266895
244972
225375
204195
185597
165256
147756
128346
112129
93762.8
78955.5
62004.2
49040
33214
22006
9678.82
1.95397e+06
1.93528e+06
1.92823e+06
1.90888e+06
1.89974e+06
1.87947e+06
1.86866e+06
1.84764e+06
1.83537e+06
1.81366e+06
1.80007e+06
1.77771e+06
1.76292e+06
1.73997e+06
1.72406e+06
1.70055e+06
1.68361e+06
1.6596e+06
1.64171e+06
1.61723e+06
1.59845e+06
1.57354e+06
1.55395e+06
1.52865e+06
1.5083e+06
1.48263e+06
1.46158e+06
1.43558e+06
1.41389e+06
1.3876e+06
1.36531e+06
1.33876e+06
1.31593e+06
1.28915e+06
1.26584e+06
1.23887e+06
1.21513e+06
1.18801e+06
1.16389e+06
1.13665e+06
1.11223e+06
1.08493e+06
1.06023e+06
1.03282e+06
1.00775e+06
980230
954990
927559
902262
874966
849690
822584
797388
770507
745446
718826
693953
667626
642995
616999
592666
567037
543062
517837
494279
469500
446422
422125
399595
375824
353908
330709
309489
286907
266468
244574
225004
203852
185281
164967
147494
128111
111920
93580.5
78798.8
61872.9
48933.3
33132
21947.9
9641.18
1.95448e+06
1.93617e+06
1.92924e+06
1.90996e+06
1.90087e+06
1.8807e+06
1.86995e+06
1.849e+06
1.83679e+06
1.81513e+06
1.80159e+06
1.77928e+06
1.76452e+06
1.7416e+06
1.72571e+06
1.70223e+06
1.68531e+06
1.66131e+06
1.64343e+06
1.61895e+06
1.60018e+06
1.57527e+06
1.55567e+06
1.53036e+06
1.51e+06
1.48433e+06
1.46326e+06
1.43725e+06
1.41554e+06
1.38923e+06
1.36693e+06
1.34036e+06
1.31752e+06
1.29072e+06
1.26739e+06
1.24039e+06
1.21663e+06
1.18948e+06
1.16534e+06
1.13807e+06
1.11362e+06
1.0863e+06
1.06157e+06
1.03413e+06
1.00904e+06
981491
956225
928765
903442
876116
850813
823676
798454
771543
746454
719804
694902
668546
643887
617861
593500
567841
543837
518583
494997
470188
447082
422755
400198
376397
354453
331225
309977
287366
266900
244976
225379
204199
185601
165259
147759
128348
112131
93764.6
78957.1
62005.5
49041.3
33215
22007.6
9679.5
1.9539e+06
1.93523e+06
1.92818e+06
1.90884e+06
1.8997e+06
1.87944e+06
1.86862e+06
1.8476e+06
1.83533e+06
1.81362e+06
1.80003e+06
1.77768e+06
1.76288e+06
1.73993e+06
1.72402e+06
1.70052e+06
1.68358e+06
1.65957e+06
1.64167e+06
1.6172e+06
1.59842e+06
1.57351e+06
1.55392e+06
1.52861e+06
1.50826e+06
1.4826e+06
1.46155e+06
1.43555e+06
1.41385e+06
1.38756e+06
1.36528e+06
1.33873e+06
1.3159e+06
1.28912e+06
1.26581e+06
1.23884e+06
1.2151e+06
1.18798e+06
1.16386e+06
1.13662e+06
1.1122e+06
1.0849e+06
1.0602e+06
1.03279e+06
1.00772e+06
980204
954964
927534
902237
874942
849666
822560
797365
770485
745424
718804
693931
667605
642975
616979
592647
567018
543043
517819
494261
469483
446405
422109
399580
375809
353894
330695
309476
286895
266457
244562
224993
203842
185272
164959
147486
128104
111914
93574.7
78793.8
61868.5
48929.7
33129.2
21946.4
9639.86
1.95448e+06
1.93617e+06
1.92925e+06
1.90997e+06
1.90088e+06
1.88071e+06
1.86996e+06
1.84901e+06
1.8368e+06
1.81515e+06
1.80161e+06
1.77929e+06
1.76453e+06
1.74161e+06
1.72573e+06
1.70224e+06
1.68532e+06
1.66132e+06
1.64344e+06
1.61896e+06
1.60019e+06
1.57528e+06
1.55568e+06
1.53037e+06
1.51001e+06
1.48434e+06
1.46327e+06
1.43726e+06
1.41555e+06
1.38925e+06
1.36694e+06
1.34037e+06
1.31753e+06
1.29073e+06
1.2674e+06
1.2404e+06
1.21664e+06
1.18949e+06
1.16535e+06
1.13808e+06
1.11363e+06
1.08631e+06
1.06158e+06
1.03414e+06
1.00905e+06
981500
956234
928773
903449
876124
850820
823684
798461
771550
746461
719811
694909
668553
643894
617868
593506
567847
543844
518589
495003
470194
447088
422761
400203
376402
354458
331230
309982
287371
266904
244980
225383
204203
185604
165262
147762
128351
112134
93767.1
78959.4
62007.5
49043
33216.4
22008.7
9680.11
1.95397e+06
1.93526e+06
1.92821e+06
1.90886e+06
1.89972e+06
1.87946e+06
1.86864e+06
1.84762e+06
1.83535e+06
1.81364e+06
1.80006e+06
1.7777e+06
1.7629e+06
1.73995e+06
1.72404e+06
1.70054e+06
1.6836e+06
1.65959e+06
1.6417e+06
1.61722e+06
1.59844e+06
1.57353e+06
1.55394e+06
1.52864e+06
1.50828e+06
1.48262e+06
1.46157e+06
1.43557e+06
1.41387e+06
1.38759e+06
1.3653e+06
1.33875e+06
1.31592e+06
1.28914e+06
1.26583e+06
1.23886e+06
1.21512e+06
1.188e+06
1.16388e+06
1.13664e+06
1.11222e+06
1.08492e+06
1.06022e+06
1.03281e+06
1.00774e+06
980223
954983
927553
902256
874960
849684
822578
797383
770502
745441
718821
693948
667622
642991
616995
592662
567034
543058
517834
494276
469497
446419
422122
399593
375822
353906
330707
309487
286906
266467
244572
225003
203851
185280
164967
147494
128111
111920
93580.4
78798.9
61873
48933.6
33132.3
21948.6
9641.35
1.95457e+06
1.93609e+06
1.92916e+06
1.90989e+06
1.90081e+06
1.88064e+06
1.86989e+06
1.84895e+06
1.83673e+06
1.81508e+06
1.80154e+06
1.77923e+06
1.76447e+06
1.74155e+06
1.72566e+06
1.70218e+06
1.68526e+06
1.66126e+06
1.64338e+06
1.6189e+06
1.60013e+06
1.57522e+06
1.55563e+06
1.53032e+06
1.50996e+06
1.48429e+06
1.46323e+06
1.43722e+06
1.41551e+06
1.3892e+06
1.3669e+06
1.34033e+06
1.31748e+06
1.29068e+06
1.26736e+06
1.24036e+06
1.2166e+06
1.18945e+06
1.16531e+06
1.13805e+06
1.1136e+06
1.08628e+06
1.06155e+06
1.03411e+06
1.00902e+06
981471
956206
928747
903424
876099
850797
823662
798440
771530
746442
719793
694892
668537
643878
617853
593493
567835
543832
518578
494993
470185
447079
422753
400196
376396
354453
331225
309978
287368
266901
244978
225381
204201
185603
165262
147762
128351
112134
93767.5
78960
62008.2
49043.7
33217.1
22008.7
9680.21
1.95394e+06
1.93498e+06
1.92793e+06
1.90855e+06
1.89941e+06
1.87913e+06
1.86832e+06
1.8473e+06
1.83503e+06
1.81331e+06
1.79973e+06
1.77737e+06
1.76258e+06
1.73962e+06
1.72371e+06
1.70021e+06
1.68327e+06
1.65926e+06
1.64137e+06
1.61689e+06
1.59811e+06
1.57321e+06
1.55361e+06
1.52831e+06
1.50796e+06
1.4823e+06
1.46125e+06
1.43526e+06
1.41356e+06
1.38728e+06
1.36499e+06
1.33844e+06
1.31562e+06
1.28885e+06
1.26554e+06
1.23857e+06
1.21484e+06
1.18771e+06
1.1636e+06
1.13637e+06
1.11195e+06
1.08466e+06
1.05996e+06
1.03255e+06
1.00749e+06
979977
954742
927316
902025
874734
849463
822362
797172
770297
745241
718626
693759
667438
642812
616822
592495
566872
542902
517683
494131
469357
446285
421994
399470
375705
353795
330602
309388
286812
266379
244490
224926
203780
185215
164907
147439
128062
111877
93542.4
78766.1
61845.4
48911
33114.8
21934.8
9632.43
1.95397e+06
1.93623e+06
1.92922e+06
1.9103e+06
1.90122e+06
1.88118e+06
1.87049e+06
1.84957e+06
1.83744e+06
1.81576e+06
1.8023e+06
1.77993e+06
1.76524e+06
1.74226e+06
1.72643e+06
1.70288e+06
1.686e+06
1.66194e+06
1.64409e+06
1.61955e+06
1.60081e+06
1.57584e+06
1.55627e+06
1.5309e+06
1.51056e+06
1.48484e+06
1.46379e+06
1.43774e+06
1.41604e+06
1.3897e+06
1.36741e+06
1.34081e+06
1.31797e+06
1.29115e+06
1.26783e+06
1.24081e+06
1.21706e+06
1.18989e+06
1.16576e+06
1.13848e+06
1.11404e+06
1.0867e+06
1.06198e+06
1.03453e+06
1.00944e+06
981882
956623
929153
903835
876501
851204
824060
798843
771926
746842
720186
695290
668928
644274
618243
593886
568222
544222
518962
495380
470564
447461
423128
400572
376763
354820
331581
310332
287709
267238
245299
225694
204495
185885
165521
148008
128571
112343
93945.3
79129.7
62142.5
49174.7
33302.3
22090
9709.12
1.95376e+06
1.93618e+06
1.92917e+06
1.91026e+06
1.90119e+06
1.88114e+06
1.87045e+06
1.84953e+06
1.8374e+06
1.81572e+06
1.80226e+06
1.7799e+06
1.76521e+06
1.74223e+06
1.7264e+06
1.70286e+06
1.68598e+06
1.66191e+06
1.64407e+06
1.61953e+06
1.60079e+06
1.57582e+06
1.55624e+06
1.53089e+06
1.51054e+06
1.48482e+06
1.46378e+06
1.43773e+06
1.41603e+06
1.38969e+06
1.36739e+06
1.3408e+06
1.31796e+06
1.29114e+06
1.26782e+06
1.2408e+06
1.21705e+06
1.18988e+06
1.16575e+06
1.13847e+06
1.11403e+06
1.08669e+06
1.06198e+06
1.03452e+06
1.00944e+06
981880
956620
929151
903834
876500
851203
824060
798843
771926
746842
720187
695290
668929
644275
618244
593887
568223
544223
518964
495381
470566
447463
423129
400574
376764
354821
331582
310333
287710
267239
245299
225695
204495
185886
165522
148009
128572
112343
93945.5
79129.9
62142.6
49175
33302.3
22089.7
9708.72
1.95389e+06
1.93622e+06
1.92921e+06
1.9103e+06
1.90122e+06
1.88117e+06
1.87048e+06
1.84956e+06
1.83743e+06
1.81575e+06
1.80229e+06
1.77993e+06
1.76524e+06
1.74226e+06
1.72643e+06
1.70288e+06
1.686e+06
1.66194e+06
1.64409e+06
1.61955e+06
1.60081e+06
1.57584e+06
1.55627e+06
1.5309e+06
1.51056e+06
1.48484e+06
1.46379e+06
1.43774e+06
1.41604e+06
1.3897e+06
1.36741e+06
1.34081e+06
1.31797e+06
1.29115e+06
1.26783e+06
1.24081e+06
1.21706e+06
1.18989e+06
1.16576e+06
1.13848e+06
1.11404e+06
1.0867e+06
1.06198e+06
1.03453e+06
1.00944e+06
981884
956625
929155
903837
876503
851206
824062
798845
771928
746844
720188
695292
668931
644276
618245
593888
568224
544225
518965
495382
470567
447464
423130
400575
376765
354822
331584
310335
287711
267240
245301
225696
204496
185887
165523
148010
128573
112344
93946.7
79131
62143.6
49175.8
33303.3
22090.8
9709.09
1.95372e+06
1.93611e+06
1.92912e+06
1.91022e+06
1.90115e+06
1.8811e+06
1.87041e+06
1.8495e+06
1.83737e+06
1.81569e+06
1.80223e+06
1.77987e+06
1.76518e+06
1.74219e+06
1.72637e+06
1.70282e+06
1.68594e+06
1.66188e+06
1.64403e+06
1.6195e+06
1.60075e+06
1.57579e+06
1.55621e+06
1.53086e+06
1.51051e+06
1.48479e+06
1.46375e+06
1.4377e+06
1.416e+06
1.38966e+06
1.36737e+06
1.34077e+06
1.31793e+06
1.29111e+06
1.26779e+06
1.24078e+06
1.21702e+06
1.18985e+06
1.16572e+06
1.13845e+06
1.11401e+06
1.08667e+06
1.06195e+06
1.0345e+06
1.00941e+06
981857
956598
929129
903813
876479
851183
824040
798823
771907
746824
720168
695273
668912
644258
618227
593871
568208
544208
518949
495367
470552
447450
423117
400562
376753
354810
331572
310324
287700
267230
245291
225687
204488
185879
165515
148003
128567
112338
93941.5
79126.5
62139.6
49172.7
33300.4
22088.4
9707.5
1.95389e+06
1.9362e+06
1.92921e+06
1.9103e+06
1.90123e+06
1.88118e+06
1.87049e+06
1.84957e+06
1.83744e+06
1.81577e+06
1.80231e+06
1.77994e+06
1.76525e+06
1.74227e+06
1.72644e+06
1.70289e+06
1.68601e+06
1.66195e+06
1.6441e+06
1.61956e+06
1.60082e+06
1.57585e+06
1.55627e+06
1.53091e+06
1.51057e+06
1.48485e+06
1.4638e+06
1.43775e+06
1.41605e+06
1.38971e+06
1.36742e+06
1.34081e+06
1.31798e+06
1.29116e+06
1.26784e+06
1.24082e+06
1.21706e+06
1.18989e+06
1.16576e+06
1.13848e+06
1.11404e+06
1.0867e+06
1.06199e+06
1.03453e+06
1.00945e+06
981889
956629
929159
903841
876507
851210
824066
798849
771931
746848
720192
695295
668934
644279
618248
593891
568227
544227
518967
495385
470569
447466
423132
400577
376767
354824
331585
310336
287713
267242
245302
225697
204498
185889
165524
148011
128574
112345
93947.7
79132
62144.5
49176.7
33304
22091.5
9709.28
1.95372e+06
1.93611e+06
1.92912e+06
1.91022e+06
1.90115e+06
1.88111e+06
1.87042e+06
1.8495e+06
1.83737e+06
1.81569e+06
1.80223e+06
1.77987e+06
1.76518e+06
1.7422e+06
1.72637e+06
1.70283e+06
1.68595e+06
1.66189e+06
1.64404e+06
1.6195e+06
1.60076e+06
1.57579e+06
1.55622e+06
1.53086e+06
1.51052e+06
1.4848e+06
1.46375e+06
1.4377e+06
1.416e+06
1.38966e+06
1.36737e+06
1.34077e+06
1.31794e+06
1.29111e+06
1.2678e+06
1.24078e+06
1.21703e+06
1.18986e+06
1.16573e+06
1.13845e+06
1.11401e+06
1.08667e+06
1.06196e+06
1.0345e+06
1.00942e+06
981861
956602
929133
903816
876483
851186
824043
798826
771910
746827
720171
695276
668915
644261
618230
593874
568210
544211
518952
495370
470555
447452
423119
400564
376755
354812
331574
310326
287702
267232
245293
225689
204490
185881
165517
148004
128568
112340
93942.6
79127.6
62140.5
49173.5
33301.2
22089.1
9707.83
1.95388e+06
1.9362e+06
1.9292e+06
1.91029e+06
1.90122e+06
1.88117e+06
1.87048e+06
1.84956e+06
1.83743e+06
1.81575e+06
1.80229e+06
1.77993e+06
1.76524e+06
1.74226e+06
1.72643e+06
1.70288e+06
1.686e+06
1.66194e+06
1.64409e+06
1.61955e+06
1.60081e+06
1.57584e+06
1.55627e+06
1.5309e+06
1.51056e+06
1.48484e+06
1.46379e+06
1.43774e+06
1.41604e+06
1.3897e+06
1.36741e+06
1.34081e+06
1.31797e+06
1.29115e+06
1.26783e+06
1.24081e+06
1.21706e+06
1.18989e+06
1.16576e+06
1.13848e+06
1.11404e+06
1.0867e+06
1.06198e+06
1.03453e+06
1.00944e+06
981885
956626
929156
903838
876505
851207
824064
798846
771929
746846
720190
695294
668932
644278
618247
593890
568226
544226
518967
495384
470569
447466
423132
400577
376767
354824
331585
310337
287713
267242
245302
225698
204498
185889
165525
148011
128575
112346
93948.1
79132.5
62144.9
49177.2
33304.4
22091.9
9709.52
1.95375e+06
1.93614e+06
1.92914e+06
1.91023e+06
1.90116e+06
1.88111e+06
1.87042e+06
1.8495e+06
1.83737e+06
1.8157e+06
1.80224e+06
1.77988e+06
1.76518e+06
1.7422e+06
1.72638e+06
1.70283e+06
1.68595e+06
1.66189e+06
1.64404e+06
1.61951e+06
1.60076e+06
1.5758e+06
1.55622e+06
1.53086e+06
1.51052e+06
1.4848e+06
1.46375e+06
1.43771e+06
1.41601e+06
1.38967e+06
1.36737e+06
1.34077e+06
1.31794e+06
1.29112e+06
1.2678e+06
1.24078e+06
1.21703e+06
1.18986e+06
1.16573e+06
1.13845e+06
1.11401e+06
1.08668e+06
1.06196e+06
1.03451e+06
1.00942e+06
981863
956604
929135
903818
876485
851188
824045
798829
771912
746829
720174
695278
668917
644263
618233
593876
568213
544214
518954
495372
470557
447455
423122
400567
376758
354815
331577
310328
287705
267235
245295
225691
204492
185883
165519
148007
128570
112342
93944.5
79129.3
62142.2
49175
33302.4
22090.2
9708.58
1.95395e+06
1.93617e+06
1.92915e+06
1.91024e+06
1.90117e+06
1.88112e+06
1.87043e+06
1.84952e+06
1.83739e+06
1.81571e+06
1.80225e+06
1.77989e+06
1.76519e+06
1.74221e+06
1.72639e+06
1.70284e+06
1.68596e+06
1.6619e+06
1.64405e+06
1.61951e+06
1.60077e+06
1.5758e+06
1.55623e+06
1.53087e+06
1.51053e+06
1.48481e+06
1.46376e+06
1.43771e+06
1.41601e+06
1.38967e+06
1.36738e+06
1.34078e+06
1.31794e+06
1.29112e+06
1.2678e+06
1.24078e+06
1.21703e+06
1.18986e+06
1.16573e+06
1.13845e+06
1.11401e+06
1.08667e+06
1.06196e+06
1.03451e+06
1.00942e+06
981861
956601
929132
903815
876482
851185
824042
798825
771908
746826
720170
695274
668913
644259
618229
593873
568209
544210
518951
495369
470554
447451
423118
400563
376754
354812
331574
310325
287702
267232
245293
225689
204490
185882
165518
148005
128569
112341
93943.9
79128.8
62142
49174.8
33302.7
22090.7
9709
1.95397e+06
1.93506e+06
1.92801e+06
1.90863e+06
1.89948e+06
1.87921e+06
1.8684e+06
1.84737e+06
1.8351e+06
1.81339e+06
1.7998e+06
1.77744e+06
1.76264e+06
1.73969e+06
1.72378e+06
1.70027e+06
1.68333e+06
1.65932e+06
1.64143e+06
1.61695e+06
1.59817e+06
1.57326e+06
1.55367e+06
1.52837e+06
1.50802e+06
1.48235e+06
1.4613e+06
1.43531e+06
1.41361e+06
1.38733e+06
1.36504e+06
1.33849e+06
1.31567e+06
1.28889e+06
1.26559e+06
1.23862e+06
1.21488e+06
1.18776e+06
1.16364e+06
1.13641e+06
1.11199e+06
1.0847e+06
1.06e+06
1.03259e+06
1.00753e+06
980013
954778
927351
902059
874768
849496
822394
797203
770327
745271
718656
693787
667466
642839
616849
592520
566896
542926
517707
494153
469379
446306
422015
399490
375724
353813
330619
309404
286828
266394
244504
224939
203792
185226
164917
147448
128070
111884
93548.9
78771.5
61849.8
48914.3
33117
21935.8
9633.48
1.9546e+06
1.93612e+06
1.92917e+06
1.90988e+06
1.9008e+06
1.88063e+06
1.86988e+06
1.84893e+06
1.83672e+06
1.81507e+06
1.80153e+06
1.77922e+06
1.76446e+06
1.74154e+06
1.72566e+06
1.70217e+06
1.68525e+06
1.66125e+06
1.64337e+06
1.6189e+06
1.60013e+06
1.57522e+06
1.55562e+06
1.53031e+06
1.50996e+06
1.48428e+06
1.46322e+06
1.43721e+06
1.4155e+06
1.38919e+06
1.36689e+06
1.34032e+06
1.31748e+06
1.29068e+06
1.26735e+06
1.24036e+06
1.2166e+06
1.18944e+06
1.16531e+06
1.13804e+06
1.11359e+06
1.08627e+06
1.06155e+06
1.03411e+06
1.00901e+06
981466
956201
928742
903419
876094
850792
823656
798434
771524
746436
719787
694886
668531
643872
617847
593487
567829
543826
518572
494987
470178
447073
422747
400190
376390
354446
331219
309971
287361
266895
244972
225375
204195
185597
165256
147756
128346
112129
93762.9
78955.5
62004.2
49040
33214
22006
9678.82
1.95397e+06
1.93528e+06
1.92823e+06
1.90888e+06
1.89974e+06
1.87947e+06
1.86866e+06
1.84764e+06
1.83537e+06
1.81366e+06
1.80007e+06
1.77771e+06
1.76292e+06
1.73997e+06
1.72406e+06
1.70055e+06
1.68361e+06
1.6596e+06
1.64171e+06
1.61723e+06
1.59845e+06
1.57354e+06
1.55395e+06
1.52865e+06
1.5083e+06
1.48263e+06
1.46158e+06
1.43558e+06
1.41389e+06
1.3876e+06
1.36531e+06
1.33876e+06
1.31593e+06
1.28915e+06
1.26584e+06
1.23887e+06
1.21513e+06
1.18801e+06
1.16389e+06
1.13665e+06
1.11223e+06
1.08493e+06
1.06023e+06
1.03282e+06
1.00775e+06
980230
954990
927559
902262
874966
849690
822584
797388
770508
745446
718826
693953
667626
642995
616999
592666
567037
543062
517837
494279
469500
446422
422125
399595
375824
353908
330709
309489
286907
266469
244574
225004
203852
185281
164967
147494
128111
111920
93580.5
78798.8
61872.9
48933.3
33132
21947.9
9641.18
1.95448e+06
1.93617e+06
1.92924e+06
1.90996e+06
1.90087e+06
1.8807e+06
1.86995e+06
1.849e+06
1.83679e+06
1.81513e+06
1.80159e+06
1.77928e+06
1.76452e+06
1.7416e+06
1.72571e+06
1.70223e+06
1.68531e+06
1.66131e+06
1.64343e+06
1.61895e+06
1.60018e+06
1.57527e+06
1.55567e+06
1.53036e+06
1.51e+06
1.48433e+06
1.46326e+06
1.43725e+06
1.41554e+06
1.38923e+06
1.36693e+06
1.34036e+06
1.31752e+06
1.29072e+06
1.26739e+06
1.24039e+06
1.21663e+06
1.18948e+06
1.16534e+06
1.13807e+06
1.11362e+06
1.0863e+06
1.06157e+06
1.03413e+06
1.00904e+06
981491
956225
928765
903442
876116
850813
823676
798454
771543
746454
719804
694903
668546
643887
617861
593500
567841
543837
518583
494997
470188
447082
422755
400198
376397
354453
331225
309977
287366
266900
244976
225379
204199
185601
165259
147759
128348
112131
93764.6
78957.1
62005.5
49041.3
33215
22007.6
9679.51
1.9539e+06
1.93523e+06
1.92818e+06
1.90884e+06
1.8997e+06
1.87944e+06
1.86862e+06
1.8476e+06
1.83533e+06
1.81362e+06
1.80003e+06
1.77768e+06
1.76288e+06
1.73993e+06
1.72402e+06
1.70052e+06
1.68358e+06
1.65957e+06
1.64167e+06
1.6172e+06
1.59842e+06
1.57351e+06
1.55392e+06
1.52861e+06
1.50826e+06
1.4826e+06
1.46155e+06
1.43555e+06
1.41385e+06
1.38756e+06
1.36528e+06
1.33873e+06
1.3159e+06
1.28912e+06
1.26581e+06
1.23884e+06
1.2151e+06
1.18798e+06
1.16386e+06
1.13662e+06
1.1122e+06
1.0849e+06
1.0602e+06
1.03279e+06
1.00772e+06
980204
954964
927534
902238
874942
849666
822560
797365
770485
745424
718804
693931
667605
642975
616979
592647
567018
543043
517819
494262
469483
446405
422109
399580
375809
353894
330695
309476
286895
266457
244562
224993
203842
185272
164959
147486
128104
111914
93574.7
78793.8
61868.5
48929.8
33129.2
21946.4
9639.86
1.95448e+06
1.93617e+06
1.92925e+06
1.90997e+06
1.90088e+06
1.88071e+06
1.86996e+06
1.84901e+06
1.8368e+06
1.81515e+06
1.80161e+06
1.77929e+06
1.76453e+06
1.74161e+06
1.72573e+06
1.70224e+06
1.68532e+06
1.66132e+06
1.64344e+06
1.61896e+06
1.60019e+06
1.57528e+06
1.55568e+06
1.53037e+06
1.51001e+06
1.48434e+06
1.46327e+06
1.43726e+06
1.41555e+06
1.38925e+06
1.36694e+06
1.34037e+06
1.31753e+06
1.29073e+06
1.2674e+06
1.2404e+06
1.21664e+06
1.18949e+06
1.16535e+06
1.13808e+06
1.11363e+06
1.08631e+06
1.06158e+06
1.03414e+06
1.00905e+06
981500
956234
928773
903450
876124
850821
823684
798461
771550
746461
719811
694910
668553
643894
617868
593507
567848
543844
518589
495003
470194
447088
422761
400203
376402
354458
331230
309982
287371
266904
244980
225383
204203
185604
165262
147762
128351
112134
93767.1
78959.4
62007.5
49043
33216.4
22008.7
9680.11
1.95397e+06
1.93526e+06
1.92821e+06
1.90886e+06
1.89972e+06
1.87946e+06
1.86864e+06
1.84762e+06
1.83535e+06
1.81364e+06
1.80006e+06
1.7777e+06
1.7629e+06
1.73995e+06
1.72404e+06
1.70054e+06
1.6836e+06
1.65959e+06
1.6417e+06
1.61722e+06
1.59844e+06
1.57353e+06
1.55394e+06
1.52864e+06
1.50828e+06
1.48262e+06
1.46157e+06
1.43557e+06
1.41387e+06
1.38759e+06
1.3653e+06
1.33875e+06
1.31592e+06
1.28914e+06
1.26584e+06
1.23886e+06
1.21512e+06
1.188e+06
1.16388e+06
1.13664e+06
1.11222e+06
1.08492e+06
1.06022e+06
1.03281e+06
1.00774e+06
980223
954983
927553
902256
874960
849684
822578
797383
770502
745441
718821
693948
667622
642991
616995
592662
567034
543058
517834
494276
469497
446419
422122
399593
375822
353906
330707
309487
286906
266467
244572
225003
203851
185280
164967
147494
128111
111920
93580.4
78798.9
61873
48933.6
33132.3
21948.6
9641.35
1.95457e+06
1.93609e+06
1.92916e+06
1.90989e+06
1.90081e+06
1.88064e+06
1.86989e+06
1.84895e+06
1.83673e+06
1.81508e+06
1.80154e+06
1.77923e+06
1.76447e+06
1.74155e+06
1.72566e+06
1.70218e+06
1.68526e+06
1.66126e+06
1.64338e+06
1.61891e+06
1.60013e+06
1.57522e+06
1.55563e+06
1.53032e+06
1.50996e+06
1.48429e+06
1.46323e+06
1.43722e+06
1.41551e+06
1.3892e+06
1.3669e+06
1.34033e+06
1.31748e+06
1.29068e+06
1.26736e+06
1.24036e+06
1.2166e+06
1.18945e+06
1.16531e+06
1.13805e+06
1.1136e+06
1.08628e+06
1.06155e+06
1.03411e+06
1.00902e+06
981471
956206
928747
903424
876100
850797
823662
798440
771530
746442
719793
694892
668537
643878
617854
593493
567835
543832
518579
494993
470185
447079
422753
400196
376396
354453
331225
309978
287368
266901
244978
225381
204201
185603
165262
147762
128351
112134
93767.5
78960
62008.2
49043.8
33217.1
22008.7
9680.21
1.95394e+06
1.93498e+06
1.92793e+06
1.90855e+06
1.89941e+06
1.87913e+06
1.86832e+06
1.8473e+06
1.83503e+06
1.81331e+06
1.79973e+06
1.77737e+06
1.76258e+06
1.73962e+06
1.72371e+06
1.70021e+06
1.68327e+06
1.65926e+06
1.64137e+06
1.61689e+06
1.59811e+06
1.57321e+06
1.55361e+06
1.52831e+06
1.50796e+06
1.4823e+06
1.46125e+06
1.43526e+06
1.41356e+06
1.38728e+06
1.36499e+06
1.33844e+06
1.31562e+06
1.28885e+06
1.26554e+06
1.23857e+06
1.21484e+06
1.18771e+06
1.1636e+06
1.13637e+06
1.11195e+06
1.08466e+06
1.05996e+06
1.03255e+06
1.00749e+06
979977
954742
927316
902025
874734
849463
822362
797172
770297
745241
718627
693759
667438
642813
616823
592495
566872
542902
517683
494131
469357
446285
421994
399470
375705
353795
330602
309388
286812
266379
244490
224926
203780
185215
164907
147439
128062
111877
93542.4
78766.1
61845.4
48911
33114.8
21934.8
9632.43
1.95417e+06
1.93581e+06
1.92803e+06
1.90902e+06
1.8994e+06
1.87943e+06
1.8683e+06
1.84751e+06
1.83503e+06
1.8135e+06
1.79977e+06
1.77757e+06
1.76268e+06
1.73986e+06
1.72388e+06
1.70049e+06
1.6835e+06
1.65959e+06
1.64166e+06
1.61726e+06
1.59846e+06
1.57362e+06
1.55401e+06
1.52877e+06
1.5084e+06
1.48279e+06
1.46172e+06
1.43577e+06
1.41405e+06
1.3878e+06
1.3655e+06
1.33898e+06
1.31613e+06
1.28938e+06
1.26605e+06
1.2391e+06
1.21534e+06
1.18823e+06
1.1641e+06
1.13687e+06
1.11242e+06
1.08513e+06
1.06041e+06
1.033e+06
1.00792e+06
980402
955145
927714
902399
875101
849807
822696
797482
770596
745516
718890
693997
667664
643013
617010
592657
567021
543025
517793
494215
469429
446331
422028
399478
375702
353766
330565
309325
286744
266287
244397
224812
203670
185088
164789
147312
127951
111765
93455.1
78689.6
61799.8
48885.3
33129.7
21980.4
9696.67
1.95317e+06
1.9345e+06
1.92664e+06
1.90752e+06
1.89783e+06
1.87775e+06
1.86656e+06
1.8457e+06
1.83316e+06
1.81159e+06
1.79781e+06
1.77558e+06
1.76065e+06
1.73781e+06
1.72181e+06
1.69841e+06
1.68141e+06
1.65749e+06
1.63956e+06
1.61517e+06
1.59637e+06
1.57155e+06
1.55194e+06
1.52672e+06
1.50636e+06
1.48077e+06
1.45972e+06
1.43379e+06
1.4121e+06
1.38587e+06
1.36359e+06
1.3371e+06
1.31428e+06
1.28756e+06
1.26426e+06
1.23734e+06
1.2136e+06
1.18652e+06
1.16242e+06
1.13522e+06
1.11081e+06
1.08355e+06
1.05886e+06
1.03149e+06
1.00643e+06
978952
953726
926330
901046
873783
848520
821445
796262
769411
744363
717771
692910
666611
641993
616023
591703
566100
542137
516939
493392
468640
445573
421304
398786
375043
353139
329971
308762
286214
265789
243931
224377
203267
184716
164449
147003
127673
111518
93237.8
78502
61641.4
48755.5
33028
21906.1
9646.06
1.95309e+06
1.935e+06
1.92719e+06
1.90818e+06
1.89855e+06
1.87857e+06
1.86743e+06
1.84663e+06
1.83415e+06
1.81262e+06
1.79889e+06
1.77669e+06
1.76179e+06
1.73898e+06
1.723e+06
1.69962e+06
1.68263e+06
1.65873e+06
1.64081e+06
1.61643e+06
1.59763e+06
1.57281e+06
1.5532e+06
1.52797e+06
1.50761e+06
1.48201e+06
1.46095e+06
1.43502e+06
1.41331e+06
1.38708e+06
1.36478e+06
1.33828e+06
1.31545e+06
1.28871e+06
1.26539e+06
1.23845e+06
1.21471e+06
1.18761e+06
1.16349e+06
1.13627e+06
1.11184e+06
1.08456e+06
1.05986e+06
1.03246e+06
1.00739e+06
979882
954637
927219
901916
874630
849348
822249
797047
770173
745104
718489
693608
667286
642646
616654
592312
566687
542703
517482
493914
469139
446052
421760
399220
375455
353530
330340
309111
286541
266095
244216
224642
203510
184940
164652
147186
127836
111662
93363.2
78609.3
61730.9
48828.1
33083.8
21943.9
9672.3
1.95279e+06
1.93415e+06
1.92625e+06
1.90711e+06
1.89741e+06
1.87733e+06
1.86613e+06
1.84526e+06
1.83272e+06
1.81113e+06
1.79735e+06
1.77511e+06
1.76018e+06
1.73734e+06
1.72133e+06
1.69793e+06
1.68092e+06
1.65701e+06
1.63907e+06
1.61468e+06
1.59588e+06
1.57106e+06
1.55145e+06
1.52623e+06
1.50587e+06
1.48028e+06
1.45923e+06
1.43331e+06
1.41161e+06
1.38539e+06
1.36311e+06
1.33662e+06
1.31381e+06
1.28709e+06
1.26379e+06
1.23688e+06
1.21315e+06
1.18608e+06
1.16197e+06
1.13479e+06
1.11038e+06
1.08313e+06
1.05844e+06
1.03107e+06
1.00602e+06
978550
953330
925941
900664
873408
848152
821084
795909
769065
744024
717440
692587
666296
641685
615724
591412
565817
541862
516672
493135
468390
445333
421072
398562
374829
352933
329774
308575
286036
265620
243772
224228
203127
184586
164328
146892
127572
111426
93156.7
78431.1
61580.6
48705.1
32987.8
21876.1
9626.31
1.95302e+06
1.93495e+06
1.92711e+06
1.9081e+06
1.89847e+06
1.87848e+06
1.86734e+06
1.84654e+06
1.83405e+06
1.81253e+06
1.79879e+06
1.77659e+06
1.76169e+06
1.73888e+06
1.72289e+06
1.69951e+06
1.68252e+06
1.65862e+06
1.64069e+06
1.61631e+06
1.59751e+06
1.57269e+06
1.55308e+06
1.52785e+06
1.50749e+06
1.48189e+06
1.46083e+06
1.43489e+06
1.41319e+06
1.38695e+06
1.36466e+06
1.33815e+06
1.31532e+06
1.28858e+06
1.26526e+06
1.23833e+06
1.21458e+06
1.18748e+06
1.16336e+06
1.13614e+06
1.11171e+06
1.08444e+06
1.05973e+06
1.03233e+06
1.00726e+06
979758
954513
927097
901795
874510
849229
822132
796932
770059
744992
718379
693500
667180
642543
616553
592213
566591
542609
517390
493825
469053
445968
421679
399143
375381
353458
330271
309045
286479
266036
244159
224589
203461
184894
164609
147147
127801
111630
93334.4
78584.1
61709.2
48810
33069.3
21932.4
9664.64
1.9528e+06
1.93414e+06
1.92623e+06
1.90709e+06
1.89739e+06
1.87731e+06
1.86611e+06
1.84524e+06
1.8327e+06
1.81112e+06
1.79734e+06
1.7751e+06
1.76016e+06
1.73732e+06
1.72131e+06
1.69791e+06
1.68091e+06
1.65699e+06
1.63906e+06
1.61467e+06
1.59586e+06
1.57104e+06
1.55143e+06
1.52621e+06
1.50585e+06
1.48027e+06
1.45921e+06
1.43329e+06
1.4116e+06
1.38538e+06
1.3631e+06
1.33661e+06
1.3138e+06
1.28708e+06
1.26378e+06
1.23687e+06
1.21314e+06
1.18607e+06
1.16196e+06
1.13478e+06
1.11037e+06
1.08312e+06
1.05843e+06
1.03106e+06
1.00602e+06
978541
953321
925933
900656
873400
848145
821077
795902
769058
744018
717433
692581
666290
641679
615718
591406
565812
541857
516667
493130
468386
445328
421068
398559
374825
352930
329771
308572
286034
265618
243769
224225
203125
184584
164327
146890
127571
111425
93155.8
78430.4
61580
48704.7
32987.4
21876
9626.07
1.95309e+06
1.93499e+06
1.92718e+06
1.90818e+06
1.89855e+06
1.87856e+06
1.86743e+06
1.84663e+06
1.83414e+06
1.81262e+06
1.79888e+06
1.77669e+06
1.76179e+06
1.73898e+06
1.72299e+06
1.69962e+06
1.68263e+06
1.65873e+06
1.6408e+06
1.61642e+06
1.59762e+06
1.5728e+06
1.55319e+06
1.52797e+06
1.5076e+06
1.48201e+06
1.46095e+06
1.43501e+06
1.41331e+06
1.38707e+06
1.36478e+06
1.33827e+06
1.31544e+06
1.2887e+06
1.26539e+06
1.23845e+06
1.2147e+06
1.1876e+06
1.16348e+06
1.13627e+06
1.11184e+06
1.08456e+06
1.05985e+06
1.03246e+06
1.00738e+06
979879
954633
927215
901912
874627
849345
822246
797044
770170
745102
718487
693606
667284
642645
616653
592311
566686
542702
517481
493914
469139
446052
421760
399221
375456
353531
330341
309112
286542
266097
244217
224643
203512
184942
164654
147188
127838
111664
93365.1
78611.2
61732.6
48829.8
33085.2
21945
9672.75
1.95316e+06
1.93445e+06
1.92658e+06
1.90746e+06
1.89776e+06
1.87769e+06
1.8665e+06
1.84564e+06
1.8331e+06
1.81153e+06
1.79775e+06
1.77552e+06
1.76059e+06
1.73775e+06
1.72175e+06
1.69835e+06
1.68135e+06
1.65744e+06
1.6395e+06
1.61512e+06
1.59632e+06
1.5715e+06
1.55189e+06
1.52667e+06
1.50631e+06
1.48072e+06
1.45967e+06
1.43374e+06
1.41205e+06
1.38582e+06
1.36354e+06
1.33705e+06
1.31424e+06
1.28751e+06
1.26421e+06
1.23729e+06
1.21356e+06
1.18648e+06
1.16238e+06
1.13518e+06
1.11077e+06
1.08352e+06
1.05883e+06
1.03145e+06
1.0064e+06
978917
953692
926296
901014
873751
848489
821414
796233
769382
744334
717743
692883
666585
641967
615999
591679
566077
542114
516917
493371
468620
445554
421285
398768
375026
353122
329955
308748
286201
265776
243919
224366
203257
184707
164441
146995
127666
111512
93232.7
78497.9
61638
48753.1
33026.1
21905
9645.03
1.95414e+06
1.93578e+06
1.92803e+06
1.90904e+06
1.89942e+06
1.87945e+06
1.86832e+06
1.84753e+06
1.83505e+06
1.81352e+06
1.79979e+06
1.77759e+06
1.76269e+06
1.73988e+06
1.72389e+06
1.70051e+06
1.68352e+06
1.6596e+06
1.64167e+06
1.61728e+06
1.59848e+06
1.57364e+06
1.55402e+06
1.52878e+06
1.50841e+06
1.4828e+06
1.46173e+06
1.43578e+06
1.41407e+06
1.38781e+06
1.36551e+06
1.33899e+06
1.31615e+06
1.28939e+06
1.26607e+06
1.23911e+06
1.21536e+06
1.18824e+06
1.16411e+06
1.13688e+06
1.11244e+06
1.08514e+06
1.06043e+06
1.03302e+06
1.00793e+06
980412
955155
927724
902409
875111
849816
822705
797491
770605
745525
718898
694005
667672
643021
617017
592664
567027
543032
517800
494221
469435
446336
422033
399483
375707
353771
330569
309329
286749
266291
244401
224815
203673
185091
164792
147314
127953
111767
93457
78691.5
61801.6
48887
33131.4
21981.9
9697.41
)
;

boundaryField
{
    upperWall
    {
        type            calculated;
        value           nonuniform List<scalar> 
550
(
1.99824e+06
1.99596e+06
1.99526e+06
1.99596e+06
1.99824e+06
1.99664e+06
1.9934e+06
1.99268e+06
1.9934e+06
1.99664e+06
1.9969e+06
1.99437e+06
1.99331e+06
1.99437e+06
1.9969e+06
1.99508e+06
1.99181e+06
1.99081e+06
1.99181e+06
1.99508e+06
1.99526e+06
1.99286e+06
1.99163e+06
1.99286e+06
1.99526e+06
1.99283e+06
1.98985e+06
1.98884e+06
1.98985e+06
1.99283e+06
1.9927e+06
1.99048e+06
1.98945e+06
1.99048e+06
1.9927e+06
1.98969e+06
1.98693e+06
1.98612e+06
1.98693e+06
1.98969e+06
1.98915e+06
1.98709e+06
1.98626e+06
1.98709e+06
1.98915e+06
1.98568e+06
1.98316e+06
1.98247e+06
1.98316e+06
1.98569e+06
1.98478e+06
1.98292e+06
1.98222e+06
1.98292e+06
1.98478e+06
1.98102e+06
1.97877e+06
1.97815e+06
1.97877e+06
1.98102e+06
1.97983e+06
1.9782e+06
1.97761e+06
1.9782e+06
1.97983e+06
1.97589e+06
1.97392e+06
1.97336e+06
1.97392e+06
1.97589e+06
1.9745e+06
1.97308e+06
1.97257e+06
1.97308e+06
1.9745e+06
1.97041e+06
1.96871e+06
1.96817e+06
1.96871e+06
1.97041e+06
1.96885e+06
1.96762e+06
1.96716e+06
1.96762e+06
1.96885e+06
1.96461e+06
1.96314e+06
1.96258e+06
1.96314e+06
1.96461e+06
1.96299e+06
1.96193e+06
1.96151e+06
1.96193e+06
1.96299e+06
1.95911e+06
1.9575e+06
1.95702e+06
1.9575e+06
1.95911e+06
1.95414e+06
1.95394e+06
1.95395e+06
1.95394e+06
1.95414e+06
1.93578e+06
1.93498e+06
1.93617e+06
1.93498e+06
1.93578e+06
1.92803e+06
1.92793e+06
1.92915e+06
1.92793e+06
1.92803e+06
1.90904e+06
1.90855e+06
1.91024e+06
1.90855e+06
1.90904e+06
1.89942e+06
1.89941e+06
1.90117e+06
1.89941e+06
1.89942e+06
1.87945e+06
1.87913e+06
1.88112e+06
1.87913e+06
1.87945e+06
1.86832e+06
1.86832e+06
1.87043e+06
1.86832e+06
1.86832e+06
1.84753e+06
1.8473e+06
1.84952e+06
1.8473e+06
1.84753e+06
1.83505e+06
1.83503e+06
1.83739e+06
1.83503e+06
1.83505e+06
1.81352e+06
1.81331e+06
1.81571e+06
1.81331e+06
1.81352e+06
1.79979e+06
1.79973e+06
1.80225e+06
1.79973e+06
1.79979e+06
1.77759e+06
1.77737e+06
1.77989e+06
1.77737e+06
1.77759e+06
1.76269e+06
1.76258e+06
1.76519e+06
1.76258e+06
1.76269e+06
1.73988e+06
1.73962e+06
1.74221e+06
1.73962e+06
1.73988e+06
1.72389e+06
1.72371e+06
1.72639e+06
1.72371e+06
1.72389e+06
1.70051e+06
1.70021e+06
1.70284e+06
1.70021e+06
1.70051e+06
1.68352e+06
1.68327e+06
1.68596e+06
1.68327e+06
1.68352e+06
1.6596e+06
1.65926e+06
1.6619e+06
1.65926e+06
1.6596e+06
1.64167e+06
1.64137e+06
1.64405e+06
1.64137e+06
1.64167e+06
1.61728e+06
1.61689e+06
1.61951e+06
1.61689e+06
1.61728e+06
1.59848e+06
1.59811e+06
1.60077e+06
1.59811e+06
1.59848e+06
1.57364e+06
1.57321e+06
1.5758e+06
1.57321e+06
1.57364e+06
1.55402e+06
1.55361e+06
1.55623e+06
1.55361e+06
1.55402e+06
1.52878e+06
1.52831e+06
1.53087e+06
1.52831e+06
1.52878e+06
1.50841e+06
1.50796e+06
1.51053e+06
1.50796e+06
1.50841e+06
1.4828e+06
1.4823e+06
1.48481e+06
1.4823e+06
1.4828e+06
1.46173e+06
1.46125e+06
1.46376e+06
1.46125e+06
1.46173e+06
1.43578e+06
1.43526e+06
1.43771e+06
1.43526e+06
1.43578e+06
1.41407e+06
1.41356e+06
1.41601e+06
1.41356e+06
1.41407e+06
1.38781e+06
1.38728e+06
1.38967e+06
1.38728e+06
1.38781e+06
1.36551e+06
1.36499e+06
1.36738e+06
1.36499e+06
1.36551e+06
1.33899e+06
1.33844e+06
1.34078e+06
1.33844e+06
1.33899e+06
1.31615e+06
1.31562e+06
1.31794e+06
1.31562e+06
1.31615e+06
1.28939e+06
1.28885e+06
1.29112e+06
1.28885e+06
1.28939e+06
1.26607e+06
1.26554e+06
1.2678e+06
1.26554e+06
1.26607e+06
1.23911e+06
1.23857e+06
1.24078e+06
1.23857e+06
1.23911e+06
1.21535e+06
1.21484e+06
1.21703e+06
1.21484e+06
1.21536e+06
1.18824e+06
1.18771e+06
1.18986e+06
1.18771e+06
1.18824e+06
1.16411e+06
1.1636e+06
1.16573e+06
1.1636e+06
1.16411e+06
1.13688e+06
1.13637e+06
1.13845e+06
1.13637e+06
1.13688e+06
1.11243e+06
1.11195e+06
1.11401e+06
1.11195e+06
1.11244e+06
1.08514e+06
1.08466e+06
1.08667e+06
1.08466e+06
1.08514e+06
1.06042e+06
1.05996e+06
1.06196e+06
1.05996e+06
1.06043e+06
1.03301e+06
1.03255e+06
1.03451e+06
1.03255e+06
1.03302e+06
1.00793e+06
1.00749e+06
1.00942e+06
1.00749e+06
1.00793e+06
980412
979977
981861
979977
980412
955155
954742
956601
954742
955155
927724
927316
929132
927316
927724
902408
902025
903815
902025
902409
875110
874734
876482
874734
875111
849816
849463
851185
849463
849816
822705
822362
824042
822362
822705
797491
797172
798825
797172
797491
770605
770297
771908
770297
770605
745524
745241
746826
745241
745525
718897
718626
720170
718627
718898
694005
693759
695274
693759
694005
667671
667438
668913
667438
667672
643020
642812
644259
642813
643021
617017
616822
618229
616823
617017
592664
592495
593873
592495
592664
567027
566872
568209
566872
567027
543032
542902
544210
542902
543032
517800
517683
518951
517683
517800
494221
494131
495369
494131
494221
469435
469357
470554
469357
469435
446336
446285
447451
446285
446336
422033
421994
423118
421994
422033
399483
399470
400563
399470
399483
375707
375705
376754
375705
375707
353771
353795
354812
353795
353771
330569
330602
331574
330602
330569
309329
309388
310325
309388
309329
286748
286812
287702
286812
286749
266291
266379
267232
266379
266291
244401
244490
245293
244490
244401
224815
224926
225689
224926
224815
203673
203780
204490
203780
203673
185091
185215
185882
185215
185091
164792
164907
165518
164907
164792
147314
147439
148005
147439
147314
127953
128062
128569
128062
127953
111767
111877
112341
111877
111767
93457
93542.4
93943.9
93542.4
93457
78691.5
78766.1
79128.8
78766.1
78691.5
61801.6
61845.4
62142
61845.4
61801.6
48887
48911
49174.8
48911
48887
33131.4
33114.8
33302.7
33114.8
33131.4
21981.9
21934.8
22090.7
21934.8
21981.9
9697.42
9632.43
9709
9632.43
9697.41
)
;
    }
    lowerWall
    {
        type            calculated;
        value           nonuniform List<scalar> 
100
(
1.99824e+06
1.99596e+06
1.99526e+06
1.99596e+06
1.99824e+06
1.99664e+06
1.9934e+06
1.99268e+06
1.9934e+06
1.99664e+06
1.9969e+06
1.99437e+06
1.99331e+06
1.99437e+06
1.9969e+06
1.99508e+06
1.99181e+06
1.99081e+06
1.99181e+06
1.99508e+06
1.99526e+06
1.99286e+06
1.99163e+06
1.99286e+06
1.99526e+06
1.99283e+06
1.98985e+06
1.98884e+06
1.98985e+06
1.99283e+06
1.9927e+06
1.99048e+06
1.98945e+06
1.99048e+06
1.9927e+06
1.98969e+06
1.98693e+06
1.98612e+06
1.98693e+06
1.98969e+06
1.98915e+06
1.98709e+06
1.98626e+06
1.98709e+06
1.98915e+06
1.98568e+06
1.98316e+06
1.98247e+06
1.98316e+06
1.98569e+06
1.98478e+06
1.98292e+06
1.98222e+06
1.98292e+06
1.98478e+06
1.98102e+06
1.97877e+06
1.97815e+06
1.97877e+06
1.98102e+06
1.97983e+06
1.9782e+06
1.97761e+06
1.9782e+06
1.97984e+06
1.97589e+06
1.97392e+06
1.97336e+06
1.97392e+06
1.97589e+06
1.9745e+06
1.97308e+06
1.97257e+06
1.97308e+06
1.9745e+06
1.97041e+06
1.96871e+06
1.96817e+06
1.96871e+06
1.97041e+06
1.96885e+06
1.96762e+06
1.96717e+06
1.96763e+06
1.96885e+06
1.96461e+06
1.96314e+06
1.96257e+06
1.96314e+06
1.96461e+06
1.96299e+06
1.96193e+06
1.96152e+06
1.96193e+06
1.96299e+06
1.95911e+06
1.9575e+06
1.95701e+06
1.9575e+06
1.95911e+06
)
;
    }
    heatedWall
    {
        type            calculated;
        value           nonuniform List<scalar> 
450
(
1.95417e+06
1.95397e+06
1.95397e+06
1.95397e+06
1.95417e+06
1.93581e+06
1.93506e+06
1.93623e+06
1.93506e+06
1.93581e+06
1.92803e+06
1.92801e+06
1.92922e+06
1.92801e+06
1.92803e+06
1.90902e+06
1.90863e+06
1.9103e+06
1.90863e+06
1.90902e+06
1.8994e+06
1.89948e+06
1.90122e+06
1.89948e+06
1.8994e+06
1.87943e+06
1.87921e+06
1.88118e+06
1.87921e+06
1.87943e+06
1.8683e+06
1.8684e+06
1.87049e+06
1.8684e+06
1.8683e+06
1.84751e+06
1.84737e+06
1.84957e+06
1.84737e+06
1.84751e+06
1.83503e+06
1.8351e+06
1.83744e+06
1.8351e+06
1.83503e+06
1.8135e+06
1.81339e+06
1.81576e+06
1.81339e+06
1.8135e+06
1.79977e+06
1.7998e+06
1.8023e+06
1.7998e+06
1.79977e+06
1.77757e+06
1.77744e+06
1.77993e+06
1.77744e+06
1.77757e+06
1.76267e+06
1.76264e+06
1.76524e+06
1.76264e+06
1.76268e+06
1.73986e+06
1.73969e+06
1.74226e+06
1.73969e+06
1.73986e+06
1.72388e+06
1.72378e+06
1.72643e+06
1.72378e+06
1.72388e+06
1.70049e+06
1.70027e+06
1.70288e+06
1.70027e+06
1.70049e+06
1.6835e+06
1.68333e+06
1.686e+06
1.68333e+06
1.6835e+06
1.65959e+06
1.65932e+06
1.66194e+06
1.65932e+06
1.65959e+06
1.64166e+06
1.64143e+06
1.64409e+06
1.64143e+06
1.64166e+06
1.61726e+06
1.61695e+06
1.61955e+06
1.61695e+06
1.61726e+06
1.59846e+06
1.59817e+06
1.60081e+06
1.59817e+06
1.59846e+06
1.57362e+06
1.57326e+06
1.57584e+06
1.57326e+06
1.57362e+06
1.55401e+06
1.55367e+06
1.55627e+06
1.55367e+06
1.55401e+06
1.52877e+06
1.52837e+06
1.5309e+06
1.52837e+06
1.52877e+06
1.5084e+06
1.50802e+06
1.51056e+06
1.50802e+06
1.5084e+06
1.48279e+06
1.48235e+06
1.48484e+06
1.48235e+06
1.48279e+06
1.46172e+06
1.4613e+06
1.46379e+06
1.4613e+06
1.46172e+06
1.43577e+06
1.43531e+06
1.43774e+06
1.43531e+06
1.43577e+06
1.41405e+06
1.41361e+06
1.41604e+06
1.41361e+06
1.41405e+06
1.3878e+06
1.38733e+06
1.3897e+06
1.38733e+06
1.3878e+06
1.3655e+06
1.36504e+06
1.36741e+06
1.36504e+06
1.3655e+06
1.33897e+06
1.33849e+06
1.34081e+06
1.33849e+06
1.33898e+06
1.31613e+06
1.31567e+06
1.31797e+06
1.31567e+06
1.31613e+06
1.28938e+06
1.28889e+06
1.29115e+06
1.28889e+06
1.28938e+06
1.26605e+06
1.26559e+06
1.26783e+06
1.26559e+06
1.26605e+06
1.2391e+06
1.23862e+06
1.24081e+06
1.23862e+06
1.2391e+06
1.21534e+06
1.21488e+06
1.21706e+06
1.21488e+06
1.21534e+06
1.18823e+06
1.18776e+06
1.18989e+06
1.18776e+06
1.18823e+06
1.1641e+06
1.16364e+06
1.16576e+06
1.16364e+06
1.1641e+06
1.13687e+06
1.13641e+06
1.13848e+06
1.13641e+06
1.13687e+06
1.11242e+06
1.11199e+06
1.11404e+06
1.11199e+06
1.11242e+06
1.08513e+06
1.0847e+06
1.0867e+06
1.0847e+06
1.08513e+06
1.06041e+06
1.06e+06
1.06198e+06
1.06e+06
1.06041e+06
1.033e+06
1.03259e+06
1.03453e+06
1.03259e+06
1.033e+06
1.00792e+06
1.00753e+06
1.00944e+06
1.00753e+06
1.00792e+06
980402
980013
981882
980013
980402
955145
954778
956623
954778
955145
927714
927351
929153
927351
927714
902399
902059
903835
902059
902399
875101
874767
876501
874768
875101
849807
849496
851204
849496
849807
822696
822394
824060
822394
822696
797482
797203
798843
797203
797482
770596
770327
771926
770327
770596
745516
745271
746842
745271
745516
718890
718656
720186
718656
718890
693997
693787
695290
693787
693997
667664
667466
668928
667466
667664
643013
642839
644274
642839
643013
617010
616849
618243
616849
617010
592657
592520
593886
592520
592657
567021
566896
568222
566896
567021
543025
542926
544222
542926
543025
517793
517707
518962
517707
517793
494215
494153
495380
494153
494215
469429
469379
470564
469379
469429
446331
446306
447461
446306
446331
422028
422015
423128
422015
422028
399478
399490
400572
399490
399478
375702
375724
376763
375724
375702
353766
353813
354820
353813
353766
330565
330619
331581
330619
330565
309325
309404
310332
309404
309325
286744
286828
287709
286828
286744
266287
266394
267238
266394
266287
244397
244504
245299
244504
244397
224812
224939
225694
224939
224812
203670
203792
204495
203792
203670
185088
185226
185885
185226
185088
164789
164917
165521
164917
164789
147312
147448
148008
147448
147312
127951
128070
128571
128070
127951
111765
111884
112343
111884
111765
93455
93548.9
93945.3
93548.9
93455.1
78689.6
78771.5
79129.7
78771.5
78689.6
61799.8
61849.8
62142.5
61849.8
61799.8
48885.3
48914.3
49174.7
48914.3
48885.3
33129.7
33117
33302.3
33117
33129.7
21980.4
21935.8
22090
21935.8
21980.4
9696.66
9633.49
9709.12
9633.48
9696.67
)
;
    }
    inlet
    {
        type            calculated;
        value           nonuniform List<scalar> 
45
(
1.99824e+06
1.99844e+06
1.99826e+06
1.99849e+06
1.99828e+06
1.99849e+06
1.99826e+06
1.99844e+06
1.99824e+06
1.99596e+06
1.99594e+06
1.99609e+06
1.996e+06
1.99613e+06
1.996e+06
1.99609e+06
1.99594e+06
1.99596e+06
1.99526e+06
1.99535e+06
1.99534e+06
1.9954e+06
1.99537e+06
1.9954e+06
1.99534e+06
1.99535e+06
1.99526e+06
1.99596e+06
1.99594e+06
1.99609e+06
1.99601e+06
1.99613e+06
1.99601e+06
1.99609e+06
1.99594e+06
1.99596e+06
1.99824e+06
1.99844e+06
1.99826e+06
1.99849e+06
1.99828e+06
1.99849e+06
1.99826e+06
1.99844e+06
1.99824e+06
)
;
    }
    outlet
    {
        type            calculated;
        value           nonuniform List<scalar> 
45
(
5431.87
5402.59
5417.58
5391.45
5413.27
5391.3
5417.81
5401.96
5432.09
5396.37
5421.84
5400.33
5422.19
5399.58
5422.53
5400.41
5422.57
5395.55
5438.77
5438.29
5438.49
5437.61
5438.6
5437.79
5438.72
5438.19
5438.45
5396.36
5421.84
5400.33
5422.2
5399.58
5422.53
5400.41
5422.57
5395.55
5431.87
5402.59
5417.58
5391.45
5413.27
5391.3
5417.81
5401.95
5432.09
)
;
    }
    frontAndBack
    {
        type            empty;
    }
}


// ************************************************************************* //
