/*--------------------------------*- C++ -*----------------------------------*\
  =========                 |
  \\      /  F ield         | OpenFOAM: The Open Source CFD Toolbox
   \\    /   O peration     | Website:  https://openfoam.org
    \\  /    A nd           | Version:  7
     \\/     M anipulation  |
\*---------------------------------------------------------------------------*/
FoamFile
{
    version     2.0;
    format      ascii;
    class       volScalarField;
    location    "1.3";
    object      pPrime2Mean;
}
// * * * * * * * * * * * * * * * * * * * * * * * * * * * * * * * * * * * * * //

dimensions      [2 -2 -4 0 0 0 0];

internalField   nonuniform List<scalar> 
4950
(
1.09463e+06
1.09341e+06
1.09349e+06
1.09217e+06
1.09216e+06
1.09056e+06
1.09037e+06
1.0885e+06
1.08809e+06
1.086e+06
1.0854e+06
1.08317e+06
1.08241e+06
1.0801e+06
1.07922e+06
1.07684e+06
1.07585e+06
1.07341e+06
1.07236e+06
1.0701e+06
1.09475e+06
1.09346e+06
1.09348e+06
1.09211e+06
1.09209e+06
1.09046e+06
1.09028e+06
1.08839e+06
1.088e+06
1.08591e+06
1.08531e+06
1.08308e+06
1.08232e+06
1.08e+06
1.07911e+06
1.07672e+06
1.07572e+06
1.07327e+06
1.07219e+06
1.06997e+06
1.09464e+06
1.09334e+06
1.09338e+06
1.09205e+06
1.09204e+06
1.09043e+06
1.09025e+06
1.08837e+06
1.08798e+06
1.08589e+06
1.0853e+06
1.08307e+06
1.08232e+06
1.08001e+06
1.07913e+06
1.07674e+06
1.07576e+06
1.0733e+06
1.07224e+06
1.06984e+06
1.09478e+06
1.09344e+06
1.09345e+06
1.09207e+06
1.09204e+06
1.0904e+06
1.09022e+06
1.08834e+06
1.08795e+06
1.08586e+06
1.08528e+06
1.08305e+06
1.0823e+06
1.07998e+06
1.0791e+06
1.07671e+06
1.07571e+06
1.07326e+06
1.07215e+06
1.0698e+06
1.09466e+06
1.09334e+06
1.09337e+06
1.09203e+06
1.09202e+06
1.09041e+06
1.09023e+06
1.08836e+06
1.08796e+06
1.08588e+06
1.08529e+06
1.08306e+06
1.08231e+06
1.08e+06
1.07913e+06
1.07674e+06
1.07576e+06
1.0733e+06
1.07222e+06
1.06978e+06
1.09478e+06
1.09344e+06
1.09345e+06
1.09207e+06
1.09204e+06
1.0904e+06
1.09022e+06
1.08834e+06
1.08795e+06
1.08586e+06
1.08528e+06
1.08305e+06
1.0823e+06
1.07998e+06
1.0791e+06
1.07671e+06
1.07571e+06
1.07326e+06
1.07215e+06
1.0698e+06
1.09464e+06
1.09334e+06
1.09338e+06
1.09205e+06
1.09204e+06
1.09043e+06
1.09025e+06
1.08837e+06
1.08798e+06
1.08589e+06
1.0853e+06
1.08307e+06
1.08232e+06
1.08001e+06
1.07913e+06
1.07674e+06
1.07576e+06
1.0733e+06
1.07224e+06
1.06984e+06
1.09475e+06
1.09346e+06
1.09348e+06
1.09211e+06
1.09209e+06
1.09046e+06
1.09028e+06
1.08839e+06
1.088e+06
1.08591e+06
1.08531e+06
1.08308e+06
1.08232e+06
1.08e+06
1.07911e+06
1.07672e+06
1.07572e+06
1.07327e+06
1.07219e+06
1.06997e+06
1.09463e+06
1.09341e+06
1.09349e+06
1.09217e+06
1.09216e+06
1.09056e+06
1.09037e+06
1.0885e+06
1.08809e+06
1.086e+06
1.0854e+06
1.08317e+06
1.08241e+06
1.0801e+06
1.07922e+06
1.07684e+06
1.07585e+06
1.07341e+06
1.07236e+06
1.0701e+06
1.09327e+06
1.09154e+06
1.09202e+06
1.0903e+06
1.09079e+06
1.08886e+06
1.08911e+06
1.08694e+06
1.08693e+06
1.08459e+06
1.08435e+06
1.08191e+06
1.0815e+06
1.079e+06
1.07843e+06
1.07589e+06
1.07517e+06
1.07259e+06
1.07178e+06
1.06922e+06
1.09325e+06
1.09145e+06
1.09196e+06
1.09025e+06
1.09075e+06
1.08884e+06
1.0891e+06
1.08696e+06
1.08696e+06
1.08463e+06
1.08441e+06
1.08198e+06
1.08156e+06
1.07908e+06
1.07851e+06
1.07598e+06
1.07527e+06
1.0727e+06
1.07192e+06
1.06926e+06
1.09334e+06
1.09156e+06
1.09203e+06
1.09029e+06
1.09076e+06
1.08884e+06
1.0891e+06
1.08695e+06
1.08695e+06
1.08463e+06
1.0844e+06
1.08197e+06
1.08156e+06
1.07907e+06
1.0785e+06
1.07596e+06
1.07523e+06
1.07264e+06
1.07179e+06
1.06914e+06
1.09329e+06
1.09147e+06
1.09196e+06
1.09023e+06
1.09071e+06
1.0888e+06
1.08906e+06
1.08692e+06
1.08693e+06
1.08462e+06
1.0844e+06
1.08198e+06
1.08157e+06
1.07909e+06
1.07852e+06
1.076e+06
1.07528e+06
1.0727e+06
1.07191e+06
1.06919e+06
1.09336e+06
1.09156e+06
1.09203e+06
1.09027e+06
1.09074e+06
1.08881e+06
1.08908e+06
1.08693e+06
1.08694e+06
1.08462e+06
1.0844e+06
1.08197e+06
1.08156e+06
1.07907e+06
1.0785e+06
1.07596e+06
1.07523e+06
1.07263e+06
1.07179e+06
1.06911e+06
1.09329e+06
1.09147e+06
1.09196e+06
1.09023e+06
1.09071e+06
1.0888e+06
1.08906e+06
1.08692e+06
1.08693e+06
1.08462e+06
1.0844e+06
1.08198e+06
1.08157e+06
1.07909e+06
1.07852e+06
1.076e+06
1.07528e+06
1.0727e+06
1.07191e+06
1.06919e+06
1.09334e+06
1.09156e+06
1.09203e+06
1.09029e+06
1.09076e+06
1.08884e+06
1.0891e+06
1.08695e+06
1.08695e+06
1.08463e+06
1.0844e+06
1.08197e+06
1.08156e+06
1.07907e+06
1.0785e+06
1.07596e+06
1.07523e+06
1.07264e+06
1.07179e+06
1.06914e+06
1.09325e+06
1.09145e+06
1.09196e+06
1.09025e+06
1.09074e+06
1.08884e+06
1.0891e+06
1.08696e+06
1.08696e+06
1.08463e+06
1.08441e+06
1.08198e+06
1.08156e+06
1.07908e+06
1.07851e+06
1.07598e+06
1.07526e+06
1.0727e+06
1.07192e+06
1.06926e+06
1.09327e+06
1.09154e+06
1.09202e+06
1.0903e+06
1.09079e+06
1.08886e+06
1.08911e+06
1.08694e+06
1.08693e+06
1.08459e+06
1.08435e+06
1.08191e+06
1.0815e+06
1.079e+06
1.07843e+06
1.07589e+06
1.07517e+06
1.07259e+06
1.07177e+06
1.06922e+06
1.09277e+06
1.09104e+06
1.09133e+06
1.08965e+06
1.09001e+06
1.08821e+06
1.08845e+06
1.08642e+06
1.08641e+06
1.08416e+06
1.08393e+06
1.08154e+06
1.08115e+06
1.07868e+06
1.07813e+06
1.07558e+06
1.07491e+06
1.07227e+06
1.07155e+06
1.06897e+06
1.09282e+06
1.09107e+06
1.09134e+06
1.08966e+06
1.09001e+06
1.08821e+06
1.08844e+06
1.08641e+06
1.08641e+06
1.08416e+06
1.08394e+06
1.08156e+06
1.08117e+06
1.0787e+06
1.07816e+06
1.0756e+06
1.07493e+06
1.07228e+06
1.07156e+06
1.0689e+06
1.09282e+06
1.09108e+06
1.09135e+06
1.08966e+06
1.09e+06
1.08818e+06
1.08841e+06
1.08638e+06
1.08639e+06
1.08415e+06
1.08394e+06
1.08156e+06
1.08118e+06
1.07871e+06
1.07817e+06
1.07562e+06
1.07494e+06
1.0723e+06
1.07156e+06
1.06889e+06
1.09285e+06
1.09109e+06
1.09136e+06
1.08966e+06
1.09e+06
1.08818e+06
1.08841e+06
1.08638e+06
1.08639e+06
1.08415e+06
1.08394e+06
1.08156e+06
1.08117e+06
1.07871e+06
1.07817e+06
1.07562e+06
1.07495e+06
1.0723e+06
1.07156e+06
1.06888e+06
1.09283e+06
1.09109e+06
1.09136e+06
1.08966e+06
1.08999e+06
1.08817e+06
1.0884e+06
1.08637e+06
1.08638e+06
1.08415e+06
1.08394e+06
1.08156e+06
1.08117e+06
1.07871e+06
1.07817e+06
1.07562e+06
1.07495e+06
1.0723e+06
1.07156e+06
1.06889e+06
1.09285e+06
1.09109e+06
1.09136e+06
1.08966e+06
1.09e+06
1.08818e+06
1.08841e+06
1.08638e+06
1.08639e+06
1.08415e+06
1.08394e+06
1.08156e+06
1.08117e+06
1.07871e+06
1.07817e+06
1.07562e+06
1.07495e+06
1.0723e+06
1.07156e+06
1.06888e+06
1.09282e+06
1.09108e+06
1.09135e+06
1.08966e+06
1.09e+06
1.08818e+06
1.08841e+06
1.08638e+06
1.08639e+06
1.08415e+06
1.08394e+06
1.08156e+06
1.08118e+06
1.07871e+06
1.07817e+06
1.07562e+06
1.07494e+06
1.0723e+06
1.07156e+06
1.06889e+06
1.09282e+06
1.09107e+06
1.09134e+06
1.08966e+06
1.09001e+06
1.08821e+06
1.08844e+06
1.08641e+06
1.08641e+06
1.08416e+06
1.08394e+06
1.08156e+06
1.08117e+06
1.0787e+06
1.07816e+06
1.0756e+06
1.07493e+06
1.07229e+06
1.07156e+06
1.0689e+06
1.09277e+06
1.09104e+06
1.09133e+06
1.08965e+06
1.09001e+06
1.08821e+06
1.08845e+06
1.08642e+06
1.08641e+06
1.08416e+06
1.08393e+06
1.08154e+06
1.08115e+06
1.07868e+06
1.07813e+06
1.07558e+06
1.07491e+06
1.07228e+06
1.07155e+06
1.06897e+06
1.09327e+06
1.09154e+06
1.09202e+06
1.0903e+06
1.09079e+06
1.08886e+06
1.08911e+06
1.08694e+06
1.08693e+06
1.08459e+06
1.08435e+06
1.08191e+06
1.0815e+06
1.079e+06
1.07843e+06
1.07589e+06
1.07517e+06
1.07259e+06
1.07178e+06
1.06922e+06
1.09325e+06
1.09145e+06
1.09196e+06
1.09025e+06
1.09075e+06
1.08884e+06
1.0891e+06
1.08696e+06
1.08696e+06
1.08463e+06
1.08441e+06
1.08198e+06
1.08156e+06
1.07908e+06
1.07851e+06
1.07598e+06
1.07527e+06
1.0727e+06
1.07192e+06
1.06926e+06
1.09334e+06
1.09156e+06
1.09203e+06
1.09029e+06
1.09076e+06
1.08884e+06
1.0891e+06
1.08695e+06
1.08695e+06
1.08463e+06
1.0844e+06
1.08197e+06
1.08156e+06
1.07907e+06
1.0785e+06
1.07596e+06
1.07523e+06
1.07264e+06
1.07179e+06
1.06914e+06
1.09329e+06
1.09147e+06
1.09196e+06
1.09023e+06
1.09071e+06
1.0888e+06
1.08906e+06
1.08692e+06
1.08693e+06
1.08462e+06
1.0844e+06
1.08198e+06
1.08157e+06
1.07909e+06
1.07852e+06
1.076e+06
1.07528e+06
1.0727e+06
1.07191e+06
1.06919e+06
1.09336e+06
1.09156e+06
1.09203e+06
1.09027e+06
1.09074e+06
1.08881e+06
1.08908e+06
1.08693e+06
1.08694e+06
1.08462e+06
1.0844e+06
1.08197e+06
1.08156e+06
1.07907e+06
1.0785e+06
1.07596e+06
1.07523e+06
1.07263e+06
1.07179e+06
1.06911e+06
1.09329e+06
1.09147e+06
1.09196e+06
1.09023e+06
1.09071e+06
1.0888e+06
1.08906e+06
1.08692e+06
1.08693e+06
1.08462e+06
1.0844e+06
1.08198e+06
1.08157e+06
1.07909e+06
1.07852e+06
1.076e+06
1.07528e+06
1.0727e+06
1.07191e+06
1.06919e+06
1.09334e+06
1.09156e+06
1.09203e+06
1.09029e+06
1.09076e+06
1.08884e+06
1.0891e+06
1.08695e+06
1.08695e+06
1.08463e+06
1.0844e+06
1.08197e+06
1.08156e+06
1.07907e+06
1.0785e+06
1.07596e+06
1.07523e+06
1.07264e+06
1.07179e+06
1.06914e+06
1.09325e+06
1.09145e+06
1.09196e+06
1.09025e+06
1.09075e+06
1.08884e+06
1.0891e+06
1.08696e+06
1.08696e+06
1.08463e+06
1.08441e+06
1.08198e+06
1.08156e+06
1.07908e+06
1.07851e+06
1.07598e+06
1.07526e+06
1.0727e+06
1.07192e+06
1.06926e+06
1.09327e+06
1.09154e+06
1.09202e+06
1.0903e+06
1.09079e+06
1.08886e+06
1.08911e+06
1.08694e+06
1.08693e+06
1.08459e+06
1.08435e+06
1.08191e+06
1.0815e+06
1.079e+06
1.07843e+06
1.07589e+06
1.07517e+06
1.07259e+06
1.07177e+06
1.06922e+06
1.09463e+06
1.09341e+06
1.09349e+06
1.09217e+06
1.09217e+06
1.09056e+06
1.09037e+06
1.0885e+06
1.08809e+06
1.086e+06
1.0854e+06
1.08317e+06
1.08241e+06
1.0801e+06
1.07922e+06
1.07684e+06
1.07585e+06
1.07341e+06
1.07236e+06
1.0701e+06
1.09475e+06
1.09346e+06
1.09348e+06
1.09211e+06
1.09209e+06
1.09046e+06
1.09028e+06
1.08839e+06
1.088e+06
1.08591e+06
1.08531e+06
1.08308e+06
1.08232e+06
1.08e+06
1.07911e+06
1.07672e+06
1.07572e+06
1.07327e+06
1.07219e+06
1.06997e+06
1.09464e+06
1.09334e+06
1.09338e+06
1.09205e+06
1.09204e+06
1.09043e+06
1.09025e+06
1.08838e+06
1.08798e+06
1.08589e+06
1.0853e+06
1.08307e+06
1.08232e+06
1.08001e+06
1.07913e+06
1.07674e+06
1.07576e+06
1.0733e+06
1.07224e+06
1.06984e+06
1.09478e+06
1.09344e+06
1.09345e+06
1.09207e+06
1.09204e+06
1.0904e+06
1.09022e+06
1.08834e+06
1.08795e+06
1.08586e+06
1.08528e+06
1.08305e+06
1.0823e+06
1.07998e+06
1.0791e+06
1.07671e+06
1.07571e+06
1.07326e+06
1.07215e+06
1.0698e+06
1.09466e+06
1.09334e+06
1.09337e+06
1.09203e+06
1.09202e+06
1.09041e+06
1.09023e+06
1.08836e+06
1.08796e+06
1.08588e+06
1.08529e+06
1.08306e+06
1.08231e+06
1.08e+06
1.07913e+06
1.07674e+06
1.07576e+06
1.0733e+06
1.07222e+06
1.06978e+06
1.09478e+06
1.09344e+06
1.09345e+06
1.09207e+06
1.09204e+06
1.0904e+06
1.09022e+06
1.08834e+06
1.08795e+06
1.08586e+06
1.08528e+06
1.08305e+06
1.0823e+06
1.07998e+06
1.0791e+06
1.07671e+06
1.07571e+06
1.07326e+06
1.07215e+06
1.0698e+06
1.09464e+06
1.09334e+06
1.09338e+06
1.09205e+06
1.09204e+06
1.09043e+06
1.09025e+06
1.08838e+06
1.08798e+06
1.08589e+06
1.0853e+06
1.08307e+06
1.08232e+06
1.08001e+06
1.07913e+06
1.07674e+06
1.07576e+06
1.0733e+06
1.07224e+06
1.06984e+06
1.09475e+06
1.09346e+06
1.09348e+06
1.09211e+06
1.09209e+06
1.09046e+06
1.09028e+06
1.08839e+06
1.088e+06
1.08591e+06
1.08531e+06
1.08308e+06
1.08232e+06
1.08e+06
1.07911e+06
1.07672e+06
1.07572e+06
1.07327e+06
1.07219e+06
1.06997e+06
1.09463e+06
1.09341e+06
1.09349e+06
1.09217e+06
1.09217e+06
1.09056e+06
1.09037e+06
1.0885e+06
1.08809e+06
1.086e+06
1.0854e+06
1.08317e+06
1.08241e+06
1.0801e+06
1.07922e+06
1.07684e+06
1.07585e+06
1.07341e+06
1.07236e+06
1.0701e+06
1.06695e+06
1.05638e+06
1.05176e+06
1.04091e+06
1.03531e+06
1.02397e+06
1.01755e+06
1.00579e+06
998624
986473
978614
966108
957601
944769
935662
922528
912863
899452
889267
875602
864935
851037
839925
825815
814293
799991
788092
773619
761376
746751
734196
719440
706605
691738
678654
663697
650396
635372
621888
606825
593196
578122
564371
549266
535358
520232
506263
491211
477239
462287
448356
433537
419682
405018
391272
376787
363182
348897
335464
321403
308173
294358
281367
267821
255101
241850
229439
216507
204445
191861
180185
167979
156737
144939
134178
122827
112596
101726
92092.6
81753.7
72771.6
63014
54775.6
45657.4
38229.3
29926.4
23513.7
15901.3
10472.9
4626.22
1.06655e+06
1.05581e+06
1.05114e+06
1.04025e+06
1.03463e+06
1.02326e+06
1.01682e+06
1.00502e+06
997836
985664
977788
965267
956748
943905
934790
921651
911980
898567
888380
874717
864051
850158
839050
824947
813430
799137
787245
772783
760549
745935
733391
718647
705823
690969
677897
662954
649665
634656
621185
606135
592520
577461
563723
548633
534739
519629
505673
490636
476678
461741
447824
433020
419179
404531
390799
376329
362737
348468
335048
321002
307786
293985
281008
267476
254771
241533
229136
216219
204169
191599
179937
167745
156516
144731
133983
122645
112427
101570
91949.5
81623.5
72653.6
62908.5
54682
45575.9
38159.3
29867.7
23465.9
15864.3
10446
4607.97
1.06637e+06
1.05596e+06
1.05131e+06
1.04047e+06
1.03488e+06
1.02354e+06
1.01712e+06
1.00535e+06
998185
986036
978176
965673
957166
944337
935231
922102
912438
899033
888850
875191
864527
850635
839527
825423
813905
799610
787716
773250
761012
746394
733845
719095
706266
691406
678328
663378
650082
635065
621587
606530
592908
577840
564095
548997
535094
519975
506011
490965
476999
462054
448129
433315
419466
404808
391068
376589
362989
348710
335282
321227
308003
294193
281207
267666
254952
241707
229301
216375
204318
191739
180069
167868
156632
144839
134083
122737
112512
101647
92019.8
81686.5
72709.9
62957.9
54725.1
45612.5
38190.1
29892.8
23485.8
15879
10455.1
4614.47
1.06635e+06
1.05562e+06
1.05092e+06
1.04003e+06
1.03441e+06
1.02303e+06
1.01658e+06
1.00478e+06
997595
985421
977542
965019
956497
943653
934535
921396
911723
898310
888122
874459
863792
849899
838790
824688
813171
798880
786988
772527
760294
745683
733139
718398
705575
690724
677653
662713
649426
634420
620951
605905
592292
577236
563502
548415
534523
519417
505464
490431
476476
461544
447630
432830
418993
404348
390620
376154
362567
348301
334886
320844
307632
293836
280862
267335
254634
241401
229009
216096
204051
191486
179828
167641
156417
144637
133894
122561
112348
101496
91880.3
81559.4
72594.8
62854.9
54633.7
45532.9
38121.7
29835.5
23439.2
15842.9
10430.1
4597.48
1.06632e+06
1.05593e+06
1.05126e+06
1.04042e+06
1.03483e+06
1.02349e+06
1.01707e+06
1.0053e+06
998135
985986
978124
965620
957113
944284
935177
922047
912382
898975
888792
875132
864468
850575
839466
825362
813843
799547
787653
773186
760948
746330
733780
719030
706201
691340
678262
663312
650017
635000
621522
606465
592842
577775
564030
548932
535030
519912
505948
490903
476938
461993
448068
433256
419407
404751
391011
376533
362934
348656
335229
321175
307952
294144
281159
267620
254907
241663
229259
216334
204278
191701
180032
167833
156598
144807
134053
122709
112485
101622
91996.2
81664.6
72689.8
62939.6
54708.6
45597.8
38177.2
29881.7
23476.6
15871.5
10449.4
4610.6
1.06635e+06
1.05562e+06
1.05091e+06
1.04002e+06
1.03439e+06
1.02302e+06
1.01657e+06
1.00477e+06
997579
985405
977526
965003
956482
943638
934520
921380
911707
898295
888107
874444
863777
849885
838776
824674
813157
798866
786975
772514
760281
745670
733127
718385
705563
690712
677641
662701
649415
634409
620940
605894
592282
577226
563491
548405
534513
519407
505455
490422
476467
461535
447622
432821
418985
404340
390612
376147
362559
348294
334879
320837
307626
293829
280856
267329
254628
241396
229004
216091
204046
191481
179824
167637
156413
144633
133890
122558
112345
101493
91877.8
81557.1
72592.7
62852.9
54632
45531.4
38120.4
29834.3
23438.3
15842.2
10429.6
4597.09
1.06637e+06
1.05595e+06
1.05131e+06
1.04047e+06
1.03487e+06
1.02354e+06
1.01712e+06
1.00535e+06
998185
986037
978176
965674
957167
944338
935232
922103
912439
899034
888851
875191
864528
850636
839528
825424
813906
799611
787717
773250
761012
746394
733845
719096
706266
691406
678328
663378
650083
635066
621588
606531
592908
577841
564096
548997
535094
519976
506012
490966
477000
462054
448129
433316
419467
404809
391069
376590
362990
348711
335283
321228
308004
294194
281208
267668
254954
241708
229303
216376
204319
191741
180070
167870
156633
144840
134085
122739
112514
101649
92021.5
81688.1
72711.5
62959.4
54726.7
45613.9
38191.4
29894
23486.9
15879.8
10455.9
4614.81
1.06655e+06
1.05578e+06
1.0511e+06
1.04021e+06
1.03458e+06
1.02321e+06
1.01677e+06
1.00497e+06
997784
985612
977736
965215
956697
943855
934740
921601
911931
898519
888333
874670
864005
850112
839004
824902
813386
799094
787202
772740
760507
745894
733350
718607
705783
690930
677859
662916
649628
634619
621149
606100
592485
577427
563690
548601
534706
519597
505642
490606
476648
461712
447796
432992
419152
404504
390773
376304
362713
348444
335025
320979
307764
293964
280987
267456
254751
241515
229118
216201
204153
191584
179922
167731
156502
144718
133971
122634
112417
101560
91940.5
81615.2
72646.1
62901.7
54676
45570.6
38154.8
29863.9
23463
15861.9
10444.4
4606.74
1.06694e+06
1.05637e+06
1.05175e+06
1.04092e+06
1.03533e+06
1.02399e+06
1.01758e+06
1.00582e+06
998652
986503
978645
966139
957633
944800
935694
922560
912894
899483
889298
875632
864965
851066
839954
825843
814321
800019
788119
773646
761402
746777
734222
719465
706630
691763
678678
663721
650420
635395
621911
606847
593218
578144
564392
549287
535378
520252
506282
491230
477258
462305
448374
433554
419699
405035
391289
376803
363197
348913
335479
321417
308187
294372
281380
267833
255114
241862
229451
216518
204455
191871
180195
167989
156746
144947
134186
122834
112603
101732
92098.6
81759.3
72776.7
63018.7
54779.9
45661.3
38232.7
29929.4
23516.3
15903.5
10474.6
4627.29
1.06699e+06
1.05608e+06
1.05189e+06
1.04083e+06
1.03553e+06
1.02402e+06
1.0178e+06
1.0059e+06
998867
986608
978840
966242
957800
944889
935826
922625
912989
899520
889357
875642
864990
851049
839948
825802
814288
799955
788064
773565
761329
746682
734134
719360
706532
691650
678574
663605
650312
635279
621803
606733
593113
578034
564292
549184
535283
520156
506194
491141
477177
462226
448303
433485
419639
404977
391240
376758
363161
348880
335456
321398
308178
294366
281384
267841
255132
241884
229483
216554
204501
191919
180253
168048
156816
145017
134265
122912
112689
101814
92186.8
81840.9
72861.6
63093.6
54854
45721.8
38287.2
29967
23543.6
15909.2
10464.5
4605.39
1.06723e+06
1.05653e+06
1.05238e+06
1.04136e+06
1.03608e+06
1.02461e+06
1.01841e+06
1.00655e+06
999536
987304
979555
966979
958551
945656
936605
923416
913789
900328
890170
876458
865810
851869
840769
826620
815104
800767
788872
774366
762124
747470
734915
720131
707295
692403
679317
664337
651033
635988
622501
607418
593786
578695
564940
549818
535905
520764
506789
491721
477745
462779
448843
434010
420150
405474
391723
377226
363616
349320
335881
321809
308575
294748
281752
268195
255471
242209
229794
216850
204784
192187
180508
168289
157043
145230
134465
123097
112861
101973
92332.5
81973.4
72981.3
63200.4
54948.4
45803.7
38357.3
30025.3
23590.7
15945
10490
4621.56
1.06699e+06
1.0562e+06
1.05201e+06
1.04097e+06
1.03566e+06
1.02416e+06
1.01793e+06
1.00604e+06
999002
986745
978977
966380
957938
945027
935965
922765
913129
899661
889497
875782
865131
851190
840089
825942
814428
800095
788202
773702
761466
746818
734269
719494
706665
691782
678704
663734
650439
635405
621927
606855
593233
578153
564408
549298
535395
520266
506302
491247
477281
462327
448403
433582
419734
405070
391330
376846
363247
348963
335536
321476
308253
294439
281454
267909
255197
241946
229543
216611
204556
191971
180303
168096
156861
145059
134305
122949
112723
101846
92216.1
81867.7
72885.9
63115.5
54873.4
45738.9
38302
29979.5
23553.9
15917.4
10471
4609.54
1.06714e+06
1.05656e+06
1.05242e+06
1.0414e+06
1.03612e+06
1.02465e+06
1.01845e+06
1.00659e+06
999578
987346
979597
967020
958592
945697
936645
923455
913828
900366
890207
876495
865845
851904
840803
826653
815137
800799
788903
774397
762154
747499
734944
720160
707322
692430
679343
664363
651058
636013
622525
607442
593809
578717
564962
549839
535926
520783
506808
491740
477763
462796
448860
434026
420166
405489
391738
377240
363629
349333
335894
321821
308587
294759
281763
268205
255481
242218
229803
216859
204792
192195
180515
168296
157049
145236
134470
123102
112866
101977
92336.6
81977.1
72984.6
63203.5
54951.2
45806.2
38359.4
30027.1
23592.3
15946.3
10491.4
4622.3
1.06694e+06
1.05617e+06
1.05198e+06
1.04094e+06
1.03564e+06
1.02413e+06
1.01791e+06
1.00601e+06
998976
986719
978951
966355
957912
945002
935939
922739
913104
899636
889472
875757
865106
851165
840064
825918
814404
800071
788179
773679
761442
746795
734247
719472
706642
691760
678682
663712
650418
635384
621906
606835
593213
578133
564389
549279
535376
520247
506284
491229
477263
462310
448385
433565
419717
405053
391314
376830
363231
348948
335521
321461
308239
294425
281441
267896
255185
241934
229531
216600
204545
191961
180293
168086
156851
145050
134296
122941
112716
101839
92209.5
81861.6
72880.3
63110.4
54868.8
45734.7
38298.4
29976.4
23551.4
15915.3
10469.7
4608.52
1.06714e+06
1.05656e+06
1.05242e+06
1.04141e+06
1.03613e+06
1.02467e+06
1.01846e+06
1.0066e+06
999591
987359
979610
967034
958606
945710
936659
923469
913841
900379
890220
876507
865858
851916
840815
826665
815149
800811
788915
774408
762166
747511
734955
720171
707333
692440
679354
664373
651069
636023
622535
607452
593819
578726
564971
549849
535935
520792
506817
491749
477771
462805
448868
434034
420174
405497
391746
377248
363637
349340
335901
321828
308593
294766
281769
268211
255487
242224
229808
216864
204797
192200
180520
168300
157054
145240
134474
123106
112870
101981
92339.9
81980.2
72987.5
63206.1
54953.6
45808.3
38361.4
30028.8
23593.7
15947.4
10492.3
4622.85
1.06699e+06
1.05619e+06
1.05199e+06
1.04095e+06
1.03565e+06
1.02414e+06
1.01792e+06
1.00602e+06
998985
986727
978959
966363
957920
945011
935948
922748
913113
899645
889481
875767
865115
851175
840074
825927
814414
800081
788189
773689
761452
746805
734256
719481
706652
691770
678692
663722
650427
635393
621916
606844
593222
578142
564398
549288
535386
520256
506293
491238
477272
462319
448394
433574
419726
405062
391323
376838
363240
348956
335530
321470
308247
294433
281449
267904
255192
241941
229538
216607
204552
191967
180299
168092
156857
145056
134302
122946
112721
101844
92213.9
81865.7
72884.1
63113.9
54872.1
45737.7
38301
29978.7
23553.3
15916.9
10470.9
4609.29
1.06722e+06
1.05652e+06
1.05238e+06
1.04137e+06
1.03609e+06
1.02463e+06
1.01843e+06
1.00657e+06
999558
987328
979580
967004
958577
945682
936631
923442
913815
900353
890195
876483
865834
851893
840792
826643
815127
800789
788894
774387
762146
747491
734935
720152
707315
692423
679336
664356
651052
636007
622520
607437
593805
578712
564958
549836
535922
520780
506806
491738
477761
462794
448858
434025
420165
405489
391738
377240
363630
349333
335895
321822
308588
294761
281765
268207
255484
242220
229805
216861
204795
192198
180518
168299
157053
145239
134474
123106
112869
101981
92339.9
81980.3
72987.8
63206.5
54954
45808.8
38361.9
30029.4
23594.3
15947.9
10492.4
4622.97
1.06698e+06
1.05604e+06
1.05184e+06
1.04078e+06
1.03547e+06
1.02396e+06
1.01774e+06
1.00584e+06
998810
986551
978783
966186
957744
944834
935772
922572
912937
899469
889306
875592
864941
851001
839901
825755
814242
799910
788019
773521
761285
746640
734092
719319
706492
691611
678535
663567
650274
635242
621767
606697
593078
578000
564258
549151
535251
520124
506163
491110
477148
462197
448275
433457
419612
404951
391214
376733
363137
348856
335432
321375
308156
294345
281363
267821
255112
241865
229465
216536
204484
191903
180238
168034
156802
145004
134253
122900
112678
101804
92177.2
81832.1
72853.5
63086.4
54847.5
45716.1
38282.3
29963
23540.4
15906.8
10462.9
4604.16
1.06694e+06
1.05663e+06
1.05246e+06
1.04163e+06
1.03638e+06
1.02498e+06
1.01883e+06
1.00697e+06
1.00002e+06
987772
980074
967467
959082
946151
937134
923906
914305
900806
890666
876920
866284
852312
841221
827043
815534
801171
789281
774752
762514
747839
735287
720486
707652
692744
679660
664666
651365
636308
622823
607729
594098
578997
565244
550114
536201
521051
507078
492002
478026
463053
449117
434278
420419
405737
391986
377483
363873
349572
336133
322056
308821
294990
281993
268431
255707
242438
230023
217073
205006
192403
180722
168495
157247
145425
134656
123279
113037
102138
92490
82118.2
73117.8
63322.7
55062.7
45901.9
38448.9
30098.7
23659.5
15991
10531.3
4637.29
1.06682e+06
1.0566e+06
1.05244e+06
1.04161e+06
1.03636e+06
1.02495e+06
1.01881e+06
1.00695e+06
999999
987751
980054
967448
959063
946133
937116
923889
914288
900790
890651
876905
866270
852298
841207
827031
815522
801160
789269
774741
762504
747830
735278
720477
707643
692736
679652
664659
651358
636301
622816
607723
594093
578992
565239
550109
536197
521047
507074
491999
478023
463050
449115
434275
420416
405734
391984
377481
363871
349570
336132
322054
308820
294988
281992
268430
255706
242437
230022
217072
205005
192402
180721
168495
157246
145424
134655
123278
113036
102137
92489.4
82117.7
73117.3
63322.2
55062.3
45901.5
38448.5
30098.3
23659.3
15990.7
10531
4636.98
1.06688e+06
1.05662e+06
1.05245e+06
1.04163e+06
1.03638e+06
1.02497e+06
1.01882e+06
1.00697e+06
1.00002e+06
987769
980072
967465
959081
946149
937132
923905
914303
900805
890665
876919
866283
852311
841220
827042
815533
801170
789280
774751
762513
747839
735287
720485
707651
692744
679660
664666
651364
636308
622823
607729
594099
578997
565244
550114
536202
521052
507078
492003
478026
463053
449118
434279
420419
405737
391986
377484
363874
349572
336134
322056
308822
294990
281994
268432
255708
242439
230024
217074
205007
192404
180723
168496
157247
145426
134657
123280
113038
102138
92490.8
82119
73118.6
63323.4
55063.4
45902.5
38449.4
30099.2
23660
15991.4
10531.6
4637.27
1.06679e+06
1.05657e+06
1.0524e+06
1.04158e+06
1.03633e+06
1.02493e+06
1.01879e+06
1.00693e+06
999978
987730
980034
967428
959044
946113
937096
923870
914268
900771
890631
876886
866251
852280
841189
827012
815504
801142
789251
774724
762486
747812
735261
720460
707627
692720
679636
664643
651342
636286
622801
607708
594078
578978
565225
550095
536183
521034
507060
491986
478010
463037
449102
434263
420405
405723
391972
377470
363860
349559
336121
322044
308810
294979
281983
268421
255697
242429
230014
217065
204998
192395
180714
168488
157240
145419
134650
123273
113032
102133
92485.3
82113.9
73113.9
63319.1
55059.5
45899
38446.4
30096.5
23657.8
15989.5
10530.1
4636.25
1.06687e+06
1.05661e+06
1.05245e+06
1.04163e+06
1.03638e+06
1.02498e+06
1.01883e+06
1.00698e+06
1.00002e+06
987773
980076
967469
959085
946154
937136
923909
914307
900809
890669
876923
866287
852315
841223
827046
815537
801174
789283
774754
762516
747842
735289
720488
707654
692746
679662
664669
651367
636310
622825
607731
594101
578999
565246
550116
536203
521053
507080
492004
478028
463055
449119
434280
420421
405738
391988
377485
363875
349573
336135
322057
308823
294991
281995
268433
255709
242440
230025
217075
205007
192405
180723
168497
157248
145427
134657
123280
113039
102139
92491.4
82119.5
73119.1
63323.9
55063.8
45902.9
38449.8
30099.5
23660.3
15991.7
10531.9
4637.35
1.06679e+06
1.05657e+06
1.0524e+06
1.04158e+06
1.03633e+06
1.02494e+06
1.01879e+06
1.00693e+06
999979
987731
980035
967429
959045
946115
937097
923871
914270
900772
890633
876888
866252
852281
841190
827014
815505
801143
789253
774725
762488
747814
735262
720462
707628
692721
679638
664645
651343
636287
622802
607709
594080
578979
565226
550096
536184
521035
507062
491987
478011
463039
449104
434265
420406
405724
391974
377471
363861
349560
336122
322045
308811
294980
281984
268422
255698
242430
230015
217066
204999
192396
180715
168489
157241
145419
134651
123274
113032
102133
92486
82114.5
73114.5
63319.6
55060
45899.4
38446.8
30096.9
23658.2
15989.8
10530.4
4636.39
1.06688e+06
1.05661e+06
1.05245e+06
1.04162e+06
1.03637e+06
1.02497e+06
1.01882e+06
1.00697e+06
1.00001e+06
987766
980069
967462
959078
946147
937130
923903
914301
900803
890663
876917
866281
852309
841218
827041
815532
801169
789278
774750
762512
747837
735285
720484
707650
692743
679659
664665
651363
636307
622822
607728
594098
578996
565244
550113
536201
521051
507077
492002
478026
463053
449118
434278
420419
405737
391986
377484
363874
349572
336134
322056
308822
294991
281994
268432
255708
242440
230024
217075
205007
192404
180723
168497
157248
145426
134657
123280
113038
102139
92491.4
82119.5
73119.1
63323.9
55063.9
45903
38450
30099.6
23660.5
15991.8
10532.1
4637.42
1.06682e+06
1.05658e+06
1.05241e+06
1.04159e+06
1.03634e+06
1.02494e+06
1.01879e+06
1.00694e+06
999982
987734
980038
967432
959048
946117
937100
923874
914273
900775
890636
876891
866255
852284
841193
827016
815508
801146
789255
774728
762490
747816
735265
720464
707630
692724
679640
664647
651346
636290
622805
607712
594082
578981
565229
550099
536187
521037
507064
491989
478013
463041
449106
434267
420408
405726
391976
377474
363864
349563
336125
322047
308814
294982
281986
268424
255700
242432
230017
217068
205001
192398
180717
168491
157243
145421
134652
123276
113034
102135
92487.6
82116.1
73116
63321
55061.3
45900.7
38447.9
30097.9
23659.1
15990.6
10531
4636.82
1.06693e+06
1.0566e+06
1.05242e+06
1.0416e+06
1.03634e+06
1.02494e+06
1.01879e+06
1.00694e+06
999990
987741
980045
967438
959054
946124
937107
923880
914279
900781
890641
876896
866261
852289
841198
827021
815512
801150
789259
774731
762494
747819
735267
720467
707633
692726
679642
664649
651348
636291
622806
607713
594083
578982
565229
550099
536187
521038
507064
491989
478013
463041
449106
434267
420408
405726
391975
377473
363863
349562
336124
322047
308813
294981
281986
268423
255700
242432
230016
217067
205000
192397
180716
168490
157242
145421
134652
123275
113034
102135
92487.3
82115.8
73115.8
63320.9
55061.3
45900.7
38448
30098
23659.2
15990.9
10531.4
4637.1
1.06699e+06
1.05608e+06
1.05189e+06
1.04083e+06
1.03553e+06
1.02402e+06
1.0178e+06
1.0059e+06
998868
986608
978841
966243
957800
944889
935826
922625
912990
899521
889357
875642
864990
851049
839949
825802
814288
799955
788064
773565
761329
746682
734134
719360
706532
691651
678574
663605
650312
635279
621803
606733
593113
578034
564292
549184
535283
520156
506194
491141
477177
462226
448303
433485
419639
404977
391240
376758
363161
348880
335456
321398
308178
294366
281384
267841
255132
241884
229483
216554
204501
191919
180253
168048
156816
145017
134265
122912
112689
101814
92186.8
81840.9
72861.6
63093.7
54854
45721.8
38287.2
29967
23543.6
15909.2
10464.5
4605.39
1.06723e+06
1.05653e+06
1.05239e+06
1.04136e+06
1.03608e+06
1.02461e+06
1.01841e+06
1.00655e+06
999536
987304
979555
966979
958551
945656
936606
923416
913790
900328
890170
876459
865810
851869
840769
826620
815105
800767
788872
774366
762124
747470
734915
720131
707295
692403
679317
664337
651033
635989
622502
607419
593787
578695
564940
549818
535905
520764
506789
491722
477745
462779
448843
434010
420150
405474
391723
377226
363616
349320
335881
321809
308575
294748
281752
268195
255471
242209
229794
216850
204784
192187
180508
168289
157043
145230
134465
123097
112861
101973
92332.5
81973.4
72981.3
63200.4
54948.4
45803.7
38357.3
30025.3
23590.7
15945
10490
4621.56
1.06699e+06
1.0562e+06
1.05201e+06
1.04097e+06
1.03566e+06
1.02416e+06
1.01793e+06
1.00604e+06
999003
986745
978977
966380
957938
945028
935965
922765
913129
899661
889497
875782
865131
851190
840089
825942
814428
800095
788203
773703
761466
746818
734269
719494
706665
691782
678704
663734
650439
635405
621927
606855
593233
578153
564408
549298
535396
520266
506302
491247
477281
462327
448403
433582
419734
405070
391330
376846
363247
348963
335536
321476
308253
294439
281455
267909
255197
241946
229543
216611
204556
191971
180303
168096
156861
145059
134305
122949
112723
101846
92216.1
81867.7
72885.9
63115.5
54873.4
45738.9
38302
29979.5
23553.9
15917.4
10471
4609.54
1.06714e+06
1.05656e+06
1.05242e+06
1.0414e+06
1.03612e+06
1.02465e+06
1.01845e+06
1.00659e+06
999578
987347
979597
967020
958592
945697
936645
923455
913828
900366
890207
876495
865845
851904
840803
826653
815137
800799
788903
774397
762155
747499
734944
720160
707323
692430
679343
664363
651058
636013
622526
607442
593809
578717
564962
549839
535926
520784
506809
491740
477763
462796
448860
434026
420166
405489
391738
377240
363630
349333
335894
321821
308587
294760
281763
268205
255481
242218
229803
216859
204792
192195
180515
168296
157049
145236
134470
123102
112866
101977
92336.6
81977.1
72984.7
63203.5
54951.2
45806.2
38359.4
30027.1
23592.3
15946.3
10491.4
4622.3
1.06694e+06
1.05617e+06
1.05198e+06
1.04094e+06
1.03564e+06
1.02413e+06
1.01791e+06
1.00601e+06
998977
986719
978951
966355
957912
945002
935939
922739
913104
899636
889472
875757
865106
851165
840064
825918
814404
800071
788179
773679
761443
746796
734247
719472
706643
691760
678682
663713
650418
635384
621906
606835
593213
578133
564389
549279
535376
520247
506284
491229
477263
462310
448385
433565
419717
405053
391314
376830
363231
348948
335521
321461
308239
294425
281441
267896
255185
241934
229531
216600
204545
191961
180293
168086
156851
145050
134296
122941
112716
101839
92209.5
81861.6
72880.3
63110.4
54868.8
45734.7
38298.4
29976.4
23551.4
15915.3
10469.7
4608.52
1.06714e+06
1.05656e+06
1.05242e+06
1.04141e+06
1.03613e+06
1.02467e+06
1.01847e+06
1.0066e+06
999591
987359
979610
967034
958606
945711
936659
923469
913841
900379
890220
876508
865858
851917
840816
826666
815149
800811
788915
774408
762166
747511
734955
720171
707333
692441
679354
664373
651069
636023
622536
607452
593819
578726
564971
549849
535935
520793
506817
491749
477772
462805
448868
434034
420174
405497
391746
377248
363637
349340
335901
321828
308593
294766
281770
268212
255487
242224
229808
216864
204797
192200
180520
168300
157054
145240
134474
123106
112870
101981
92339.9
81980.2
72987.5
63206.1
54953.6
45808.3
38361.4
30028.8
23593.7
15947.4
10492.3
4622.85
1.06699e+06
1.05619e+06
1.05199e+06
1.04095e+06
1.03565e+06
1.02414e+06
1.01792e+06
1.00602e+06
998985
986727
978959
966363
957921
945011
935948
922748
913113
899645
889482
875767
865116
851175
840074
825927
814414
800081
788189
773689
761452
746805
734256
719482
706652
691770
678692
663722
650427
635393
621916
606844
593222
578142
564398
549288
535386
520257
506293
491238
477272
462319
448394
433574
419726
405062
391323
376838
363240
348956
335530
321470
308247
294433
281449
267904
255192
241941
229538
216607
204552
191967
180299
168092
156857
145056
134302
122946
112721
101844
92213.9
81865.7
72884.1
63113.9
54872.1
45737.7
38301
29978.7
23553.3
15916.9
10470.9
4609.29
1.06722e+06
1.05652e+06
1.05238e+06
1.04137e+06
1.03609e+06
1.02463e+06
1.01843e+06
1.00657e+06
999559
987328
979580
967004
958577
945682
936631
923442
913815
900353
890195
876483
865834
851893
840792
826643
815127
800789
788894
774388
762146
747491
734936
720152
707315
692423
679336
664356
651052
636007
622520
607437
593805
578713
564958
549836
535922
520780
506806
491738
477761
462795
448859
434025
420165
405489
391738
377240
363630
349333
335895
321822
308588
294761
281765
268207
255484
242220
229805
216862
204795
192198
180518
168299
157053
145239
134474
123106
112869
101981
92339.9
81980.3
72987.8
63206.5
54954
45808.8
38361.9
30029.4
23594.3
15947.9
10492.4
4622.97
1.06698e+06
1.05604e+06
1.05184e+06
1.04078e+06
1.03547e+06
1.02397e+06
1.01774e+06
1.00584e+06
998810
986551
978784
966186
957744
944834
935772
922572
912937
899469
889306
875592
864941
851001
839901
825755
814242
799910
788019
773521
761286
746640
734093
719319
706492
691611
678535
663567
650274
635242
621767
606698
593078
578000
564258
549151
535251
520124
506163
491110
477148
462197
448275
433457
419612
404951
391214
376733
363137
348856
335433
321375
308156
294345
281363
267821
255112
241865
229465
216536
204484
191903
180238
168034
156802
145004
134253
122900
112678
101804
92177.2
81832.1
72853.5
63086.4
54847.5
45716.1
38282.4
29963
23540.4
15906.8
10462.9
4604.16
1.06695e+06
1.05638e+06
1.05176e+06
1.04091e+06
1.03531e+06
1.02397e+06
1.01755e+06
1.00579e+06
998624
986474
978614
966108
957602
944769
935662
922529
912863
899452
889267
875602
864935
851037
839925
825815
814293
799991
788092
773619
761376
746751
734196
719440
706605
691738
678654
663697
650396
635372
621889
606825
593196
578122
564371
549266
535358
520233
506263
491211
477239
462287
448356
433537
419682
405018
391272
376787
363182
348897
335464
321403
308173
294358
281367
267821
255101
241850
229439
216507
204445
191861
180185
167979
156737
144939
134178
122827
112596
101726
92092.6
81753.8
72771.6
63014.1
54775.6
45657.4
38229.3
29926.4
23513.7
15901.3
10472.9
4626.23
1.06655e+06
1.05581e+06
1.05114e+06
1.04025e+06
1.03463e+06
1.02326e+06
1.01682e+06
1.00502e+06
997836
985664
977788
965267
956748
943905
934790
921651
911980
898568
888381
874717
864052
850158
839050
824947
813430
799137
787246
772783
760549
745936
733391
718647
705823
690969
677897
662954
649665
634656
621185
606136
592520
577461
563724
548634
534739
519629
505673
490636
476678
461741
447825
433020
419179
404531
390799
376329
362737
348468
335048
321002
307786
293985
281008
267476
254771
241533
229136
216219
204169
191599
179937
167745
156516
144731
133983
122645
112427
101570
91949.5
81623.5
72653.6
62908.5
54682
45575.9
38159.3
29867.7
23465.9
15864.3
10446
4607.97
1.06637e+06
1.05596e+06
1.05131e+06
1.04047e+06
1.03488e+06
1.02354e+06
1.01712e+06
1.00535e+06
998185
986037
978176
965673
957166
944338
935231
922103
912438
899033
888850
875191
864527
850635
839527
825424
813906
799610
787716
773250
761012
746394
733845
719096
706266
691406
678328
663378
650083
635066
621588
606530
592908
577840
564095
548997
535094
519975
506012
490965
476999
462054
448129
433315
419466
404808
391068
376589
362989
348710
335282
321227
308003
294193
281207
267666
254953
241707
229301
216375
204318
191739
180069
167868
156632
144839
134083
122737
112512
101647
92019.8
81686.5
72709.9
62957.9
54725.1
45612.5
38190.1
29892.8
23485.8
15879
10455.1
4614.47
1.06635e+06
1.05562e+06
1.05092e+06
1.04003e+06
1.03441e+06
1.02303e+06
1.01658e+06
1.00479e+06
997595
985421
977542
965019
956498
943653
934536
921396
911723
898310
888122
874459
863792
849899
838790
824688
813171
798880
786989
772527
760294
745683
733139
718398
705575
690724
677654
662713
649427
634420
620951
605905
592292
577237
563502
548415
534523
519417
505465
490431
476477
461544
447630
432830
418993
404348
390620
376154
362567
348301
334886
320844
307632
293836
280863
267335
254634
241401
229009
216096
204051
191486
179828
167641
156417
144637
133894
122561
112348
101496
91880.4
81559.5
72594.8
62854.9
54633.8
45532.9
38121.7
29835.5
23439.2
15842.9
10430.1
4597.48
1.06632e+06
1.05593e+06
1.05126e+06
1.04042e+06
1.03483e+06
1.02349e+06
1.01707e+06
1.0053e+06
998135
985986
978125
965621
957114
944284
935177
922047
912382
898976
888792
875132
864468
850575
839466
825362
813843
799548
787653
773186
760948
746330
733780
719031
706201
691341
678262
663312
650017
635000
621522
606465
592842
577775
564031
548932
535030
519912
505949
490903
476938
461993
448068
433256
419407
404751
391011
376533
362934
348656
335229
321175
307952
294144
281159
267620
254907
241663
229259
216334
204278
191701
180032
167833
156598
144807
134053
122709
112485
101622
91996.2
81664.7
72689.9
62939.6
54708.7
45597.8
38177.2
29881.7
23476.6
15871.5
10449.4
4610.6
1.06635e+06
1.05562e+06
1.05091e+06
1.04002e+06
1.03439e+06
1.02302e+06
1.01657e+06
1.00477e+06
997580
985405
977526
965003
956482
943638
934520
921381
911708
898295
888107
874444
863778
849885
838776
824674
813158
798866
786975
772514
760281
745670
733127
718386
705563
690712
677642
662702
649415
634409
620940
605894
592282
577226
563492
548405
534514
519407
505455
490422
476468
461535
447622
432821
418985
404340
390612
376147
362559
348294
334879
320837
307626
293830
280856
267329
254628
241396
229004
216091
204046
191481
179824
167637
156413
144633
133890
122558
112345
101493
91877.8
81557.1
72592.7
62852.9
54632.1
45531.4
38120.4
29834.4
23438.3
15842.2
10429.6
4597.09
1.06637e+06
1.05595e+06
1.05131e+06
1.04047e+06
1.03487e+06
1.02354e+06
1.01712e+06
1.00535e+06
998185
986037
978177
965674
957167
944339
935233
922104
912439
899034
888851
875192
864528
850636
839528
825424
813906
799611
787717
773250
761013
746395
733845
719096
706267
691406
678328
663378
650083
635066
621588
606531
592908
577841
564096
548997
535095
519976
506012
490966
477000
462054
448129
433316
419467
404809
391069
376590
362990
348711
335283
321228
308004
294194
281208
267668
254954
241708
229303
216376
204319
191741
180071
167870
156633
144840
134085
122739
112514
101649
92021.5
81688.1
72711.5
62959.4
54726.7
45613.9
38191.4
29894
23486.9
15879.8
10455.9
4614.81
1.06655e+06
1.05578e+06
1.0511e+06
1.04021e+06
1.03459e+06
1.02321e+06
1.01677e+06
1.00497e+06
997785
985612
977737
965215
956697
943855
934740
921602
911931
898519
888333
874670
864005
850112
839004
824902
813386
799094
787203
772741
760507
745895
733350
718607
705784
690931
677859
662917
649628
634620
621149
606101
592486
577427
563690
548601
534707
519597
505642
490606
476648
461713
447796
432993
419152
404505
390773
376304
362713
348444
335025
320979
307764
293964
280987
267456
254751
241515
229119
216202
204153
191584
179922
167731
156503
144718
133971
122634
112417
101560
91940.5
81615.2
72646.1
62901.7
54676.1
45570.6
38154.8
29863.9
23463
15861.9
10444.4
4606.74
1.06694e+06
1.05637e+06
1.05175e+06
1.04092e+06
1.03533e+06
1.02399e+06
1.01758e+06
1.00582e+06
998652
986503
978645
966139
957633
944801
935694
922560
912894
899483
889298
875632
864965
851067
839954
825844
814321
800019
788120
773646
761403
746777
734222
719466
706630
691763
678679
663721
650420
635396
621911
606847
593218
578144
564393
549287
535378
520253
506283
491230
477258
462306
448374
433554
419699
405035
391289
376804
363197
348913
335479
321417
308187
294372
281380
267833
255114
241862
229451
216518
204455
191871
180195
167989
156746
144947
134186
122834
112603
101732
92098.6
81759.4
72776.8
63018.7
54779.9
45661.3
38232.7
29929.4
23516.3
15903.5
10474.6
4627.29
)
;

boundaryField
{
    upperWall
    {
        type            calculated;
        value           nonuniform List<scalar> 
550
(
1.09463e+06
1.09327e+06
1.09277e+06
1.09327e+06
1.09463e+06
1.09341e+06
1.09154e+06
1.09104e+06
1.09154e+06
1.09341e+06
1.09349e+06
1.09202e+06
1.09133e+06
1.09202e+06
1.09349e+06
1.09217e+06
1.0903e+06
1.08965e+06
1.0903e+06
1.09217e+06
1.09216e+06
1.09079e+06
1.09001e+06
1.09079e+06
1.09217e+06
1.09056e+06
1.08886e+06
1.08821e+06
1.08886e+06
1.09056e+06
1.09037e+06
1.08911e+06
1.08845e+06
1.08911e+06
1.09037e+06
1.0885e+06
1.08694e+06
1.08642e+06
1.08694e+06
1.0885e+06
1.08809e+06
1.08693e+06
1.08641e+06
1.08693e+06
1.08809e+06
1.086e+06
1.08459e+06
1.08416e+06
1.08459e+06
1.086e+06
1.0854e+06
1.08435e+06
1.08393e+06
1.08435e+06
1.0854e+06
1.08317e+06
1.08191e+06
1.08154e+06
1.08191e+06
1.08317e+06
1.08241e+06
1.0815e+06
1.08115e+06
1.0815e+06
1.08241e+06
1.0801e+06
1.079e+06
1.07868e+06
1.079e+06
1.0801e+06
1.07922e+06
1.07843e+06
1.07813e+06
1.07843e+06
1.07922e+06
1.07684e+06
1.07589e+06
1.07558e+06
1.07589e+06
1.07684e+06
1.07585e+06
1.07517e+06
1.07491e+06
1.07517e+06
1.07585e+06
1.07341e+06
1.07259e+06
1.07228e+06
1.07259e+06
1.07341e+06
1.07236e+06
1.07177e+06
1.07155e+06
1.07177e+06
1.07236e+06
1.0701e+06
1.06922e+06
1.06897e+06
1.06922e+06
1.0701e+06
1.06694e+06
1.06698e+06
1.06693e+06
1.06698e+06
1.06694e+06
1.05637e+06
1.05604e+06
1.0566e+06
1.05604e+06
1.05637e+06
1.05175e+06
1.05184e+06
1.05242e+06
1.05184e+06
1.05175e+06
1.04092e+06
1.04078e+06
1.0416e+06
1.04078e+06
1.04092e+06
1.03533e+06
1.03547e+06
1.03634e+06
1.03547e+06
1.03533e+06
1.02399e+06
1.02396e+06
1.02494e+06
1.02397e+06
1.02399e+06
1.01758e+06
1.01774e+06
1.01879e+06
1.01774e+06
1.01758e+06
1.00582e+06
1.00584e+06
1.00694e+06
1.00584e+06
1.00582e+06
998652
998810
999990
998810
998652
986503
986551
987741
986551
986503
978645
978783
980045
978784
978645
966139
966186
967438
966186
966139
957633
957744
959054
957744
957633
944800
944834
946124
944834
944801
935694
935772
937107
935772
935694
922560
922572
923880
922572
922560
912894
912937
914279
912937
912894
899483
899469
900781
899469
899483
889298
889306
890641
889306
889298
875632
875592
876896
875592
875632
864965
864941
866261
864941
864965
851066
851001
852289
851001
851067
839954
839901
841198
839901
839954
825843
825755
827021
825755
825844
814321
814242
815512
814242
814321
800019
799910
801150
799910
800019
788119
788019
789259
788019
788120
773646
773521
774731
773521
773646
761402
761285
762494
761286
761403
746777
746640
747819
746640
746777
734222
734092
735267
734093
734222
719465
719319
720467
719319
719466
706630
706492
707633
706492
706630
691763
691611
692726
691611
691763
678678
678535
679642
678535
678679
663721
663567
664649
663567
663721
650420
650274
651348
650274
650420
635395
635242
636291
635242
635396
621911
621767
622806
621767
621911
606847
606697
607713
606698
606847
593218
593078
594083
593078
593218
578144
578000
578982
578000
578144
564392
564258
565229
564258
564393
549287
549151
550099
549151
549287
535378
535251
536187
535251
535378
520252
520124
521038
520124
520253
506282
506163
507064
506163
506283
491230
491110
491989
491110
491230
477258
477148
478013
477148
477258
462305
462197
463041
462197
462306
448374
448275
449106
448275
448374
433554
433457
434267
433457
433554
419699
419612
420408
419612
419699
405035
404951
405726
404951
405035
391289
391214
391975
391214
391289
376803
376733
377473
376733
376804
363197
363137
363863
363137
363197
348913
348856
349562
348856
348913
335479
335432
336124
335433
335479
321417
321375
322047
321375
321417
308187
308156
308813
308156
308187
294372
294345
294981
294345
294372
281380
281363
281986
281363
281380
267833
267821
268423
267821
267833
255114
255112
255700
255112
255114
241862
241865
242432
241865
241862
229451
229465
230016
229465
229451
216518
216536
217067
216536
216518
204455
204484
205000
204484
204455
191871
191903
192397
191903
191871
180195
180238
180716
180238
180195
167989
168034
168490
168034
167989
156746
156802
157242
156802
156746
144947
145004
145421
145004
144947
134186
134253
134652
134253
134186
122834
122900
123275
122900
122834
112603
112678
113034
112678
112603
101732
101804
102135
101804
101732
92098.6
92177.2
92487.3
92177.2
92098.6
81759.3
81832.1
82115.8
81832.1
81759.4
72776.7
72853.5
73115.8
72853.5
72776.8
63018.7
63086.4
63320.9
63086.4
63018.7
54779.9
54847.5
55061.3
54847.5
54779.9
45661.3
45716.1
45900.7
45716.1
45661.3
38232.7
38282.3
38448
38282.4
38232.7
29929.4
29963
30098
29963
29929.4
23516.3
23540.4
23659.2
23540.4
23516.3
15903.5
15906.8
15990.9
15906.8
15903.5
10474.6
10462.9
10531.4
10462.9
10474.6
4627.29
4604.16
4637.1
4604.16
4627.29
)
;
    }
    lowerWall
    {
        type            calculated;
        value           nonuniform List<scalar> 
100
(
1.09463e+06
1.09327e+06
1.09277e+06
1.09327e+06
1.09463e+06
1.09341e+06
1.09154e+06
1.09104e+06
1.09154e+06
1.09341e+06
1.09349e+06
1.09202e+06
1.09133e+06
1.09202e+06
1.09349e+06
1.09217e+06
1.0903e+06
1.08965e+06
1.0903e+06
1.09217e+06
1.09216e+06
1.09079e+06
1.09001e+06
1.09079e+06
1.09217e+06
1.09056e+06
1.08886e+06
1.08821e+06
1.08886e+06
1.09056e+06
1.09037e+06
1.08911e+06
1.08845e+06
1.08911e+06
1.09037e+06
1.0885e+06
1.08694e+06
1.08642e+06
1.08694e+06
1.0885e+06
1.08809e+06
1.08693e+06
1.08641e+06
1.08693e+06
1.08809e+06
1.086e+06
1.08459e+06
1.08416e+06
1.08459e+06
1.086e+06
1.0854e+06
1.08435e+06
1.08393e+06
1.08435e+06
1.0854e+06
1.08317e+06
1.08191e+06
1.08154e+06
1.08191e+06
1.08317e+06
1.08241e+06
1.0815e+06
1.08115e+06
1.0815e+06
1.08241e+06
1.0801e+06
1.079e+06
1.07868e+06
1.079e+06
1.0801e+06
1.07922e+06
1.07843e+06
1.07813e+06
1.07843e+06
1.07922e+06
1.07684e+06
1.07589e+06
1.07558e+06
1.07589e+06
1.07684e+06
1.07585e+06
1.07517e+06
1.07491e+06
1.07517e+06
1.07585e+06
1.07341e+06
1.07259e+06
1.07227e+06
1.07259e+06
1.07341e+06
1.07236e+06
1.07178e+06
1.07155e+06
1.07178e+06
1.07236e+06
1.0701e+06
1.06922e+06
1.06897e+06
1.06922e+06
1.0701e+06
)
;
    }
    heatedWall
    {
        type            calculated;
        value           nonuniform List<scalar> 
450
(
1.06695e+06
1.06699e+06
1.06694e+06
1.06699e+06
1.06695e+06
1.05638e+06
1.05608e+06
1.05663e+06
1.05608e+06
1.05638e+06
1.05176e+06
1.05189e+06
1.05246e+06
1.05189e+06
1.05176e+06
1.04091e+06
1.04083e+06
1.04163e+06
1.04083e+06
1.04091e+06
1.03531e+06
1.03553e+06
1.03638e+06
1.03553e+06
1.03531e+06
1.02397e+06
1.02402e+06
1.02498e+06
1.02402e+06
1.02397e+06
1.01755e+06
1.0178e+06
1.01883e+06
1.0178e+06
1.01755e+06
1.00579e+06
1.0059e+06
1.00697e+06
1.0059e+06
1.00579e+06
998624
998867
1.00002e+06
998868
998624
986473
986608
987772
986608
986474
978614
978840
980074
978841
978614
966108
966242
967467
966243
966108
957601
957800
959082
957800
957602
944769
944889
946151
944889
944769
935662
935826
937134
935826
935662
922528
922625
923906
922625
922529
912863
912989
914305
912990
912863
899452
899520
900806
899521
899452
889267
889357
890666
889357
889267
875602
875642
876920
875642
875602
864935
864990
866284
864990
864935
851037
851049
852312
851049
851037
839925
839948
841221
839949
839925
825815
825802
827043
825802
825815
814293
814288
815534
814288
814293
799991
799955
801171
799955
799991
788092
788064
789281
788064
788092
773619
773565
774752
773565
773619
761376
761329
762514
761329
761376
746751
746682
747839
746682
746751
734196
734134
735287
734134
734196
719440
719360
720486
719360
719440
706605
706532
707652
706532
706605
691738
691650
692744
691651
691738
678654
678574
679660
678574
678654
663697
663605
664666
663605
663697
650396
650312
651365
650312
650396
635372
635279
636308
635279
635372
621888
621803
622823
621803
621889
606825
606733
607729
606733
606825
593196
593113
594098
593113
593196
578122
578034
578997
578034
578122
564371
564292
565244
564292
564371
549266
549184
550114
549184
549266
535358
535283
536201
535283
535358
520232
520156
521051
520156
520233
506263
506194
507078
506194
506263
491211
491141
492002
491141
491211
477239
477177
478026
477177
477239
462287
462226
463053
462226
462287
448356
448303
449117
448303
448356
433537
433485
434278
433485
433537
419682
419639
420419
419639
419682
405018
404977
405737
404977
405018
391272
391240
391986
391240
391272
376787
376758
377483
376758
376787
363182
363161
363873
363161
363182
348897
348880
349572
348880
348897
335464
335456
336133
335456
335464
321403
321398
322056
321398
321403
308173
308178
308821
308178
308173
294358
294366
294990
294366
294358
281367
281384
281993
281384
281367
267821
267841
268431
267841
267821
255101
255132
255707
255132
255101
241850
241884
242438
241884
241850
229439
229483
230023
229483
229439
216507
216554
217073
216554
216507
204445
204501
205006
204501
204445
191861
191919
192403
191919
191861
180185
180253
180722
180253
180185
167979
168048
168495
168048
167979
156737
156816
157247
156816
156737
144939
145017
145425
145017
144939
134178
134265
134656
134265
134178
122827
122912
123279
122912
122827
112596
112689
113037
112689
112596
101726
101814
102138
101814
101726
92092.6
92186.8
92490
92186.8
92092.6
81753.7
81840.9
82118.2
81840.9
81753.8
72771.6
72861.6
73117.8
72861.6
72771.6
63014
63093.6
63322.7
63093.7
63014.1
54775.6
54854
55062.7
54854
54775.6
45657.4
45721.8
45901.9
45721.8
45657.4
38229.3
38287.2
38448.9
38287.2
38229.3
29926.4
29967
30098.7
29967
29926.4
23513.7
23543.6
23659.5
23543.6
23513.7
15901.3
15909.2
15991
15909.2
15901.3
10472.9
10464.5
10531.3
10464.5
10472.9
4626.22
4605.39
4637.29
4605.39
4626.23
)
;
    }
    inlet
    {
        type            calculated;
        value           nonuniform List<scalar> 
45
(
1.09463e+06
1.09475e+06
1.09464e+06
1.09478e+06
1.09466e+06
1.09478e+06
1.09464e+06
1.09475e+06
1.09463e+06
1.09327e+06
1.09325e+06
1.09334e+06
1.09329e+06
1.09336e+06
1.09329e+06
1.09334e+06
1.09325e+06
1.09327e+06
1.09277e+06
1.09282e+06
1.09282e+06
1.09285e+06
1.09283e+06
1.09285e+06
1.09282e+06
1.09282e+06
1.09277e+06
1.09327e+06
1.09325e+06
1.09334e+06
1.09329e+06
1.09336e+06
1.09329e+06
1.09334e+06
1.09325e+06
1.09327e+06
1.09463e+06
1.09475e+06
1.09464e+06
1.09478e+06
1.09466e+06
1.09478e+06
1.09464e+06
1.09475e+06
1.09463e+06
)
;
    }
    outlet
    {
        type            calculated;
        value           nonuniform List<scalar> 
45
(
2592.23
2581.63
2585.35
2575.71
2583.16
2575.49
2585.53
2580.92
2592.74
2580.58
2589.6
2582.73
2590
2582.16
2590.31
2582.59
2590.38
2579.79
2598.43
2598.14
2598.29
2597.73
2598.34
2597.8
2598.38
2598.04
2598.21
2580.58
2589.6
2582.73
2590
2582.16
2590.31
2582.59
2590.38
2579.79
2592.23
2581.63
2585.35
2575.71
2583.16
2575.49
2585.53
2580.92
2592.74
)
;
    }
    frontAndBack
    {
        type            empty;
    }
}


// ************************************************************************* //
