/*--------------------------------*- C++ -*----------------------------------*\
  =========                 |
  \\      /  F ield         | OpenFOAM: The Open Source CFD Toolbox
   \\    /   O peration     | Website:  https://openfoam.org
    \\  /    A nd           | Version:  7
     \\/     M anipulation  |
\*---------------------------------------------------------------------------*/
FoamFile
{
    version     2.0;
    format      ascii;
    class       volScalarField;
    location    "1.3";
    object      T;
}
// * * * * * * * * * * * * * * * * * * * * * * * * * * * * * * * * * * * * * //

dimensions      [0 0 0 1 0 0 0];

internalField   nonuniform List<scalar> 
4950
(
282.905
282.943
282.933
282.968
282.95
282.981
282.971
283
282.994
283.017
283.011
283.027
283.019
283.027
283.019
283.018
283.018
283
283.034
282.927
282.873
282.852
282.82
282.834
282.818
282.845
282.854
282.89
282.913
282.949
282.973
282.996
283.01
283.012
283.018
282.992
283.015
282.936
283.042
282.804
282.838
282.786
282.697
282.693
282.636
282.654
282.636
282.675
282.682
282.731
282.755
282.807
282.838
282.873
282.895
282.895
282.912
282.87
282.901
282.802
282.872
282.828
282.763
282.744
282.701
282.7
282.694
282.713
282.73
282.76
282.791
282.832
282.876
282.916
282.953
282.972
282.988
282.983
282.977
282.959
282.839
282.784
282.687
282.675
282.61
282.617
282.591
282.62
282.619
282.657
282.674
282.723
282.756
282.81
282.84
282.876
282.883
282.899
282.88
282.883
282.872
282.828
282.763
282.744
282.701
282.7
282.694
282.714
282.73
282.76
282.791
282.833
282.875
282.918
282.951
282.975
282.984
282.988
282.972
282.963
282.838
282.786
282.697
282.693
282.636
282.654
282.636
282.675
282.682
282.731
282.754
282.808
282.835
282.877
282.888
282.906
282.896
282.894
282.869
282.844
282.873
282.852
282.82
282.834
282.818
282.845
282.854
282.89
282.913
282.949
282.972
282.998
283.007
283.016
283.011
283.006
282.99
282.98
282.962
282.947
282.905
282.943
282.933
282.968
282.95
282.981
282.971
283
282.994
283.017
283.011
283.027
283.018
283.028
283.017
283.022
283.011
283.015
283.004
283.011
283.19
283.158
283.193
283.16
283.202
283.184
283.228
283.214
283.25
283.235
283.26
283.241
283.258
283.234
283.248
283.216
283.243
283.174
283.307
282.951
283.157
283.099
283.095
283.052
283.061
283.053
283.084
283.101
283.141
283.17
283.209
283.228
283.255
283.248
283.264
283.22
283.254
283.145
283.263
283.009
283.194
283.147
283.169
283.112
283.131
283.107
283.147
283.149
283.199
283.218
283.277
283.303
283.36
283.369
283.407
283.383
283.409
283.347
283.376
283.28
283.157
283.097
283.09
283.041
283.037
283.022
283.04
283.051
283.079
283.104
283.146
283.185
283.234
283.267
283.301
283.311
283.321
283.31
283.295
283.274
283.193
283.147
283.169
283.111
283.127
283.1
283.134
283.132
283.174
283.186
283.237
283.265
283.322
283.35
283.39
283.4
283.414
283.407
283.392
283.385
283.157
283.097
283.09
283.041
283.037
283.022
283.04
283.051
283.079
283.105
283.145
283.185
283.233
283.269
283.299
283.313
283.318
283.313
283.292
283.276
283.194
283.147
283.169
283.112
283.131
283.107
283.146
283.149
283.199
283.219
283.276
283.305
283.356
283.374
283.4
283.393
283.394
283.368
283.349
283.315
283.157
283.099
283.095
283.052
283.061
283.053
283.083
283.102
283.141
283.17
283.208
283.231
283.251
283.255
283.253
283.239
283.221
283.199
283.176
283.153
283.19
283.158
283.193
283.16
283.202
283.184
283.228
283.214
283.25
283.235
283.26
283.242
283.256
283.237
283.244
283.224
283.226
283.21
283.211
283.198
283.137
283.103
283.081
283.061
283.069
283.084
283.121
283.149
283.176
283.181
283.187
283.176
283.179
283.161
283.177
283.133
283.202
283.048
283.351
282.744
283.136
283.099
283.065
283.03
283.017
283.018
283.04
283.068
283.111
283.152
283.203
283.231
283.268
283.259
283.287
283.225
283.271
283.135
283.253
283.013
283.137
283.102
283.072
283.037
283.024
283.023
283.041
283.062
283.098
283.136
283.189
283.234
283.286
283.311
283.343
283.335
283.349
283.309
283.305
283.242
283.136
283.1
283.064
283.028
283.01
283.008
283.022
283.041
283.069
283.103
283.149
283.195
283.244
283.279
283.307
283.319
283.323
283.318
283.296
283.279
283.137
283.102
283.071
283.037
283.024
283.023
283.04
283.059
283.09
283.123
283.17
283.216
283.266
283.303
283.331
283.346
283.351
283.35
283.33
283.318
283.136
283.1
283.064
283.028
283.01
283.008
283.021
283.041
283.069
283.103
283.148
283.195
283.243
283.279
283.306
283.319
283.323
283.317
283.298
283.275
283.137
283.102
283.072
283.037
283.024
283.023
283.041
283.063
283.097
283.137
283.187
283.236
283.283
283.315
283.338
283.342
283.34
283.319
283.295
283.252
283.136
283.099
283.065
283.03
283.017
283.019
283.04
283.069
283.11
283.154
283.2
283.236
283.261
283.272
283.268
283.254
283.228
283.198
283.165
283.132
283.137
283.103
283.081
283.061
283.069
283.085
283.121
283.149
283.176
283.182
283.186
283.178
283.176
283.168
283.165
283.157
283.152
283.149
283.141
283.151
283.19
283.158
283.193
283.16
283.202
283.184
283.228
283.214
283.25
283.235
283.26
283.241
283.258
283.234
283.248
283.216
283.243
283.174
283.307
282.951
283.157
283.099
283.095
283.052
283.061
283.053
283.084
283.101
283.141
283.17
283.209
283.228
283.255
283.248
283.264
283.22
283.254
283.145
283.263
283.009
283.194
283.147
283.169
283.112
283.131
283.107
283.147
283.149
283.199
283.218
283.277
283.303
283.36
283.369
283.407
283.383
283.409
283.347
283.376
283.28
283.157
283.097
283.09
283.041
283.037
283.022
283.04
283.051
283.079
283.104
283.146
283.185
283.234
283.267
283.301
283.311
283.321
283.31
283.295
283.274
283.193
283.147
283.169
283.111
283.127
283.1
283.134
283.132
283.174
283.186
283.237
283.265
283.322
283.35
283.39
283.4
283.414
283.407
283.392
283.385
283.157
283.097
283.09
283.041
283.037
283.022
283.04
283.051
283.079
283.105
283.145
283.185
283.233
283.269
283.299
283.313
283.318
283.313
283.292
283.276
283.194
283.147
283.169
283.112
283.131
283.107
283.146
283.149
283.199
283.219
283.276
283.305
283.356
283.374
283.4
283.393
283.394
283.368
283.349
283.315
283.157
283.099
283.095
283.052
283.061
283.053
283.083
283.102
283.141
283.17
283.208
283.231
283.251
283.255
283.253
283.239
283.221
283.199
283.176
283.153
283.19
283.158
283.193
283.16
283.202
283.184
283.228
283.214
283.25
283.235
283.26
283.242
283.256
283.237
283.244
283.224
283.226
283.21
283.211
283.198
282.905
282.943
282.933
282.968
282.95
282.981
282.971
283
282.994
283.017
283.011
283.027
283.019
283.027
283.019
283.018
283.018
283
283.034
282.927
282.873
282.852
282.82
282.834
282.818
282.845
282.854
282.89
282.913
282.949
282.973
282.996
283.01
283.012
283.018
282.992
283.015
282.936
283.042
282.804
282.838
282.786
282.697
282.693
282.636
282.654
282.636
282.675
282.682
282.731
282.755
282.807
282.838
282.873
282.895
282.895
282.912
282.87
282.901
282.802
282.872
282.828
282.763
282.744
282.701
282.7
282.694
282.713
282.73
282.76
282.791
282.832
282.876
282.916
282.953
282.972
282.988
282.983
282.977
282.959
282.839
282.784
282.687
282.675
282.61
282.617
282.591
282.62
282.619
282.657
282.674
282.723
282.756
282.81
282.84
282.876
282.883
282.899
282.88
282.883
282.872
282.828
282.763
282.744
282.701
282.7
282.694
282.714
282.73
282.76
282.791
282.833
282.875
282.918
282.951
282.975
282.984
282.988
282.972
282.963
282.838
282.786
282.697
282.693
282.636
282.654
282.636
282.675
282.682
282.731
282.754
282.808
282.835
282.877
282.888
282.906
282.896
282.894
282.869
282.844
282.873
282.852
282.82
282.834
282.818
282.845
282.854
282.89
282.913
282.949
282.972
282.998
283.007
283.016
283.011
283.006
282.99
282.98
282.962
282.947
282.905
282.943
282.933
282.968
282.95
282.981
282.971
283
282.994
283.017
283.011
283.027
283.018
283.028
283.017
283.022
283.011
283.015
283.004
283.011
284.603
285.965
286.883
287.601
288.151
288.637
289.076
289.508
289.903
290.266
290.579
290.863
291.116
291.351
291.557
291.734
291.874
291.981
292.056
292.106
292.137
292.157
292.167
292.173
292.175
292.176
292.176
292.176
292.176
292.175
292.175
292.174
292.174
292.173
292.173
292.172
292.172
292.171
292.17
292.17
292.169
292.169
292.168
292.168
292.167
292.167
292.166
292.166
292.166
292.165
292.165
292.164
292.164
292.164
292.164
292.163
292.163
292.163
292.163
292.163
292.162
292.162
292.162
292.162
292.162
292.162
292.162
292.162
292.162
292.162
292.162
292.163
292.163
292.163
292.163
292.163
292.163
292.163
292.163
292.163
292.163
292.163
292.163
292.163
292.163
292.163
292.162
292.162
292.16
292.16
283.651
284.789
285.659
286.365
286.915
287.385
287.804
288.217
288.609
288.975
289.296
289.581
289.834
290.068
290.278
290.463
290.615
290.734
290.82
290.88
290.918
290.942
290.956
290.963
290.967
290.968
290.968
290.968
290.968
290.967
290.967
290.966
290.965
290.965
290.964
290.963
290.963
290.962
290.962
290.961
290.96
290.96
290.959
290.959
290.958
290.957
290.957
290.956
290.956
290.956
290.955
290.955
290.954
290.954
290.954
290.953
290.953
290.953
290.953
290.952
290.952
290.952
290.952
290.952
290.952
290.952
290.952
290.952
290.952
290.952
290.952
290.952
290.952
290.952
290.952
290.952
290.952
290.952
290.952
290.952
290.952
290.952
290.952
290.952
290.952
290.952
290.951
290.951
290.949
290.948
282.963
283.575
284.222
284.858
285.374
285.804
286.165
286.53
286.896
287.26
287.584
287.87
288.116
288.343
288.552
288.747
288.916
289.057
289.165
289.243
289.296
289.33
289.35
289.362
289.368
289.371
289.372
289.372
289.372
289.372
289.371
289.371
289.37
289.369
289.369
289.368
289.368
289.367
289.367
289.366
289.365
289.365
289.364
289.364
289.363
289.363
289.362
289.362
289.361
289.361
289.361
289.36
289.36
289.36
289.359
289.359
289.359
289.358
289.358
289.358
289.358
289.358
289.358
289.357
289.357
289.357
289.357
289.357
289.357
289.357
289.357
289.357
289.357
289.357
289.357
289.357
289.357
289.357
289.357
289.357
289.357
289.357
289.357
289.357
289.356
289.357
289.355
289.356
289.354
289.351
282.871
283.032
283.402
283.883
284.318
284.667
284.945
285.228
285.538
285.871
286.18
286.449
286.675
286.88
287.074
287.263
287.438
287.591
287.713
287.805
287.87
287.912
287.938
287.954
287.962
287.966
287.968
287.969
287.968
287.968
287.968
287.967
287.966
287.966
287.965
287.965
287.964
287.964
287.963
287.963
287.962
287.962
287.961
287.961
287.96
287.96
287.959
287.959
287.958
287.958
287.958
287.957
287.957
287.957
287.956
287.956
287.956
287.956
287.956
287.955
287.955
287.955
287.955
287.955
287.955
287.955
287.955
287.955
287.955
287.955
287.955
287.955
287.955
287.955
287.956
287.956
287.956
287.956
287.956
287.956
287.956
287.956
287.956
287.956
287.956
287.956
287.956
287.956
287.955
287.953
282.78
282.765
282.937
283.275
283.6
283.859
284.045
284.248
284.49
284.774
285.045
285.28
285.471
285.644
285.811
285.981
286.144
286.292
286.414
286.508
286.574
286.62
286.648
286.665
286.674
286.679
286.681
286.682
286.682
286.682
286.682
286.681
286.681
286.681
286.68
286.68
286.679
286.679
286.679
286.678
286.678
286.677
286.677
286.677
286.676
286.676
286.676
286.676
286.675
286.675
286.675
286.675
286.674
286.674
286.674
286.674
286.674
286.674
286.674
286.674
286.674
286.674
286.674
286.674
286.674
286.674
286.674
286.675
286.675
286.675
286.675
286.675
286.675
286.676
286.676
286.676
286.676
286.676
286.677
286.677
286.677
286.677
286.677
286.677
286.677
286.677
286.677
286.676
286.677
286.676
282.86
282.79
282.877
283.101
283.319
283.478
283.585
283.716
283.896
284.116
284.327
284.507
284.652
284.783
284.914
285.052
285.187
285.312
285.415
285.496
285.553
285.591
285.615
285.63
285.638
285.642
285.644
285.644
285.644
285.644
285.644
285.644
285.644
285.643
285.643
285.643
285.643
285.642
285.642
285.642
285.642
285.641
285.641
285.641
285.641
285.641
285.641
285.64
285.64
285.64
285.64
285.64
285.64
285.64
285.64
285.64
285.64
285.641
285.641
285.641
285.641
285.641
285.642
285.642
285.642
285.642
285.643
285.643
285.644
285.644
285.644
285.645
285.645
285.646
285.646
285.646
285.647
285.647
285.648
285.648
285.649
285.649
285.649
285.65
285.65
285.65
285.651
285.65
285.653
285.653
282.8
282.779
282.836
282.986
283.107
283.191
283.242
283.329
283.452
283.606
283.746
283.864
283.957
284.046
284.137
284.236
284.332
284.421
284.493
284.549
284.588
284.614
284.631
284.641
284.646
284.649
284.65
284.651
284.652
284.652
284.652
284.652
284.652
284.652
284.652
284.652
284.652
284.652
284.652
284.652
284.652
284.652
284.652
284.652
284.653
284.653
284.653
284.653
284.653
284.653
284.654
284.654
284.654
284.655
284.655
284.655
284.656
284.656
284.657
284.657
284.658
284.658
284.659
284.659
284.66
284.66
284.661
284.662
284.662
284.663
284.664
284.665
284.665
284.666
284.667
284.667
284.668
284.669
284.67
284.67
284.671
284.672
284.672
284.673
284.673
284.674
284.674
284.674
284.677
284.678
282.944
282.941
282.98
283.053
283.103
283.133
283.155
283.201
283.269
283.349
283.419
283.476
283.522
283.568
283.617
283.67
283.721
283.767
283.804
283.832
283.852
283.865
283.872
283.877
283.88
283.881
283.882
283.882
283.882
283.883
283.883
283.883
283.883
283.883
283.883
283.883
283.884
283.884
283.884
283.884
283.884
283.885
283.885
283.885
283.885
283.886
283.886
283.886
283.887
283.887
283.888
283.888
283.889
283.889
283.89
283.89
283.891
283.891
283.892
283.893
283.893
283.894
283.895
283.896
283.896
283.897
283.898
283.899
283.9
283.901
283.901
283.902
283.903
283.904
283.905
283.906
283.907
283.908
283.909
283.91
283.911
283.912
283.912
283.913
283.914
283.915
283.916
283.916
283.919
283.92
283.027
283.034
283.045
283.07
283.081
283.092
283.097
283.114
283.134
283.16
283.179
283.197
283.21
283.224
283.239
283.256
283.271
283.285
283.296
283.304
283.309
283.313
283.315
283.317
283.318
283.318
283.319
283.319
283.319
283.319
283.319
283.319
283.319
283.32
283.32
283.32
283.32
283.32
283.32
283.321
283.321
283.321
283.321
283.321
283.322
283.322
283.322
283.322
283.323
283.323
283.323
283.323
283.324
283.324
283.325
283.325
283.325
283.326
283.326
283.327
283.327
283.328
283.328
283.329
283.329
283.33
283.33
283.331
283.331
283.332
283.332
283.333
283.333
283.334
283.334
283.335
283.336
283.336
283.337
283.337
283.338
283.338
283.339
283.339
283.34
283.34
283.34
283.341
283.342
283.342
285.105
286.629
287.6
288.298
288.866
289.339
289.791
290.213
290.613
290.966
291.283
291.561
291.817
292.047
292.253
292.425
292.564
292.665
292.738
292.785
292.814
292.831
292.84
292.844
292.846
292.846
292.846
292.844
292.844
292.842
292.842
292.841
292.84
292.839
292.838
292.837
292.836
292.836
292.835
292.834
292.833
292.833
292.832
292.831
292.831
292.83
292.83
292.829
292.829
292.828
292.828
292.828
292.827
292.827
292.827
292.826
292.826
292.826
292.826
292.826
292.825
292.825
292.825
292.825
292.825
292.825
292.825
292.825
292.825
292.825
292.826
292.826
292.826
292.826
292.826
292.826
292.827
292.827
292.828
292.827
292.828
292.828
292.829
292.829
292.83
292.83
292.832
292.831
292.838
292.841
283.777
284.88
285.762
286.46
287.024
287.486
287.909
288.315
288.711
289.075
289.401
289.685
289.942
290.175
290.388
290.574
290.729
290.85
290.939
291
291.04
291.064
291.078
291.085
291.088
291.089
291.089
291.089
291.088
291.087
291.086
291.085
291.084
291.084
291.083
291.082
291.081
291.08
291.08
291.079
291.078
291.078
291.077
291.077
291.076
291.075
291.075
291.074
291.074
291.074
291.073
291.073
291.072
291.072
291.072
291.071
291.071
291.071
291.071
291.071
291.071
291.07
291.07
291.07
291.07
291.07
291.07
291.07
291.07
291.07
291.071
291.071
291.071
291.071
291.071
291.071
291.072
291.072
291.072
291.072
291.073
291.073
291.073
291.073
291.074
291.074
291.075
291.075
291.079
291.081
283.329
283.81
284.444
285.044
285.568
285.977
286.338
286.686
287.053
287.41
287.74
288.023
288.272
288.496
288.708
288.903
289.076
289.219
289.331
289.411
289.467
289.501
289.522
289.534
289.539
289.542
289.542
289.542
289.541
289.54
289.539
289.538
289.537
289.536
289.535
289.534
289.534
289.533
289.532
289.531
289.531
289.53
289.529
289.529
289.528
289.527
289.527
289.526
289.526
289.525
289.525
289.524
289.524
289.524
289.523
289.523
289.523
289.522
289.522
289.522
289.522
289.522
289.522
289.522
289.522
289.521
289.521
289.521
289.522
289.522
289.522
289.522
289.522
289.522
289.522
289.522
289.523
289.523
289.523
289.523
289.524
289.524
289.525
289.525
289.525
289.526
289.527
289.527
289.53
289.531
283.148
283.225
283.562
284.007
284.437
284.769
285.041
285.308
285.615
285.942
286.256
286.526
286.755
286.959
287.154
287.344
287.523
287.679
287.807
287.903
287.971
288.016
288.044
288.06
288.068
288.072
288.074
288.074
288.073
288.072
288.071
288.07
288.07
288.069
288.068
288.067
288.066
288.066
288.065
288.064
288.063
288.063
288.062
288.062
288.061
288.06
288.06
288.059
288.059
288.059
288.058
288.058
288.057
288.057
288.057
288.056
288.056
288.056
288.056
288.056
288.055
288.055
288.055
288.055
288.055
288.055
288.055
288.055
288.055
288.055
288.055
288.055
288.056
288.056
288.056
288.056
288.056
288.056
288.057
288.057
288.057
288.057
288.058
288.058
288.059
288.059
288.06
288.06
288.062
288.062
283.228
283.111
283.26
283.55
283.868
284.097
284.274
284.45
284.686
284.958
285.232
285.464
285.658
285.827
285.993
286.161
286.327
286.478
286.605
286.702
286.773
286.82
286.849
286.866
286.876
286.88
286.882
286.882
286.881
286.881
286.88
286.879
286.878
286.877
286.876
286.876
286.875
286.874
286.873
286.873
286.872
286.872
286.871
286.871
286.87
286.87
286.869
286.869
286.868
286.868
286.868
286.867
286.867
286.867
286.866
286.866
286.866
286.866
286.866
286.866
286.866
286.866
286.866
286.866
286.866
286.866
286.866
286.866
286.866
286.866
286.866
286.867
286.867
286.867
286.867
286.868
286.868
286.868
286.869
286.869
286.87
286.87
286.87
286.871
286.872
286.872
286.873
286.873
286.875
286.875
283.145
283.019
283.091
283.286
283.496
283.633
283.728
283.839
284.012
284.225
284.44
284.619
284.766
284.894
285.025
285.163
285.302
285.43
285.538
285.622
285.683
285.724
285.749
285.764
285.773
285.776
285.778
285.778
285.778
285.777
285.777
285.776
285.776
285.775
285.774
285.774
285.773
285.773
285.772
285.772
285.771
285.771
285.771
285.77
285.77
285.77
285.769
285.769
285.769
285.769
285.769
285.769
285.768
285.768
285.768
285.768
285.768
285.768
285.768
285.768
285.769
285.769
285.769
285.769
285.769
285.77
285.77
285.77
285.77
285.771
285.771
285.771
285.772
285.772
285.773
285.773
285.774
285.774
285.775
285.775
285.776
285.776
285.777
285.777
285.778
285.778
285.78
285.78
285.781
285.781
283.206
283.105
283.164
283.281
283.402
283.457
283.501
283.567
283.69
283.837
283.982
284.098
284.193
284.279
284.373
284.472
284.573
284.665
284.742
284.801
284.843
284.871
284.888
284.898
284.903
284.905
284.906
284.906
284.906
284.905
284.905
284.904
284.904
284.903
284.903
284.903
284.902
284.902
284.902
284.902
284.901
284.901
284.901
284.901
284.901
284.901
284.901
284.901
284.901
284.901
284.901
284.901
284.901
284.901
284.902
284.902
284.902
284.902
284.903
284.903
284.903
284.904
284.904
284.905
284.905
284.906
284.906
284.907
284.907
284.908
284.909
284.909
284.91
284.911
284.912
284.912
284.913
284.914
284.915
284.915
284.916
284.917
284.918
284.919
284.921
284.921
284.923
284.924
284.925
284.926
283.121
283.086
283.131
283.195
283.247
283.264
283.283
283.324
283.4
283.485
283.563
283.624
283.675
283.724
283.78
283.839
283.898
283.951
283.994
284.026
284.048
284.063
284.071
284.076
284.079
284.08
284.081
284.081
284.081
284.081
284.08
284.08
284.08
284.08
284.08
284.08
284.08
284.08
284.08
284.08
284.08
284.08
284.081
284.081
284.081
284.081
284.081
284.082
284.082
284.082
284.083
284.083
284.083
284.084
284.084
284.085
284.085
284.086
284.087
284.087
284.088
284.088
284.089
284.09
284.091
284.091
284.092
284.093
284.094
284.095
284.096
284.097
284.098
284.099
284.1
284.101
284.102
284.103
284.104
284.105
284.106
284.107
284.108
284.109
284.11
284.111
284.113
284.114
284.115
284.116
283.202
283.184
283.205
283.216
283.231
283.228
283.235
283.247
283.273
283.297
283.321
283.337
283.353
283.368
283.386
283.404
283.423
283.438
283.451
283.46
283.467
283.47
283.473
283.474
283.475
283.475
283.475
283.475
283.475
283.475
283.475
283.475
283.475
283.475
283.475
283.475
283.475
283.475
283.475
283.475
283.475
283.476
283.476
283.476
283.476
283.476
283.477
283.477
283.477
283.478
283.478
283.478
283.479
283.479
283.479
283.48
283.48
283.481
283.481
283.482
283.483
283.483
283.484
283.484
283.485
283.486
283.486
283.487
283.488
283.489
283.489
283.49
283.491
283.492
283.492
283.493
283.494
283.495
283.496
283.496
283.497
283.498
283.499
283.5
283.501
283.502
283.503
283.504
283.505
283.506
285.332
287.167
288.222
288.954
289.539
290.037
290.505
290.94
291.344
291.699
292.016
292.298
292.558
292.79
292.996
293.165
293.298
293.395
293.463
293.506
293.533
293.547
293.556
293.558
293.56
293.559
293.559
293.557
293.556
293.555
293.554
293.553
293.552
293.55
293.55
293.549
293.548
293.547
293.546
293.545
293.544
293.543
293.543
293.542
293.541
293.541
293.54
293.539
293.539
293.538
293.538
293.537
293.537
293.536
293.536
293.535
293.535
293.535
293.535
293.534
293.534
293.534
293.534
293.534
293.534
293.534
293.534
293.534
293.534
293.534
293.534
293.534
293.534
293.534
293.534
293.534
293.535
293.535
293.535
293.535
293.536
293.536
293.537
293.536
293.538
293.537
293.539
293.538
293.545
293.549
283.577
284.73
285.68
286.419
287.008
287.49
287.93
288.35
288.756
289.129
289.461
289.753
290.015
290.255
290.472
290.662
290.821
290.944
291.034
291.096
291.137
291.161
291.175
291.182
291.185
291.186
291.186
291.186
291.185
291.184
291.183
291.182
291.181
291.181
291.18
291.179
291.178
291.178
291.177
291.176
291.176
291.175
291.174
291.174
291.173
291.173
291.172
291.172
291.172
291.171
291.171
291.171
291.17
291.17
291.17
291.169
291.169
291.169
291.169
291.169
291.169
291.169
291.169
291.169
291.169
291.169
291.169
291.169
291.169
291.169
291.169
291.17
291.17
291.17
291.17
291.17
291.171
291.171
291.171
291.171
291.172
291.172
291.173
291.173
291.174
291.174
291.175
291.174
291.179
291.182
283.178
283.565
284.171
284.787
285.324
285.75
286.119
286.477
286.853
287.223
287.565
287.86
288.117
288.349
288.568
288.771
288.953
289.105
289.224
289.311
289.37
289.408
289.431
289.444
289.451
289.453
289.454
289.454
289.453
289.452
289.451
289.45
289.449
289.448
289.447
289.446
289.445
289.445
289.444
289.443
289.442
289.442
289.441
289.441
289.44
289.439
289.439
289.438
289.438
289.437
289.437
289.436
289.436
289.436
289.435
289.435
289.435
289.435
289.434
289.434
289.434
289.434
289.434
289.434
289.434
289.434
289.434
289.434
289.434
289.434
289.434
289.434
289.434
289.434
289.435
289.435
289.435
289.435
289.436
289.436
289.436
289.436
289.437
289.437
289.438
289.438
289.439
289.438
289.441
289.443
283.132
283.124
283.394
283.813
284.238
284.572
284.838
285.099
285.404
285.738
286.064
286.347
286.586
286.795
286.996
287.193
287.381
287.549
287.688
287.794
287.87
287.921
287.953
287.971
287.981
287.986
287.988
287.988
287.987
287.986
287.985
287.984
287.983
287.982
287.982
287.981
287.98
287.979
287.978
287.978
287.977
287.976
287.975
287.975
287.974
287.974
287.973
287.973
287.972
287.972
287.971
287.971
287.97
287.97
287.97
287.969
287.969
287.969
287.969
287.968
287.968
287.968
287.968
287.968
287.968
287.968
287.968
287.968
287.968
287.968
287.968
287.968
287.968
287.968
287.969
287.969
287.969
287.969
287.969
287.969
287.97
287.97
287.97
287.971
287.971
287.971
287.972
287.972
287.974
287.975
283.183
283.041
283.133
283.396
283.697
283.922
284.081
284.241
284.464
284.738
285.02
285.265
285.466
285.639
285.808
285.981
286.155
286.317
286.455
286.564
286.644
286.698
286.733
286.754
286.765
286.77
286.773
286.773
286.773
286.772
286.771
286.77
286.769
286.768
286.767
286.767
286.766
286.765
286.764
286.764
286.763
286.762
286.762
286.761
286.761
286.76
286.76
286.759
286.759
286.758
286.758
286.758
286.757
286.757
286.757
286.756
286.756
286.756
286.756
286.756
286.756
286.756
286.756
286.755
286.755
286.756
286.756
286.756
286.756
286.756
286.756
286.756
286.756
286.756
286.757
286.757
286.757
286.757
286.758
286.758
286.758
286.759
286.759
286.759
286.76
286.76
286.761
286.761
286.763
286.763
283.152
283.017
283.063
283.241
283.438
283.561
283.635
283.724
283.883
284.094
284.314
284.5
284.65
284.779
284.91
285.05
285.196
285.332
285.45
285.543
285.612
285.658
285.687
285.705
285.714
285.719
285.721
285.721
285.721
285.72
285.72
285.719
285.718
285.717
285.717
285.716
285.716
285.715
285.714
285.714
285.713
285.713
285.713
285.712
285.712
285.711
285.711
285.711
285.71
285.71
285.71
285.71
285.709
285.709
285.709
285.709
285.709
285.709
285.709
285.709
285.709
285.709
285.709
285.709
285.709
285.71
285.71
285.71
285.71
285.71
285.711
285.711
285.711
285.712
285.712
285.712
285.713
285.713
285.713
285.714
285.714
285.715
285.715
285.716
285.716
285.717
285.718
285.718
285.719
285.719
283.152
283.067
283.119
283.237
283.344
283.388
283.412
283.467
283.583
283.733
283.88
283.999
284.094
284.181
284.275
284.378
284.485
284.583
284.667
284.731
284.777
284.808
284.827
284.838
284.844
284.847
284.848
284.848
284.848
284.848
284.847
284.846
284.846
284.846
284.845
284.845
284.844
284.844
284.844
284.843
284.843
284.843
284.843
284.843
284.842
284.842
284.842
284.842
284.842
284.842
284.842
284.842
284.842
284.842
284.842
284.842
284.843
284.843
284.843
284.843
284.844
284.844
284.844
284.845
284.845
284.845
284.846
284.846
284.847
284.847
284.848
284.848
284.849
284.85
284.85
284.851
284.852
284.852
284.853
284.853
284.854
284.855
284.856
284.856
284.858
284.858
284.859
284.86
284.861
284.861
283.108
283.087
283.135
283.198
283.238
283.243
283.253
283.293
283.37
283.457
283.536
283.597
283.648
283.698
283.757
283.82
283.883
283.939
283.985
284.019
284.043
284.059
284.068
284.073
284.076
284.077
284.078
284.078
284.078
284.078
284.078
284.077
284.077
284.077
284.077
284.077
284.077
284.077
284.077
284.077
284.077
284.077
284.077
284.077
284.078
284.078
284.078
284.078
284.079
284.079
284.079
284.08
284.08
284.08
284.081
284.081
284.082
284.082
284.083
284.083
284.084
284.085
284.085
284.086
284.087
284.088
284.089
284.089
284.09
284.091
284.092
284.093
284.094
284.095
284.096
284.097
284.098
284.099
284.1
284.101
284.102
284.103
284.104
284.105
284.107
284.108
284.109
284.11
284.111
284.112
283.137
283.127
283.147
283.162
283.17
283.167
283.172
283.189
283.216
283.243
283.267
283.284
283.3
283.317
283.337
283.358
283.379
283.396
283.41
283.42
283.426
283.431
283.433
283.434
283.435
283.436
283.436
283.436
283.436
283.436
283.436
283.436
283.436
283.436
283.436
283.436
283.437
283.437
283.437
283.437
283.438
283.438
283.438
283.438
283.439
283.439
283.439
283.44
283.44
283.441
283.441
283.442
283.442
283.443
283.443
283.444
283.445
283.445
283.446
283.447
283.447
283.448
283.449
283.45
283.451
283.451
283.452
283.453
283.454
283.455
283.456
283.457
283.458
283.459
283.46
283.461
283.462
283.463
283.464
283.465
283.466
283.467
283.468
283.469
283.471
283.472
283.473
283.474
283.475
283.476
285.105
286.629
287.6
288.298
288.866
289.339
289.791
290.213
290.613
290.966
291.283
291.561
291.817
292.047
292.253
292.425
292.564
292.665
292.738
292.785
292.814
292.831
292.84
292.844
292.846
292.846
292.846
292.844
292.844
292.843
292.842
292.841
292.84
292.839
292.838
292.837
292.836
292.836
292.835
292.834
292.833
292.833
292.832
292.831
292.831
292.83
292.83
292.829
292.829
292.828
292.828
292.828
292.827
292.827
292.827
292.826
292.826
292.826
292.826
292.826
292.825
292.825
292.825
292.825
292.825
292.825
292.825
292.825
292.825
292.825
292.826
292.826
292.826
292.826
292.826
292.826
292.827
292.827
292.828
292.827
292.828
292.828
292.829
292.829
292.83
292.83
292.832
292.831
292.838
292.841
283.777
284.88
285.762
286.46
287.024
287.486
287.909
288.315
288.711
289.075
289.401
289.685
289.942
290.175
290.388
290.574
290.729
290.85
290.939
291
291.04
291.064
291.078
291.085
291.088
291.089
291.089
291.089
291.088
291.087
291.086
291.085
291.084
291.084
291.083
291.082
291.081
291.08
291.08
291.079
291.078
291.078
291.077
291.077
291.076
291.075
291.075
291.074
291.074
291.074
291.073
291.073
291.072
291.072
291.072
291.071
291.071
291.071
291.071
291.071
291.071
291.07
291.07
291.07
291.07
291.07
291.07
291.07
291.07
291.07
291.071
291.071
291.071
291.071
291.071
291.071
291.072
291.072
291.072
291.072
291.073
291.073
291.073
291.073
291.074
291.074
291.075
291.075
291.079
291.081
283.329
283.81
284.444
285.044
285.568
285.977
286.338
286.686
287.053
287.41
287.74
288.023
288.272
288.496
288.708
288.903
289.076
289.219
289.331
289.411
289.467
289.501
289.522
289.534
289.539
289.542
289.542
289.542
289.541
289.54
289.539
289.538
289.537
289.536
289.535
289.534
289.534
289.533
289.532
289.531
289.531
289.53
289.529
289.529
289.528
289.527
289.527
289.526
289.526
289.525
289.525
289.524
289.524
289.524
289.523
289.523
289.523
289.522
289.522
289.522
289.522
289.522
289.522
289.522
289.522
289.521
289.521
289.521
289.522
289.522
289.522
289.522
289.522
289.522
289.522
289.522
289.523
289.523
289.523
289.523
289.524
289.524
289.525
289.525
289.525
289.526
289.527
289.527
289.53
289.531
283.148
283.225
283.562
284.007
284.437
284.769
285.041
285.308
285.615
285.942
286.256
286.526
286.755
286.959
287.154
287.344
287.523
287.679
287.807
287.903
287.971
288.016
288.044
288.06
288.068
288.072
288.073
288.074
288.073
288.072
288.071
288.07
288.07
288.069
288.068
288.067
288.066
288.066
288.065
288.064
288.063
288.063
288.062
288.062
288.061
288.06
288.06
288.059
288.059
288.059
288.058
288.058
288.057
288.057
288.057
288.056
288.056
288.056
288.056
288.056
288.055
288.055
288.055
288.055
288.055
288.055
288.055
288.055
288.055
288.055
288.055
288.055
288.056
288.056
288.056
288.056
288.056
288.056
288.057
288.057
288.057
288.057
288.058
288.058
288.059
288.059
288.06
288.06
288.062
288.062
283.228
283.111
283.26
283.55
283.868
284.097
284.274
284.45
284.686
284.958
285.232
285.464
285.658
285.827
285.993
286.161
286.327
286.478
286.605
286.702
286.773
286.82
286.849
286.866
286.876
286.88
286.882
286.882
286.881
286.881
286.88
286.879
286.878
286.877
286.876
286.876
286.875
286.874
286.873
286.873
286.872
286.872
286.871
286.871
286.87
286.87
286.869
286.869
286.868
286.868
286.868
286.867
286.867
286.867
286.866
286.866
286.866
286.866
286.866
286.866
286.866
286.866
286.866
286.866
286.866
286.866
286.866
286.866
286.866
286.866
286.866
286.867
286.867
286.867
286.867
286.868
286.868
286.868
286.869
286.869
286.87
286.87
286.87
286.871
286.872
286.872
286.873
286.873
286.875
286.875
283.145
283.019
283.091
283.286
283.496
283.633
283.728
283.839
284.012
284.225
284.44
284.619
284.766
284.894
285.025
285.163
285.302
285.43
285.538
285.622
285.683
285.724
285.749
285.764
285.773
285.776
285.778
285.778
285.778
285.777
285.777
285.776
285.776
285.775
285.774
285.774
285.773
285.773
285.772
285.772
285.771
285.771
285.771
285.77
285.77
285.77
285.769
285.769
285.769
285.769
285.769
285.769
285.768
285.768
285.768
285.768
285.768
285.768
285.768
285.768
285.769
285.769
285.769
285.769
285.769
285.77
285.77
285.77
285.77
285.771
285.771
285.771
285.772
285.772
285.773
285.773
285.774
285.774
285.775
285.775
285.776
285.776
285.777
285.777
285.778
285.778
285.78
285.78
285.781
285.781
283.206
283.105
283.164
283.281
283.402
283.457
283.501
283.567
283.69
283.837
283.982
284.098
284.193
284.279
284.373
284.472
284.573
284.665
284.742
284.801
284.843
284.871
284.888
284.898
284.903
284.905
284.906
284.906
284.906
284.905
284.905
284.904
284.904
284.903
284.903
284.903
284.902
284.902
284.902
284.902
284.901
284.901
284.901
284.901
284.901
284.901
284.901
284.901
284.901
284.901
284.901
284.901
284.901
284.901
284.902
284.902
284.902
284.902
284.903
284.903
284.903
284.904
284.904
284.905
284.905
284.906
284.906
284.907
284.907
284.908
284.909
284.909
284.91
284.911
284.912
284.912
284.913
284.914
284.915
284.915
284.916
284.917
284.918
284.919
284.92
284.921
284.923
284.924
284.925
284.926
283.121
283.086
283.131
283.195
283.247
283.264
283.283
283.324
283.4
283.485
283.563
283.624
283.675
283.724
283.78
283.839
283.898
283.951
283.994
284.026
284.048
284.063
284.071
284.076
284.079
284.08
284.081
284.081
284.081
284.081
284.08
284.08
284.08
284.08
284.08
284.08
284.08
284.08
284.08
284.08
284.08
284.08
284.081
284.081
284.081
284.081
284.081
284.082
284.082
284.082
284.083
284.083
284.083
284.084
284.084
284.085
284.085
284.086
284.087
284.087
284.088
284.088
284.089
284.09
284.091
284.091
284.092
284.093
284.094
284.095
284.096
284.097
284.098
284.099
284.1
284.101
284.102
284.103
284.104
284.105
284.106
284.107
284.108
284.109
284.11
284.111
284.113
284.114
284.115
284.116
283.202
283.184
283.205
283.216
283.231
283.228
283.235
283.247
283.273
283.297
283.321
283.337
283.353
283.368
283.386
283.404
283.423
283.438
283.451
283.46
283.467
283.47
283.473
283.474
283.475
283.475
283.475
283.475
283.475
283.475
283.475
283.475
283.475
283.475
283.475
283.475
283.475
283.475
283.475
283.475
283.475
283.476
283.476
283.476
283.476
283.476
283.477
283.477
283.477
283.478
283.478
283.478
283.479
283.479
283.479
283.48
283.48
283.481
283.481
283.482
283.483
283.483
283.484
283.484
283.485
283.486
283.486
283.487
283.488
283.489
283.489
283.49
283.491
283.492
283.492
283.493
283.494
283.495
283.496
283.496
283.497
283.498
283.499
283.5
283.501
283.502
283.503
283.504
283.505
283.506
284.603
285.965
286.883
287.601
288.151
288.637
289.076
289.508
289.903
290.266
290.579
290.863
291.116
291.351
291.557
291.734
291.874
291.981
292.056
292.106
292.138
292.157
292.167
292.173
292.175
292.176
292.176
292.176
292.176
292.175
292.175
292.174
292.174
292.173
292.173
292.172
292.172
292.171
292.17
292.17
292.169
292.169
292.168
292.168
292.167
292.167
292.166
292.166
292.166
292.165
292.165
292.164
292.164
292.164
292.164
292.163
292.163
292.163
292.163
292.163
292.162
292.162
292.162
292.162
292.162
292.162
292.162
292.162
292.162
292.162
292.162
292.163
292.163
292.163
292.163
292.163
292.163
292.163
292.163
292.163
292.163
292.163
292.163
292.163
292.163
292.163
292.162
292.162
292.16
292.16
283.651
284.789
285.659
286.365
286.915
287.385
287.804
288.217
288.609
288.975
289.296
289.581
289.834
290.068
290.278
290.463
290.615
290.734
290.82
290.88
290.918
290.942
290.956
290.963
290.967
290.968
290.968
290.968
290.968
290.967
290.967
290.966
290.965
290.965
290.964
290.963
290.963
290.962
290.962
290.961
290.96
290.96
290.959
290.959
290.958
290.957
290.957
290.956
290.956
290.956
290.955
290.955
290.954
290.954
290.954
290.953
290.953
290.953
290.953
290.952
290.952
290.952
290.952
290.952
290.952
290.952
290.952
290.952
290.952
290.952
290.952
290.952
290.952
290.952
290.952
290.952
290.952
290.952
290.952
290.952
290.952
290.952
290.952
290.952
290.952
290.952
290.951
290.951
290.949
290.948
282.963
283.575
284.222
284.858
285.374
285.804
286.165
286.53
286.896
287.26
287.584
287.87
288.116
288.343
288.552
288.747
288.916
289.057
289.165
289.243
289.296
289.33
289.35
289.362
289.368
289.371
289.372
289.372
289.372
289.372
289.371
289.371
289.37
289.369
289.369
289.368
289.368
289.367
289.367
289.366
289.365
289.365
289.364
289.364
289.363
289.363
289.362
289.362
289.361
289.361
289.361
289.36
289.36
289.36
289.359
289.359
289.359
289.358
289.358
289.358
289.358
289.358
289.358
289.357
289.357
289.357
289.357
289.357
289.357
289.357
289.357
289.357
289.357
289.357
289.357
289.357
289.357
289.357
289.357
289.357
289.357
289.357
289.357
289.357
289.356
289.357
289.355
289.356
289.354
289.351
282.871
283.032
283.402
283.883
284.318
284.667
284.945
285.228
285.538
285.871
286.18
286.449
286.675
286.88
287.074
287.263
287.438
287.591
287.713
287.805
287.87
287.912
287.938
287.954
287.962
287.966
287.968
287.969
287.968
287.968
287.968
287.967
287.966
287.966
287.965
287.965
287.964
287.964
287.963
287.963
287.962
287.962
287.961
287.961
287.96
287.96
287.959
287.959
287.958
287.958
287.958
287.957
287.957
287.957
287.956
287.956
287.956
287.956
287.956
287.955
287.955
287.955
287.955
287.955
287.955
287.955
287.955
287.955
287.955
287.955
287.955
287.955
287.955
287.955
287.956
287.956
287.956
287.956
287.956
287.956
287.956
287.956
287.956
287.956
287.956
287.956
287.956
287.956
287.955
287.953
282.78
282.765
282.936
283.275
283.6
283.859
284.045
284.248
284.49
284.774
285.045
285.28
285.471
285.644
285.811
285.981
286.144
286.292
286.414
286.508
286.574
286.62
286.648
286.665
286.674
286.679
286.681
286.682
286.682
286.682
286.682
286.681
286.681
286.681
286.68
286.68
286.679
286.679
286.679
286.678
286.678
286.677
286.677
286.677
286.676
286.676
286.676
286.676
286.675
286.675
286.675
286.675
286.674
286.674
286.674
286.674
286.674
286.674
286.674
286.674
286.674
286.674
286.674
286.674
286.674
286.674
286.674
286.674
286.675
286.675
286.675
286.675
286.675
286.676
286.676
286.676
286.676
286.676
286.677
286.677
286.677
286.677
286.677
286.677
286.677
286.677
286.676
286.676
286.677
286.676
282.86
282.79
282.877
283.101
283.319
283.478
283.585
283.716
283.896
284.116
284.327
284.507
284.652
284.783
284.914
285.052
285.187
285.312
285.415
285.496
285.553
285.591
285.615
285.63
285.638
285.642
285.644
285.644
285.644
285.644
285.644
285.644
285.644
285.643
285.643
285.643
285.642
285.642
285.642
285.642
285.642
285.641
285.641
285.641
285.641
285.641
285.64
285.64
285.64
285.64
285.64
285.64
285.64
285.64
285.64
285.64
285.64
285.641
285.641
285.641
285.641
285.641
285.642
285.642
285.642
285.642
285.643
285.643
285.644
285.644
285.644
285.645
285.645
285.646
285.646
285.646
285.647
285.647
285.648
285.648
285.649
285.649
285.649
285.65
285.65
285.65
285.651
285.65
285.652
285.653
282.8
282.779
282.836
282.986
283.107
283.191
283.242
283.329
283.452
283.606
283.746
283.864
283.957
284.046
284.137
284.236
284.332
284.421
284.493
284.549
284.588
284.614
284.631
284.641
284.646
284.649
284.65
284.651
284.652
284.652
284.652
284.652
284.652
284.652
284.652
284.652
284.652
284.652
284.652
284.652
284.652
284.652
284.652
284.652
284.653
284.653
284.653
284.653
284.653
284.653
284.654
284.654
284.654
284.655
284.655
284.655
284.656
284.656
284.657
284.657
284.658
284.658
284.659
284.659
284.66
284.66
284.661
284.662
284.662
284.663
284.664
284.665
284.665
284.666
284.667
284.667
284.668
284.669
284.67
284.67
284.671
284.672
284.672
284.673
284.673
284.674
284.674
284.674
284.677
284.678
282.944
282.941
282.98
283.053
283.103
283.133
283.155
283.201
283.269
283.349
283.419
283.476
283.522
283.568
283.617
283.67
283.721
283.767
283.804
283.832
283.852
283.865
283.872
283.877
283.88
283.881
283.882
283.882
283.882
283.883
283.883
283.883
283.883
283.883
283.883
283.883
283.884
283.884
283.884
283.884
283.884
283.885
283.885
283.885
283.885
283.886
283.886
283.886
283.887
283.887
283.888
283.888
283.889
283.889
283.89
283.89
283.891
283.891
283.892
283.893
283.893
283.894
283.895
283.896
283.896
283.897
283.898
283.899
283.9
283.9
283.901
283.902
283.903
283.904
283.905
283.906
283.907
283.908
283.909
283.91
283.911
283.912
283.912
283.913
283.914
283.915
283.916
283.916
283.919
283.92
283.027
283.034
283.045
283.07
283.081
283.092
283.097
283.114
283.134
283.16
283.179
283.197
283.21
283.224
283.239
283.256
283.271
283.285
283.296
283.304
283.309
283.313
283.315
283.317
283.318
283.318
283.319
283.319
283.319
283.319
283.319
283.319
283.319
283.32
283.32
283.32
283.32
283.32
283.32
283.321
283.321
283.321
283.321
283.321
283.322
283.322
283.322
283.322
283.323
283.323
283.323
283.323
283.324
283.324
283.325
283.325
283.325
283.326
283.326
283.327
283.327
283.328
283.328
283.329
283.329
283.33
283.33
283.331
283.331
283.332
283.332
283.333
283.333
283.334
283.334
283.335
283.336
283.336
283.337
283.337
283.338
283.338
283.339
283.339
283.34
283.34
283.34
283.341
283.342
283.342
)
;

boundaryField
{
    upperWall
    {
        type            fixedValue;
        value           uniform 283.15;
    }
    lowerWall
    {
        type            fixedValue;
        value           uniform 283.15;
    }
    heatedWall
    {
        type            externalWallHeatFluxTemperature;
        mode            power;
        kappaMethod     fluidThermo;
        kappa           none;
        alphaAni        Anialpha;
        Q               5040;
        qr              none;
        refValue        nonuniform List<scalar> 
450
(
285.079
286.08
287.502
286.08
285.079
286.44
287.592
289.264
287.592
286.44
287.358
288.563
290.317
288.563
287.358
288.076
289.261
291.049
289.261
288.076
288.626
289.829
291.633
289.829
288.626
289.113
290.303
292.129
290.303
289.113
289.551
290.755
292.596
290.755
289.551
289.983
291.176
293.029
291.176
289.983
290.378
291.577
293.432
291.577
290.378
290.741
291.929
293.785
291.929
290.741
291.054
292.246
294.102
292.246
291.054
291.338
292.524
294.382
292.524
291.338
291.592
292.78
294.642
292.78
291.592
291.826
293.01
294.872
293.01
291.826
292.032
293.217
295.078
293.217
292.032
292.209
293.388
295.244
293.388
292.209
292.349
293.527
295.378
293.527
292.349
292.456
293.628
295.473
293.628
292.456
292.531
293.701
295.541
293.701
292.531
292.582
293.748
295.581
293.748
292.582
292.613
293.777
295.609
293.777
292.613
292.632
293.794
295.621
293.794
292.632
292.642
293.803
295.629
293.803
292.642
292.648
293.807
295.63
293.807
292.648
292.651
293.809
295.632
293.809
292.651
292.652
293.809
295.629
293.809
292.652
292.652
293.808
295.629
293.808
292.652
292.652
293.807
295.626
293.807
292.652
292.651
293.807
295.625
293.807
292.651
292.651
293.805
295.622
293.805
292.651
292.65
293.804
295.621
293.804
292.65
292.65
293.803
295.618
293.803
292.65
292.649
293.802
295.617
293.802
292.649
292.649
293.801
295.614
293.801
292.649
292.648
293.801
295.613
293.801
292.648
292.648
293.8
295.611
293.8
292.648
292.647
293.799
295.61
293.799
292.647
292.647
293.798
295.607
293.798
292.647
292.646
293.797
295.607
293.797
292.646
292.646
293.797
295.604
293.797
292.646
292.645
293.796
295.604
293.796
292.645
292.645
293.795
295.601
293.795
292.645
292.644
293.795
295.601
293.795
292.644
292.644
293.794
295.598
293.794
292.644
292.643
293.793
295.598
293.793
292.643
292.643
293.793
295.596
293.793
292.643
292.642
293.792
295.595
293.792
292.642
292.642
293.792
295.593
293.792
292.642
292.641
293.791
295.593
293.791
292.641
292.641
293.791
295.591
293.791
292.641
292.641
293.79
295.59
293.79
292.641
292.64
293.79
295.588
293.79
292.64
292.64
293.79
295.588
293.79
292.64
292.64
293.789
295.586
293.789
292.64
292.639
293.789
295.586
293.789
292.639
292.639
293.789
295.584
293.789
292.639
292.639
293.788
295.584
293.788
292.639
292.639
293.788
295.582
293.788
292.639
292.639
293.788
295.582
293.788
292.639
292.639
293.788
295.581
293.788
292.639
292.638
293.788
295.58
293.788
292.638
292.638
293.787
295.579
293.787
292.638
292.638
293.787
295.579
293.787
292.638
292.638
293.787
295.578
293.787
292.638
292.638
293.787
295.578
293.787
292.638
292.638
293.787
295.577
293.787
292.638
292.638
293.787
295.577
293.787
292.638
292.638
293.787
295.576
293.787
292.638
292.638
293.787
295.576
293.787
292.638
292.638
293.788
295.575
293.788
292.638
292.639
293.788
295.575
293.788
292.639
292.639
293.788
295.574
293.788
292.639
292.639
293.788
295.574
293.788
292.639
292.639
293.788
295.574
293.788
292.639
292.639
293.788
295.574
293.788
292.639
292.639
293.788
295.573
293.788
292.639
292.639
293.789
295.574
293.789
292.639
292.639
293.789
295.573
293.789
292.639
292.639
293.79
295.573
293.79
292.639
292.639
293.789
295.573
293.789
292.639
292.639
293.79
295.573
293.79
292.639
292.639
293.79
295.572
293.79
292.639
292.639
293.791
295.574
293.791
292.639
292.639
293.791
295.573
293.791
292.639
292.639
293.792
295.574
293.792
292.639
292.639
293.792
295.573
293.792
292.639
292.638
293.794
295.575
293.794
292.638
292.638
293.793
295.573
293.793
292.638
292.637
293.8
295.581
293.8
292.637
292.636
293.803
295.585
293.803
292.636
)
;
        refGradient     nonuniform List<scalar> 
450
(
42.9043
87.8212
195.25
87.8212
42.9043
42.7449
86.6893
188.756
86.6893
42.7449
42.7438
86.669
188.496
86.669
42.7438
42.7444
86.6718
188.524
86.6718
42.7444
42.7511
86.6811
188.416
86.6811
42.7511
42.7525
86.6767
188.302
86.6767
42.7525
42.7581
86.6846
188.202
86.6846
42.7581
42.7595
86.6761
188.033
86.6761
42.7595
42.7638
86.6854
187.976
86.6854
42.7638
42.7648
86.6765
187.785
86.6765
42.7648
42.7682
86.6867
187.761
86.6867
42.7682
42.7694
86.6771
187.557
86.6771
42.7694
42.7726
86.687
187.555
86.687
42.7726
42.7738
86.6769
187.349
86.6769
42.7738
42.7766
86.6864
187.362
86.6864
42.7766
42.7776
86.6764
187.161
86.6764
42.7776
42.7798
86.6855
187.18
86.6855
42.7798
42.7807
86.6755
186.983
86.6755
42.7807
42.7827
86.6837
187.001
86.6837
42.7827
42.7836
86.6735
186.81
86.6735
42.7836
42.7856
86.6805
186.825
86.6805
42.7856
42.7866
86.6705
186.641
86.6705
42.7866
42.7885
86.6765
186.654
86.6765
42.7885
42.7896
86.6669
186.477
86.6669
42.7896
42.7915
86.6722
186.488
86.6722
42.7915
42.7926
86.663
186.319
86.663
42.7926
42.7944
86.6678
186.329
86.6678
42.7944
42.7956
86.659
186.168
86.659
42.7956
42.7974
86.6634
186.175
86.6634
42.7974
42.7986
86.655
186.021
86.655
42.7986
42.8004
86.659
186.026
86.659
42.8004
42.8015
86.651
185.879
86.651
42.8015
42.8033
86.6547
185.882
86.6547
42.8033
42.8045
86.6471
185.741
86.6471
42.8045
42.8062
86.6504
185.741
86.6504
42.8062
42.8074
86.6432
185.606
86.6432
42.8074
42.8091
86.6462
185.603
86.6462
42.8091
42.8103
86.6393
185.474
86.6393
42.8103
42.8119
86.642
185.468
86.642
42.8119
42.8131
86.6354
185.344
86.6354
42.8131
42.8148
86.6378
185.336
86.6378
42.8148
42.8159
86.6315
185.217
86.6315
42.8159
42.8176
86.6337
185.207
86.6337
42.8176
42.8187
86.6277
185.092
86.6277
42.8187
42.8203
86.6296
185.08
86.6296
42.8203
42.8215
86.6238
184.969
86.6238
42.8215
42.8231
86.6256
184.956
86.6256
42.8231
42.8242
86.62
184.849
86.62
42.8242
42.8258
86.6217
184.834
86.6217
42.8258
42.8269
86.6163
184.731
86.6163
42.8269
42.8284
86.6178
184.714
86.6178
42.8284
42.8295
86.6126
184.616
86.6126
42.8295
42.831
86.6139
184.598
86.6139
42.831
42.8321
86.609
184.503
86.609
42.8321
42.8336
86.6102
184.485
86.6102
42.8336
42.8347
86.6055
184.393
86.6055
42.8347
42.8361
86.6067
184.375
86.6067
42.8361
42.8372
86.6022
184.287
86.6022
42.8372
42.8386
86.6033
184.268
86.6033
42.8386
42.8396
86.599
184.184
86.599
42.8396
42.841
86.6001
184.165
86.6001
42.841
42.842
86.596
184.084
86.596
42.842
42.8434
86.5971
184.066
86.5971
42.8434
42.8444
86.5932
183.988
86.5932
42.8444
42.8457
86.5944
183.971
86.5944
42.8457
42.8467
86.5908
183.897
86.5908
42.8467
42.8481
86.5919
183.881
86.5919
42.8481
42.8491
86.5886
183.81
86.5886
42.8491
42.8504
86.5898
183.795
86.5898
42.8504
42.8514
86.5867
183.727
86.5867
42.8514
42.8527
86.5881
183.713
86.5881
42.8527
42.8537
86.5852
183.648
86.5852
42.8537
42.855
86.5867
183.637
86.5867
42.855
42.8561
86.5841
183.574
86.5841
42.8561
42.8574
86.5858
183.565
86.5858
42.8574
42.8584
86.5834
183.505
86.5834
42.8584
42.8597
86.5852
183.497
86.5852
42.8597
42.8608
86.583
183.44
86.583
42.8608
42.8621
86.5849
183.434
86.5849
42.8621
42.8632
86.5829
183.379
86.5829
42.8632
42.8645
86.5851
183.376
86.5851
42.8645
42.8657
86.583
183.323
86.583
42.8657
42.867
86.5855
183.322
86.5855
42.867
42.8682
86.5833
183.271
86.5833
42.8682
42.8695
86.5861
183.273
86.5861
42.8695
42.8707
86.5835
183.225
86.5834
42.8707
42.8722
86.587
183.234
86.587
42.8722
42.8732
86.5811
183.178
86.5811
42.8732
42.8811
86.5954
183.224
86.5954
42.8811
42.8879
86.593
183.194
86.593
42.8879
)
;
        valueFraction   uniform 0;
        value           nonuniform List<scalar> 
450
(
285.079
286.08
287.502
286.08
285.079
286.44
287.592
289.264
287.592
286.44
287.357
288.563
290.317
288.563
287.357
288.076
289.261
291.049
289.261
288.076
288.626
289.829
291.633
289.829
288.626
289.112
290.303
292.129
290.303
289.112
289.551
290.755
292.596
290.755
289.551
289.983
291.176
293.029
291.176
289.983
290.378
291.577
293.432
291.577
290.378
290.741
291.929
293.785
291.929
290.741
291.054
292.246
294.102
292.246
291.054
291.338
292.524
294.382
292.524
291.338
291.592
292.78
294.642
292.78
291.592
291.826
293.01
294.872
293.01
291.826
292.032
293.217
295.078
293.217
292.032
292.209
293.388
295.244
293.388
292.209
292.349
293.527
295.378
293.527
292.349
292.456
293.628
295.473
293.628
292.456
292.531
293.701
295.541
293.701
292.531
292.582
293.748
295.582
293.748
292.582
292.613
293.777
295.609
293.777
292.613
292.632
293.794
295.621
293.794
292.632
292.642
293.803
295.629
293.803
292.642
292.648
293.807
295.63
293.807
292.648
292.651
293.809
295.632
293.809
292.651
292.652
293.809
295.629
293.809
292.652
292.652
293.808
295.629
293.808
292.652
292.652
293.807
295.626
293.807
292.652
292.651
293.807
295.625
293.807
292.651
292.651
293.805
295.622
293.805
292.651
292.65
293.804
295.621
293.804
292.65
292.65
293.803
295.618
293.803
292.65
292.649
293.803
295.617
293.803
292.649
292.649
293.801
295.614
293.801
292.649
292.648
293.801
295.613
293.801
292.648
292.648
293.8
295.611
293.8
292.648
292.647
293.799
295.61
293.799
292.647
292.647
293.798
295.607
293.798
292.647
292.646
293.797
295.607
293.797
292.646
292.646
293.797
295.604
293.797
292.646
292.645
293.796
295.604
293.796
292.645
292.645
293.795
295.601
293.795
292.645
292.644
293.795
295.601
293.795
292.644
292.644
293.794
295.598
293.794
292.644
292.643
293.793
295.598
293.793
292.643
292.643
293.793
295.596
293.793
292.643
292.642
293.792
295.595
293.792
292.642
292.642
293.792
295.593
293.792
292.642
292.641
293.791
295.593
293.791
292.641
292.641
293.791
295.591
293.791
292.641
292.641
293.79
295.59
293.79
292.641
292.64
293.79
295.588
293.79
292.64
292.64
293.79
295.588
293.79
292.64
292.64
293.789
295.586
293.789
292.64
292.64
293.789
295.586
293.789
292.64
292.639
293.789
295.584
293.789
292.639
292.639
293.788
295.584
293.788
292.639
292.639
293.788
295.582
293.788
292.639
292.639
293.788
295.582
293.788
292.639
292.639
293.788
295.581
293.788
292.639
292.638
293.788
295.581
293.788
292.638
292.638
293.787
295.579
293.787
292.638
292.638
293.787
295.579
293.787
292.638
292.638
293.787
295.578
293.787
292.638
292.638
293.787
295.578
293.787
292.638
292.638
293.787
295.577
293.787
292.638
292.638
293.787
295.577
293.787
292.638
292.638
293.787
295.576
293.787
292.638
292.638
293.788
295.576
293.788
292.638
292.638
293.788
295.575
293.788
292.638
292.639
293.788
295.575
293.788
292.639
292.639
293.788
295.574
293.788
292.639
292.639
293.788
295.574
293.788
292.639
292.639
293.788
295.574
293.788
292.639
292.639
293.788
295.574
293.788
292.639
292.639
293.789
295.573
293.789
292.639
292.639
293.789
295.574
293.789
292.639
292.639
293.789
295.573
293.789
292.639
292.639
293.79
295.573
293.79
292.639
292.639
293.79
295.573
293.79
292.639
292.639
293.79
295.573
293.79
292.639
292.639
293.79
295.572
293.79
292.639
292.639
293.791
295.574
293.791
292.639
292.639
293.791
295.573
293.791
292.639
292.639
293.792
295.574
293.792
292.639
292.639
293.792
295.573
293.792
292.639
292.638
293.794
295.575
293.794
292.638
292.638
293.793
295.573
293.793
292.638
292.637
293.8
295.581
293.8
292.637
292.636
293.803
295.585
293.803
292.636
)
;
    }
    inlet
    {
        type            fixedValue;
        value           uniform 283.15;
    }
    outlet
    {
        type            inletOutlet;
        inletValue      uniform 283.15;
        value           nonuniform List<scalar> 
45
(
292.16
290.948
289.351
287.953
286.676
285.653
284.678
283.92
283.342
292.841
291.081
289.531
288.062
286.875
285.781
284.926
284.116
283.506
293.549
291.182
289.443
287.975
286.763
285.719
284.861
284.112
283.476
292.841
291.081
289.531
288.062
286.875
285.781
284.926
284.116
283.506
292.16
290.948
289.351
287.953
286.676
285.653
284.678
283.92
283.342
)
;
    }
    frontAndBack
    {
        type            empty;
    }
}


// ************************************************************************* //
