/*--------------------------------*- C++ -*----------------------------------*\
  =========                 |
  \\      /  F ield         | OpenFOAM: The Open Source CFD Toolbox
   \\    /   O peration     | Website:  https://openfoam.org
    \\  /    A nd           | Version:  7
     \\/     M anipulation  |
\*---------------------------------------------------------------------------*/
FoamFile
{
    version     2.0;
    format      ascii;
    class       volScalarField;
    location    "0.47";
    object      alphat;
}
// * * * * * * * * * * * * * * * * * * * * * * * * * * * * * * * * * * * * * //

dimensions      [1 -1 -1 0 0 0 0];

internalField   nonuniform List<scalar> 
8640
(
0.00418623
0.00406036
0.00401392
0.00400558
0.00400092
0.00399965
0.00399753
0.00399685
0.00399548
0.00399503
0.00399397
0.00399372
0.00399309
0.00399323
0.00399304
0.00399338
0.00399326
0.00399342
0.00399315
0.00399307
0.00399267
0.00399249
0.00399206
0.00399184
0.0039914
0.00399111
0.00399063
0.00399031
0.00398987
0.00398957
0.00398914
0.00398875
0.0039882
0.00398772
0.00398715
0.00398666
0.0039861
0.00398562
0.00398511
0.0039847
0.0039843
0.00398402
0.00398373
0.00398352
0.00398321
0.00398282
0.00398236
0.00398219
0.00398208
0.00398224
0.00398241
0.00398257
0.0039829
0.00398267
0.00398317
0.00398228
0.00398373
0.00398249
0.0039846
0.00401797
0.0026082
0.00216929
0.00193814
0.00185812
0.00183294
0.00181546
0.00179989
0.00178408
0.00176716
0.00175101
0.0017353
0.00172122
0.0017089
0.00169813
0.0016894
0.00168166
0.00167581
0.00167048
0.0016667
0.00166306
0.00166059
0.00165799
0.00165625
0.00165425
0.00165289
0.00165126
0.00165015
0.00164879
0.00164781
0.00164656
0.00164559
0.00164439
0.00164344
0.00164237
0.00164153
0.00164062
0.0016399
0.00163913
0.0016385
0.00163787
0.00163748
0.00163726
0.00163715
0.00163678
0.00163617
0.00163585
0.00163567
0.00163558
0.00163556
0.00163557
0.00163561
0.00163563
0.0016364
0.00163594
0.00164153
0.00163849
0.00165842
0.00164873
0.00170054
0.00175998
0.00251809
0.00205048
0.0017315
0.00160781
0.00155961
0.00154099
0.00153308
0.00153002
0.00152808
0.00152722
0.00152635
0.00152597
0.00152569
0.00152556
0.00152551
0.00152561
0.00152556
0.00152559
0.00152549
0.00152549
0.00152543
0.00152547
0.00152548
0.00152555
0.00152558
0.00152562
0.00152566
0.00152569
0.0015257
0.0015257
0.00152564
0.00152558
0.00152549
0.00152542
0.00152534
0.00152527
0.00152514
0.00152497
0.00152474
0.00152449
0.00152424
0.00152405
0.00152392
0.00152386
0.00152382
0.0015238
0.00152377
0.00152373
0.00152368
0.00152364
0.0015236
0.00152357
0.0015235
0.00152352
0.0015235
0.00152364
0.00152389
0.00152415
0.001525
0.00153654
0.00251711
0.00204508
0.00172097
0.00159472
0.00154466
0.00152554
0.001518
0.00151569
0.0015153
0.00151548
0.00151592
0.00151683
0.0015175
0.00151849
0.00151918
0.00152001
0.0015205
0.00152105
0.00152134
0.00152174
0.00152197
0.00152235
0.00152262
0.001523
0.00152327
0.00152361
0.00152386
0.00152417
0.0015244
0.00152468
0.00152486
0.00152504
0.00152516
0.00152528
0.00152542
0.00152556
0.00152569
0.00152578
0.00152579
0.00152572
0.00152555
0.00152536
0.00152516
0.00152504
0.00152498
0.001525
0.00152504
0.00152516
0.00152523
0.00152534
0.00152537
0.00152545
0.00152546
0.00152546
0.0015254
0.00152542
0.0015254
0.00152545
0.00152583
0.00153383
0.0025169
0.00204466
0.00172032
0.00159394
0.00154374
0.00152453
0.00151694
0.00151462
0.00151425
0.00151446
0.00151493
0.00151591
0.00151663
0.00151768
0.00151841
0.00151929
0.00151982
0.00152042
0.00152075
0.0015212
0.00152149
0.00152194
0.00152227
0.00152272
0.00152305
0.00152346
0.00152378
0.00152416
0.00152448
0.00152483
0.00152509
0.00152535
0.00152554
0.00152574
0.00152593
0.00152616
0.00152638
0.00152657
0.00152667
0.00152667
0.00152659
0.00152644
0.00152625
0.00152614
0.00152608
0.00152615
0.00152626
0.00152643
0.00152656
0.00152671
0.00152681
0.00152691
0.00152699
0.00152702
0.00152701
0.00152702
0.00152702
0.00152706
0.00152752
0.00153529
0.00251718
0.00204415
0.0017195
0.00159316
0.00154314
0.00152405
0.00151654
0.00151425
0.00151389
0.0015141
0.00151457
0.00151555
0.00151628
0.00151733
0.00151806
0.00151893
0.00151944
0.00152004
0.00152037
0.00152083
0.00152114
0.0015216
0.00152195
0.00152241
0.00152276
0.00152319
0.00152352
0.00152393
0.00152426
0.00152464
0.00152491
0.00152519
0.00152539
0.00152563
0.00152585
0.00152612
0.00152636
0.00152658
0.0015267
0.00152672
0.00152664
0.00152652
0.00152634
0.00152624
0.00152622
0.00152631
0.00152644
0.00152663
0.00152679
0.00152697
0.0015271
0.00152723
0.00152734
0.00152738
0.00152743
0.0015274
0.0015275
0.00152746
0.00152805
0.00153568
0.00251718
0.00204415
0.0017195
0.00159316
0.00154314
0.00152405
0.00151654
0.00151425
0.00151389
0.0015141
0.00151457
0.00151555
0.00151628
0.00151733
0.00151806
0.00151893
0.00151944
0.00152004
0.00152037
0.00152083
0.00152114
0.0015216
0.00152195
0.00152241
0.00152276
0.00152319
0.00152352
0.00152393
0.00152426
0.00152464
0.00152491
0.00152519
0.00152539
0.00152563
0.00152585
0.00152612
0.00152636
0.00152658
0.0015267
0.00152672
0.00152664
0.00152652
0.00152634
0.00152624
0.00152622
0.00152631
0.00152644
0.00152663
0.00152679
0.00152697
0.0015271
0.00152723
0.00152734
0.00152738
0.00152743
0.00152741
0.00152751
0.00152746
0.00152806
0.00153568
0.0025169
0.00204466
0.00172032
0.00159394
0.00154374
0.00152453
0.00151694
0.00151462
0.00151425
0.00151446
0.00151493
0.00151591
0.00151663
0.00151768
0.00151841
0.00151929
0.00151982
0.00152042
0.00152075
0.0015212
0.00152149
0.00152194
0.00152227
0.00152272
0.00152305
0.00152346
0.00152378
0.00152416
0.00152448
0.00152483
0.00152509
0.00152535
0.00152554
0.00152574
0.00152593
0.00152616
0.00152638
0.00152657
0.00152667
0.00152667
0.00152659
0.00152644
0.00152625
0.00152614
0.00152608
0.00152615
0.00152626
0.00152643
0.00152656
0.00152671
0.00152681
0.00152692
0.00152699
0.00152702
0.00152702
0.00152702
0.00152704
0.00152705
0.00152755
0.00153526
0.00251711
0.00204508
0.00172097
0.00159472
0.00154466
0.00152554
0.001518
0.00151569
0.0015153
0.00151548
0.00151592
0.00151683
0.0015175
0.00151849
0.00151918
0.00152001
0.0015205
0.00152105
0.00152134
0.00152174
0.00152197
0.00152235
0.00152262
0.001523
0.00152327
0.00152361
0.00152386
0.00152417
0.0015244
0.00152468
0.00152486
0.00152504
0.00152516
0.00152528
0.00152542
0.00152556
0.00152569
0.00152578
0.00152579
0.00152572
0.00152555
0.00152536
0.00152516
0.00152505
0.00152498
0.001525
0.00152504
0.00152516
0.00152523
0.00152534
0.00152537
0.00152546
0.00152546
0.00152547
0.00152543
0.00152542
0.00152543
0.00152544
0.00152591
0.00153376
0.00251809
0.00205048
0.0017315
0.00160781
0.00155961
0.00154099
0.00153308
0.00153002
0.00152808
0.00152722
0.00152635
0.00152597
0.00152569
0.00152556
0.00152551
0.00152561
0.00152556
0.00152559
0.00152549
0.00152549
0.00152543
0.00152547
0.00152548
0.00152555
0.00152558
0.00152562
0.00152566
0.00152569
0.0015257
0.0015257
0.00152564
0.00152558
0.00152549
0.00152542
0.00152534
0.00152527
0.00152514
0.00152498
0.00152474
0.00152449
0.00152424
0.00152405
0.00152392
0.00152386
0.00152382
0.0015238
0.00152377
0.00152373
0.00152368
0.00152365
0.00152361
0.00152358
0.00152351
0.00152352
0.00152352
0.00152361
0.00152393
0.00152408
0.00152512
0.0015363
0.0026082
0.00216929
0.00193814
0.00185812
0.00183294
0.00181546
0.00179989
0.00178408
0.00176716
0.00175101
0.0017353
0.00172122
0.0017089
0.00169813
0.0016894
0.00168166
0.00167581
0.00167048
0.0016667
0.00166306
0.00166059
0.00165799
0.00165625
0.00165425
0.00165289
0.00165126
0.00165015
0.00164879
0.00164781
0.00164656
0.00164559
0.00164439
0.00164344
0.00164236
0.00164153
0.00164062
0.0016399
0.00163912
0.00163849
0.00163786
0.00163747
0.00163725
0.00163714
0.00163677
0.00163617
0.00163585
0.00163567
0.00163558
0.00163556
0.00163557
0.00163562
0.00163562
0.00163635
0.00163591
0.00164145
0.0016383
0.00165821
0.00164839
0.00169995
0.00175881
0.00418623
0.00406036
0.00401392
0.00400558
0.00400092
0.00399965
0.00399753
0.00399685
0.00399548
0.00399503
0.00399397
0.00399372
0.00399309
0.00399323
0.00399304
0.00399338
0.00399326
0.00399342
0.00399315
0.00399307
0.00399267
0.00399249
0.00399206
0.00399184
0.0039914
0.00399111
0.00399063
0.00399031
0.00398987
0.00398957
0.00398914
0.00398875
0.00398821
0.00398772
0.00398715
0.00398666
0.0039861
0.00398562
0.00398511
0.0039847
0.0039843
0.00398402
0.00398373
0.00398352
0.00398321
0.00398282
0.00398236
0.00398218
0.00398208
0.00398224
0.00398239
0.00398256
0.0039829
0.00398267
0.00398315
0.00398234
0.00398368
0.00398262
0.00398445
0.00401779
0.000864143
0.00134137
0.0015033
0.001554
0.00157336
0.00157555
0.00157617
0.00157378
0.00157235
0.00156902
0.0015674
0.00156379
0.00156179
0.00155826
0.00155652
0.00155354
0.00155215
0.00154969
0.00154854
0.00154646
0.00154544
0.00154374
0.00154296
0.00154165
0.00154104
0.00153993
0.00153937
0.00153843
0.00153794
0.00153715
0.00153673
0.00153607
0.00153573
0.0015352
0.00153497
0.00153459
0.00153443
0.00153412
0.00153396
0.00153367
0.00153351
0.00153325
0.00153312
0.00153289
0.00153277
0.00153256
0.00153247
0.00153228
0.00153223
0.00153203
0.00153206
0.0015318
0.00153191
0.00153154
0.00153169
0.00153129
0.00153097
0.00153109
0.00152776
0.00154711
0.000496561
0.00111537
0.00133259
0.0014176
0.00145032
0.00146379
0.00146867
0.00147116
0.00147186
0.00147269
0.00147297
0.00147373
0.00147411
0.00147484
0.00147511
0.00147561
0.00147569
0.00147606
0.00147617
0.00147658
0.00147676
0.00147718
0.00147739
0.00147778
0.00147796
0.00147824
0.00147834
0.00147855
0.0014787
0.00147889
0.00147895
0.00147891
0.0014787
0.00147852
0.00147834
0.00147834
0.00147844
0.00147869
0.00147899
0.00147933
0.00147961
0.00147986
0.00148002
0.00148013
0.00148015
0.00148014
0.00148009
0.00148006
0.00147999
0.00147997
0.00147992
0.00147995
0.00147994
0.00148003
0.00148012
0.00148015
0.00148036
0.00147996
0.00148011
0.0014904
0.000531898
0.00111853
0.00132564
0.00140776
0.0014394
0.00145278
0.00145746
0.00145995
0.00146039
0.00146102
0.00146096
0.0014613
0.00146131
0.00146162
0.00146153
0.00146169
0.00146147
0.0014615
0.00146131
0.00146138
0.00146131
0.00146142
0.0014614
0.00146153
0.00146158
0.00146171
0.00146177
0.00146186
0.0014619
0.00146198
0.00146206
0.00146218
0.00146226
0.00146234
0.00146232
0.00146228
0.00146219
0.00146215
0.00146215
0.00146225
0.0014624
0.00146261
0.00146282
0.00146302
0.00146319
0.00146332
0.0014634
0.00146343
0.00146342
0.00146339
0.00146338
0.00146338
0.00146341
0.00146343
0.00146339
0.00146338
0.00146317
0.00146334
0.00146293
0.00147116
0.000499951
0.00111089
0.00132369
0.00140765
0.0014399
0.00145344
0.00145817
0.00146067
0.00146112
0.00146174
0.00146166
0.00146198
0.00146195
0.0014622
0.00146207
0.00146218
0.0014619
0.00146187
0.00146162
0.00146161
0.00146147
0.00146148
0.00146139
0.00146139
0.00146135
0.00146139
0.00146137
0.00146138
0.00146131
0.00146128
0.00146124
0.00146129
0.00146132
0.0014614
0.00146139
0.00146134
0.0014612
0.00146106
0.00146095
0.00146096
0.00146106
0.00146126
0.00146147
0.00146165
0.00146178
0.00146184
0.00146185
0.0014618
0.00146173
0.0014616
0.00146151
0.00146139
0.0014614
0.00146141
0.00146146
0.00146147
0.00146138
0.00146134
0.00146109
0.00146815
0.000519247
0.00111491
0.00132453
0.00140751
0.00143942
0.00145285
0.00145752
0.00145998
0.00146041
0.00146101
0.00146092
0.00146122
0.00146119
0.00146144
0.00146132
0.00146141
0.00146113
0.00146109
0.00146083
0.00146081
0.00146066
0.00146065
0.00146055
0.00146054
0.0014605
0.00146053
0.00146049
0.0014605
0.0014604
0.00146037
0.00146031
0.00146035
0.00146038
0.00146046
0.00146045
0.00146039
0.00146023
0.00146007
0.00145995
0.00145994
0.00146006
0.00146027
0.0014605
0.0014607
0.00146083
0.00146089
0.00146088
0.00146081
0.00146072
0.00146056
0.00146043
0.00146028
0.00146025
0.00146023
0.00146026
0.00146031
0.00146018
0.00146017
0.00145988
0.00146637
0.000508974
0.00111256
0.00132404
0.00140761
0.00143973
0.00145322
0.00145792
0.0014604
0.00146083
0.00146144
0.00146135
0.00146165
0.00146162
0.00146188
0.00146176
0.00146186
0.00146158
0.00146153
0.00146127
0.00146123
0.00146107
0.00146106
0.00146096
0.00146095
0.0014609
0.00146093
0.00146089
0.0014609
0.0014608
0.00146077
0.00146071
0.00146075
0.00146078
0.00146086
0.00146085
0.00146079
0.00146063
0.00146047
0.00146035
0.00146035
0.00146046
0.00146067
0.0014609
0.00146109
0.00146122
0.00146126
0.00146125
0.00146118
0.00146108
0.00146093
0.00146079
0.00146064
0.00146061
0.0014606
0.00146065
0.00146071
0.00146062
0.00146058
0.00146035
0.0014668
0.000508974
0.00111256
0.00132404
0.00140761
0.00143973
0.00145322
0.00145792
0.0014604
0.00146083
0.00146144
0.00146135
0.00146165
0.00146162
0.00146188
0.00146176
0.00146186
0.00146158
0.00146153
0.00146127
0.00146123
0.00146107
0.00146106
0.00146096
0.00146095
0.0014609
0.00146093
0.00146089
0.0014609
0.0014608
0.00146077
0.00146071
0.00146075
0.00146078
0.00146086
0.00146085
0.00146079
0.00146063
0.00146047
0.00146035
0.00146035
0.00146046
0.00146067
0.0014609
0.00146109
0.00146122
0.00146126
0.00146125
0.00146118
0.00146108
0.00146093
0.00146079
0.00146064
0.00146061
0.0014606
0.00146065
0.00146071
0.00146062
0.00146058
0.00146036
0.00146679
0.000519247
0.00111491
0.00132453
0.00140751
0.00143942
0.00145285
0.00145752
0.00145998
0.00146041
0.00146101
0.00146092
0.00146122
0.00146119
0.00146144
0.00146132
0.00146141
0.00146113
0.00146109
0.00146083
0.00146081
0.00146066
0.00146065
0.00146055
0.00146054
0.0014605
0.00146053
0.00146049
0.0014605
0.0014604
0.00146037
0.00146031
0.00146035
0.00146038
0.00146046
0.00146045
0.00146039
0.00146023
0.00146007
0.00145995
0.00145994
0.00146006
0.00146027
0.0014605
0.0014607
0.00146084
0.00146089
0.00146088
0.00146082
0.00146072
0.00146056
0.00146043
0.00146028
0.00146026
0.00146023
0.00146026
0.00146031
0.00146019
0.00146016
0.00145989
0.00146634
0.000499951
0.00111089
0.00132369
0.00140765
0.0014399
0.00145344
0.00145817
0.00146067
0.00146112
0.00146174
0.00146166
0.00146198
0.00146195
0.0014622
0.00146207
0.00146218
0.0014619
0.00146187
0.00146162
0.00146161
0.00146147
0.00146148
0.00146139
0.00146139
0.00146135
0.00146139
0.00146137
0.00146138
0.00146131
0.00146128
0.00146124
0.00146128
0.00146132
0.0014614
0.00146139
0.00146134
0.0014612
0.00146106
0.00146095
0.00146096
0.00146106
0.00146126
0.00146147
0.00146165
0.00146178
0.00146184
0.00146185
0.0014618
0.00146173
0.0014616
0.0014615
0.00146139
0.0014614
0.0014614
0.00146146
0.00146146
0.00146139
0.00146131
0.00146113
0.00146805
0.000531898
0.00111853
0.00132564
0.00140776
0.0014394
0.00145278
0.00145746
0.00145995
0.00146039
0.00146102
0.00146096
0.0014613
0.00146131
0.00146161
0.00146153
0.00146169
0.00146147
0.0014615
0.00146131
0.00146138
0.00146131
0.00146142
0.0014614
0.00146153
0.00146158
0.00146171
0.00146177
0.00146186
0.0014619
0.00146198
0.00146206
0.00146218
0.00146226
0.00146234
0.00146232
0.00146228
0.00146219
0.00146215
0.00146215
0.00146224
0.0014624
0.00146261
0.00146282
0.00146302
0.00146319
0.00146332
0.0014634
0.00146343
0.00146342
0.00146338
0.00146338
0.00146337
0.00146341
0.00146342
0.00146341
0.00146336
0.00146321
0.00146328
0.001463
0.00147093
0.000496561
0.00111537
0.00133259
0.00141761
0.00145032
0.00146379
0.00146867
0.00147116
0.00147186
0.00147269
0.00147297
0.00147373
0.00147411
0.00147484
0.00147511
0.00147561
0.00147569
0.00147606
0.00147617
0.00147658
0.00147676
0.00147718
0.00147739
0.00147778
0.00147797
0.00147824
0.00147834
0.00147855
0.0014787
0.00147889
0.00147895
0.00147891
0.0014787
0.00147852
0.00147835
0.00147834
0.00147844
0.00147869
0.00147899
0.00147933
0.00147961
0.00147986
0.00148002
0.00148013
0.00148015
0.00148014
0.00148009
0.00148005
0.00147999
0.00147996
0.00147992
0.00147994
0.00147995
0.00148001
0.00148012
0.00148008
0.00148041
0.00147986
0.00148025
0.00148997
0.000864143
0.00134137
0.0015033
0.001554
0.00157336
0.00157555
0.00157617
0.00157378
0.00157235
0.00156902
0.0015674
0.00156379
0.00156179
0.00155826
0.00155652
0.00155354
0.00155215
0.00154969
0.00154854
0.00154646
0.00154544
0.00154374
0.00154296
0.00154165
0.00154104
0.00153993
0.00153937
0.00153843
0.00153794
0.00153715
0.00153673
0.00153607
0.00153573
0.00153521
0.00153497
0.00153459
0.00153444
0.00153412
0.00153397
0.00153367
0.00153352
0.00153326
0.00153312
0.00153289
0.00153278
0.00153257
0.00153248
0.00153228
0.00153224
0.00153204
0.00153208
0.00153182
0.00153194
0.00153156
0.00153175
0.0015313
0.00153111
0.00153102
0.00152818
0.00154641
7.55243e-05
0.000180559
0.000286682
0.000369409
0.000427023
0.000467012
0.000492837
0.000509801
0.000520018
0.000526034
0.000529126
0.00053003
0.000529612
0.00052856
0.000526594
0.000524295
0.000521715
0.000519018
0.000516215
0.00051336
0.000510438
0.000507435
0.000504418
0.00050141
0.00049846
0.000495491
0.000492525
0.00048956
0.000486719
0.000484059
0.000481628
0.000479403
0.000477335
0.000475454
0.000473743
0.000472312
0.000471102
0.000470216
0.000469516
0.000469118
0.000468845
0.000468795
0.000468796
0.000468879
0.000468939
0.000469063
0.000469053
0.000469068
0.000468931
0.000468882
0.000468664
0.000468634
0.000468328
0.00046837
0.000467845
0.000467998
0.00046691
0.0004671
0.000464688
0.000468569
1.36385e-05
5.36045e-05
9.4095e-05
0.000137435
0.000168188
0.000195127
0.000214464
0.000231072
0.000242977
0.000253304
0.000260533
0.00026688
0.000271061
0.000274857
0.000277228
0.000279533
0.000280925
0.000282435
0.000283341
0.000284406
0.000285034
0.000285805
0.000286267
0.000286868
0.000287266
0.000287778
0.000288137
0.000288558
0.00028886
0.000289183
0.000289398
0.000289557
0.000289601
0.000289519
0.000289162
0.000288693
0.000288101
0.000287503
0.000286893
0.000286361
0.000285922
0.000285644
0.000285544
0.000285598
0.000285697
0.000285825
0.000285955
0.000286148
0.000286255
0.000286469
0.000286568
0.000286791
0.000286853
0.000287121
0.000287139
0.000287621
0.000287659
0.000288666
0.000288764
0.000293563
1.43519e-05
5.27345e-05
8.98784e-05
0.000131613
0.000157586
0.000182223
0.00019769
0.000212212
0.00022124
0.000229995
0.000235332
0.00024071
0.000243794
0.000247024
0.000248696
0.000250605
0.000251506
0.000252679
0.000253183
0.0002539
0.000254161
0.000254558
0.000254656
0.000254837
0.000254872
0.000254939
0.000254944
0.000254964
0.000254951
0.000254964
0.000254969
0.000255004
0.000255001
0.000255001
0.000254926
0.000254853
0.000254757
0.000254708
0.000254699
0.000254749
0.000254844
0.000254964
0.000255105
0.000255242
0.000255383
0.000255503
0.000255615
0.000255678
0.000255749
0.000255779
0.000255859
0.000255914
0.000256009
0.000256099
0.000256137
0.000256234
0.000256206
0.000256373
0.00025633
0.000259793
1.35841e-05
5.23842e-05
8.97808e-05
0.000132278
0.000159001
0.000183995
0.000199721
0.000214292
0.000223332
0.000231981
0.000237228
0.000242454
0.000245433
0.000248525
0.000250112
0.00025191
0.000252743
0.000253829
0.000254287
0.000254941
0.000255173
0.000255524
0.000255607
0.000255756
0.000255779
0.000255822
0.000255815
0.000255817
0.000255789
0.00025579
0.000255786
0.000255826
0.000255843
0.00025586
0.000255823
0.000255774
0.000255706
0.000255674
0.000255684
0.000255743
0.000255845
0.000255955
0.000256084
0.000256193
0.00025631
0.000256394
0.00025647
0.000256504
0.000256531
0.000256536
0.000256578
0.000256608
0.000256687
0.000256724
0.000256784
0.00025679
0.000256817
0.000256866
0.00025691
0.000260097
1.40243e-05
5.24944e-05
8.96048e-05
0.000131784
0.000158037
0.000182862
0.000198387
0.000212928
0.000221897
0.000230572
0.000235804
0.000241069
0.000244049
0.000247173
0.000248761
0.00025058
0.000251413
0.00025251
0.000252964
0.000253619
0.000253845
0.00025419
0.000254265
0.000254396
0.00025441
0.000254445
0.000254433
0.000254429
0.000254389
0.000254383
0.000254367
0.000254404
0.000254411
0.000254422
0.000254375
0.000254322
0.000254252
0.000254225
0.000254242
0.000254309
0.000254417
0.00025453
0.000254659
0.000254764
0.000254876
0.000254951
0.00025502
0.000255044
0.000255065
0.000255065
0.000255098
0.000255126
0.000255191
0.000255238
0.000255262
0.000255291
0.000255252
0.00025532
0.000255278
0.000258246
1.37784e-05
5.23946e-05
8.96386e-05
0.000131999
0.000158514
0.000183438
0.000199073
0.000213638
0.000222645
0.000231311
0.000236549
0.000241794
0.00024477
0.000247875
0.000249457
0.00025126
0.000252088
0.000253175
0.000253626
0.000254275
0.0002545
0.000254844
0.000254921
0.000255057
0.000255074
0.000255112
0.000255102
0.0002551
0.000255066
0.000255065
0.000255056
0.000255096
0.000255109
0.000255122
0.00025508
0.000255028
0.00025496
0.000254932
0.000254949
0.000255015
0.000255122
0.000255235
0.000255364
0.00025547
0.000255583
0.000255658
0.000255728
0.000255752
0.000255773
0.000255773
0.000255809
0.000255837
0.00025591
0.000255943
0.000255996
0.000255996
0.000256004
0.000256047
0.00025607
0.000259059
1.37784e-05
5.23946e-05
8.96386e-05
0.000131999
0.000158514
0.000183438
0.000199073
0.000213638
0.000222645
0.000231311
0.000236549
0.000241794
0.00024477
0.000247875
0.000249457
0.00025126
0.000252088
0.000253175
0.000253626
0.000254275
0.0002545
0.000254844
0.000254921
0.000255057
0.000255074
0.000255112
0.000255102
0.0002551
0.000255066
0.000255065
0.000255056
0.000255096
0.000255109
0.000255122
0.00025508
0.000255028
0.00025496
0.000254932
0.000254949
0.000255015
0.000255122
0.000255235
0.000255364
0.00025547
0.000255583
0.000255658
0.000255728
0.000255752
0.000255773
0.000255773
0.000255809
0.000255837
0.00025591
0.000255944
0.000255995
0.000255996
0.000256003
0.000256048
0.000256069
0.000259056
1.40243e-05
5.24944e-05
8.96048e-05
0.000131784
0.000158037
0.000182862
0.000198387
0.000212928
0.000221897
0.000230572
0.000235804
0.000241069
0.000244049
0.000247173
0.000248761
0.00025058
0.000251413
0.00025251
0.000252964
0.000253619
0.000253845
0.00025419
0.000254265
0.000254396
0.00025441
0.000254445
0.000254433
0.000254429
0.000254389
0.000254383
0.000254367
0.000254404
0.000254411
0.000254422
0.000254375
0.000254322
0.000254252
0.000254225
0.000254242
0.000254309
0.000254417
0.00025453
0.000254659
0.000254764
0.000254876
0.00025495
0.00025502
0.000255044
0.000255064
0.000255064
0.000255098
0.000255126
0.000255192
0.000255237
0.000255263
0.00025529
0.000255253
0.000255319
0.000255279
0.000258243
1.35841e-05
5.23842e-05
8.97807e-05
0.000132278
0.000159001
0.000183995
0.000199721
0.000214292
0.000223332
0.000231981
0.000237228
0.000242454
0.000245433
0.000248525
0.000250112
0.00025191
0.000252743
0.000253829
0.000254287
0.000254941
0.000255173
0.000255524
0.000255607
0.000255756
0.000255779
0.000255822
0.000255815
0.000255817
0.000255789
0.00025579
0.000255786
0.000255827
0.000255843
0.00025586
0.000255823
0.000255774
0.000255706
0.000255674
0.000255684
0.000255743
0.000255845
0.000255956
0.000256084
0.000256193
0.00025631
0.000256394
0.000256471
0.000256504
0.000256531
0.000256536
0.000256577
0.000256607
0.000256686
0.000256722
0.000256784
0.000256787
0.000256818
0.00025686
0.000256913
0.000260078
1.43519e-05
5.27344e-05
8.98784e-05
0.000131613
0.000157586
0.000182223
0.00019769
0.000212212
0.00022124
0.000229995
0.000235332
0.00024071
0.000243794
0.000247024
0.000248696
0.000250605
0.000251506
0.000252679
0.000253183
0.0002539
0.000254161
0.000254558
0.000254656
0.000254837
0.000254872
0.000254939
0.000254944
0.000254964
0.000254951
0.000254964
0.000254969
0.000255004
0.000255002
0.000255001
0.000254926
0.000254853
0.000254757
0.000254707
0.000254699
0.000254748
0.000254844
0.000254963
0.000255104
0.000255241
0.000255383
0.000255501
0.000255614
0.000255677
0.000255748
0.000255776
0.000255856
0.000255909
0.000256004
0.000256091
0.000256136
0.000256223
0.000256206
0.000256351
0.000256333
0.000259733
1.36385e-05
5.36045e-05
9.4095e-05
0.000137435
0.000168188
0.000195127
0.000214464
0.000231072
0.000242977
0.000253304
0.000260533
0.00026688
0.000271061
0.000274857
0.000277228
0.000279533
0.000280925
0.000282435
0.000283341
0.000284405
0.000285034
0.000285805
0.000286267
0.000286868
0.000287266
0.000287778
0.000288137
0.000288558
0.00028886
0.000289182
0.000289398
0.000289558
0.000289601
0.000289519
0.000289162
0.000288693
0.0002881
0.000287502
0.000286892
0.000286359
0.00028592
0.000285641
0.000285542
0.000285596
0.000285695
0.000285821
0.000285951
0.000286137
0.000286244
0.00028645
0.000286551
0.000286759
0.000286826
0.00028707
0.000287099
0.000287535
0.000287602
0.000288526
0.000288686
0.000293307
7.55243e-05
0.000180559
0.000286682
0.000369409
0.000427023
0.000467012
0.000492837
0.000509801
0.000520018
0.000526034
0.000529126
0.00053003
0.000529612
0.00052856
0.000526594
0.000524295
0.000521714
0.000519017
0.000516214
0.000513359
0.000510438
0.000507435
0.000504418
0.00050141
0.00049846
0.000495491
0.000492525
0.00048956
0.000486719
0.000484059
0.000481628
0.000479403
0.000477336
0.000475455
0.000473743
0.000472313
0.000471103
0.000470218
0.000469518
0.00046912
0.000468847
0.000468798
0.000468801
0.000468883
0.000468945
0.00046907
0.000469065
0.000469081
0.000468953
0.000468902
0.000468702
0.000468665
0.000468394
0.000468417
0.00046796
0.000468061
0.000467113
0.000467177
0.000465057
0.000468549
7.55243e-05
0.000180559
0.000286682
0.000369409
0.000427024
0.000467012
0.000492837
0.000509801
0.000520018
0.000526034
0.000529126
0.00053003
0.000529612
0.00052856
0.000526594
0.000524295
0.000521715
0.000519018
0.000516215
0.00051336
0.000510438
0.000507435
0.000504418
0.00050141
0.00049846
0.000495491
0.000492525
0.00048956
0.000486719
0.000484059
0.000481628
0.000479403
0.000477336
0.000475454
0.000473743
0.000472312
0.000471102
0.000470216
0.000469516
0.000469118
0.000468844
0.000468795
0.000468796
0.000468879
0.000468939
0.000469063
0.000469053
0.000469068
0.000468931
0.000468882
0.000468664
0.000468634
0.000468328
0.00046837
0.000467845
0.000467998
0.00046691
0.0004671
0.000464688
0.000468569
1.36385e-05
5.36046e-05
9.40951e-05
0.000137435
0.000168188
0.000195127
0.000214464
0.000231072
0.000242977
0.000253305
0.000260533
0.000266881
0.000271061
0.000274857
0.000277228
0.000279533
0.000280925
0.000282435
0.000283341
0.000284406
0.000285034
0.000285805
0.000286267
0.000286869
0.000287266
0.000287779
0.000288137
0.000288559
0.00028886
0.000289183
0.000289398
0.000289558
0.000289601
0.00028952
0.000289163
0.000288694
0.000288101
0.000287503
0.000286893
0.000286361
0.000285922
0.000285644
0.000285544
0.000285598
0.000285697
0.000285825
0.000285955
0.000286148
0.000286255
0.000286469
0.000286568
0.000286791
0.000286853
0.000287122
0.000287139
0.000287621
0.000287659
0.000288666
0.000288764
0.000293563
1.43519e-05
5.27345e-05
8.98785e-05
0.000131613
0.000157586
0.000182223
0.00019769
0.000212212
0.00022124
0.000229995
0.000235332
0.00024071
0.000243794
0.000247024
0.000248696
0.000250605
0.000251506
0.000252679
0.000253183
0.0002539
0.000254162
0.000254558
0.000254656
0.000254837
0.000254872
0.000254939
0.000254945
0.000254964
0.000254951
0.000254965
0.000254969
0.000255004
0.000255002
0.000255001
0.000254927
0.000254854
0.000254757
0.000254708
0.000254699
0.000254749
0.000254845
0.000254964
0.000255105
0.000255242
0.000255384
0.000255503
0.000255616
0.000255679
0.00025575
0.000255779
0.000255859
0.000255913
0.000256007
0.0002561
0.000256138
0.000256236
0.000256207
0.000256374
0.00025633
0.000259793
1.35841e-05
5.23843e-05
8.97808e-05
0.000132278
0.000159001
0.000183995
0.000199721
0.000214292
0.000223332
0.000231981
0.000237228
0.000242454
0.000245433
0.000248525
0.000250112
0.00025191
0.000252743
0.000253829
0.000254287
0.000254942
0.000255173
0.000255524
0.000255607
0.000255756
0.000255779
0.000255822
0.000255816
0.000255818
0.00025579
0.000255791
0.000255786
0.000255827
0.000255843
0.00025586
0.000255823
0.000255774
0.000255706
0.000255674
0.000255685
0.000255744
0.000255845
0.000255956
0.000256084
0.000256193
0.000256311
0.000256394
0.000256471
0.000256504
0.000256531
0.000256536
0.000256578
0.000256608
0.000256687
0.000256724
0.000256784
0.00025679
0.000256818
0.000256866
0.00025691
0.000260097
1.40243e-05
5.24944e-05
8.96049e-05
0.000131784
0.000158038
0.000182863
0.000198387
0.000212928
0.000221898
0.000230572
0.000235804
0.000241069
0.000244049
0.000247174
0.000248761
0.00025058
0.000251413
0.000252511
0.000252964
0.000253619
0.000253845
0.00025419
0.000254265
0.000254397
0.00025441
0.000254446
0.000254433
0.000254429
0.000254389
0.000254383
0.000254368
0.000254404
0.000254411
0.000254423
0.000254375
0.000254322
0.000254252
0.000254225
0.000254242
0.000254309
0.000254417
0.000254531
0.00025466
0.000254764
0.000254877
0.000254951
0.000255021
0.000255044
0.000255065
0.000255065
0.000255098
0.000255126
0.000255191
0.000255238
0.000255263
0.000255291
0.000255252
0.00025532
0.000255278
0.000258245
1.37784e-05
5.23947e-05
8.96387e-05
0.000131999
0.000158514
0.000183438
0.000199073
0.000213638
0.000222646
0.000231311
0.000236549
0.000241794
0.00024477
0.000247875
0.000249457
0.000251261
0.000252089
0.000253175
0.000253626
0.000254275
0.0002545
0.000254844
0.000254921
0.000255058
0.000255075
0.000255112
0.000255102
0.0002551
0.000255067
0.000255065
0.000255056
0.000255096
0.000255109
0.000255123
0.00025508
0.000255028
0.00025496
0.000254932
0.000254949
0.000255015
0.000255122
0.000255235
0.000255364
0.00025547
0.000255583
0.000255658
0.000255728
0.000255752
0.000255773
0.000255773
0.000255809
0.000255837
0.000255911
0.000255944
0.000255996
0.000255997
0.000256005
0.000256047
0.00025607
0.000259059
1.37785e-05
5.23947e-05
8.96387e-05
0.000131999
0.000158514
0.000183438
0.000199073
0.000213638
0.000222646
0.000231311
0.000236549
0.000241794
0.00024477
0.000247875
0.000249457
0.000251261
0.000252089
0.000253175
0.000253626
0.000254275
0.0002545
0.000254844
0.000254921
0.000255058
0.000255075
0.000255112
0.000255102
0.0002551
0.000255067
0.000255065
0.000255056
0.000255096
0.000255109
0.000255123
0.00025508
0.000255028
0.00025496
0.000254932
0.000254949
0.000255015
0.000255123
0.000255236
0.000255364
0.00025547
0.000255583
0.000255659
0.000255728
0.000255752
0.000255773
0.000255773
0.000255809
0.000255837
0.00025591
0.000255944
0.000255996
0.000255997
0.000256003
0.000256048
0.00025607
0.000259058
1.40243e-05
5.24945e-05
8.96049e-05
0.000131784
0.000158038
0.000182863
0.000198387
0.000212928
0.000221898
0.000230572
0.000235804
0.000241069
0.000244049
0.000247174
0.000248761
0.00025058
0.000251413
0.000252511
0.000252964
0.000253619
0.000253845
0.00025419
0.000254265
0.000254397
0.00025441
0.000254446
0.000254433
0.000254429
0.000254389
0.000254383
0.000254368
0.000254404
0.000254411
0.000254423
0.000254375
0.000254322
0.000254252
0.000254225
0.000254242
0.000254309
0.000254417
0.000254531
0.000254659
0.000254764
0.000254876
0.000254951
0.00025502
0.000255044
0.000255065
0.000255064
0.000255098
0.000255126
0.000255193
0.000255237
0.000255263
0.00025529
0.000255253
0.00025532
0.000255281
0.000258245
1.35841e-05
5.23843e-05
8.97808e-05
0.000132278
0.000159001
0.000183995
0.000199721
0.000214292
0.000223332
0.000231981
0.000237228
0.000242454
0.000245433
0.000248526
0.000250112
0.00025191
0.000252743
0.000253829
0.000254287
0.000254942
0.000255173
0.000255524
0.000255607
0.000255756
0.000255779
0.000255822
0.000255816
0.000255818
0.00025579
0.000255791
0.000255786
0.000255827
0.000255843
0.00025586
0.000255823
0.000255774
0.000255706
0.000255674
0.000255685
0.000255744
0.000255845
0.000255956
0.000256084
0.000256193
0.000256311
0.000256394
0.000256471
0.000256504
0.000256531
0.000256536
0.000256577
0.000256607
0.000256686
0.000256722
0.000256784
0.000256788
0.000256819
0.000256861
0.000256914
0.00026008
1.43519e-05
5.27345e-05
8.98785e-05
0.000131613
0.000157586
0.000182223
0.00019769
0.000212212
0.00022124
0.000229995
0.000235332
0.00024071
0.000243794
0.000247024
0.000248696
0.000250605
0.000251506
0.000252679
0.000253183
0.0002539
0.000254162
0.000254558
0.000254656
0.000254837
0.000254872
0.000254939
0.000254945
0.000254964
0.000254951
0.000254964
0.000254969
0.000255004
0.000255002
0.000255001
0.000254927
0.000254854
0.000254757
0.000254708
0.000254699
0.000254748
0.000254844
0.000254963
0.000255104
0.000255241
0.000255383
0.000255501
0.000255615
0.000255677
0.000255748
0.000255776
0.000255856
0.000255909
0.000256005
0.000256092
0.000256137
0.000256222
0.000256206
0.000256351
0.000256333
0.000259734
1.36385e-05
5.36046e-05
9.40951e-05
0.000137435
0.000168188
0.000195127
0.000214464
0.000231072
0.000242977
0.000253305
0.000260533
0.000266881
0.000271061
0.000274857
0.000277228
0.000279533
0.000280925
0.000282435
0.000283341
0.000284406
0.000285034
0.000285805
0.000286267
0.000286868
0.000287266
0.000287779
0.000288137
0.000288558
0.00028886
0.000289183
0.000289398
0.000289558
0.000289602
0.00028952
0.000289162
0.000288693
0.0002881
0.000287502
0.000286892
0.000286359
0.00028592
0.000285641
0.000285542
0.000285596
0.000285695
0.000285822
0.000285951
0.000286136
0.000286244
0.00028645
0.00028655
0.000286759
0.000286827
0.000287071
0.000287099
0.000287535
0.000287602
0.000288526
0.000288687
0.000293308
7.55243e-05
0.000180559
0.000286682
0.000369409
0.000427023
0.000467012
0.000492837
0.000509801
0.000520018
0.000526034
0.000529126
0.00053003
0.000529613
0.00052856
0.000526594
0.000524295
0.000521714
0.000519017
0.000516214
0.000513359
0.000510438
0.000507435
0.000504418
0.000501409
0.00049846
0.000495491
0.000492525
0.00048956
0.000486718
0.000484058
0.000481627
0.000479403
0.000477336
0.000475455
0.000473743
0.000472313
0.000471103
0.000470218
0.000469518
0.00046912
0.000468847
0.000468798
0.000468801
0.000468883
0.000468945
0.00046907
0.000469065
0.000469081
0.000468953
0.000468902
0.000468702
0.000468665
0.000468394
0.000468417
0.00046796
0.000468061
0.000467113
0.000467177
0.000465057
0.000468549
0.000864143
0.00134137
0.0015033
0.001554
0.00157336
0.00157555
0.00157617
0.00157378
0.00157235
0.00156902
0.0015674
0.00156379
0.00156179
0.00155826
0.00155652
0.00155354
0.00155215
0.00154969
0.00154854
0.00154646
0.00154544
0.00154374
0.00154296
0.00154165
0.00154104
0.00153993
0.00153937
0.00153843
0.00153794
0.00153715
0.00153673
0.00153607
0.00153573
0.0015352
0.00153497
0.00153459
0.00153443
0.00153412
0.00153396
0.00153367
0.00153351
0.00153325
0.00153312
0.00153289
0.00153278
0.00153256
0.00153247
0.00153228
0.00153223
0.00153203
0.00153206
0.0015318
0.00153191
0.00153154
0.00153169
0.00153129
0.00153097
0.00153109
0.00152776
0.00154711
0.000496561
0.00111537
0.00133259
0.00141761
0.00145032
0.00146379
0.00146867
0.00147116
0.00147186
0.00147269
0.00147297
0.00147373
0.00147411
0.00147484
0.00147511
0.00147561
0.00147569
0.00147606
0.00147617
0.00147658
0.00147676
0.00147718
0.00147739
0.00147778
0.00147797
0.00147824
0.00147834
0.00147855
0.0014787
0.00147889
0.00147895
0.00147891
0.0014787
0.00147852
0.00147835
0.00147834
0.00147844
0.0014787
0.00147899
0.00147933
0.00147961
0.00147986
0.00148002
0.00148013
0.00148015
0.00148014
0.00148009
0.00148006
0.00147999
0.00147997
0.00147992
0.00147995
0.00147994
0.00148003
0.00148012
0.00148015
0.00148036
0.00147996
0.00148011
0.0014904
0.000531898
0.00111853
0.00132564
0.00140776
0.0014394
0.00145278
0.00145746
0.00145995
0.00146039
0.00146102
0.00146096
0.0014613
0.00146131
0.00146161
0.00146153
0.00146169
0.00146147
0.0014615
0.00146131
0.00146138
0.00146131
0.00146142
0.0014614
0.00146153
0.00146158
0.00146171
0.00146177
0.00146186
0.0014619
0.00146198
0.00146206
0.00146218
0.00146226
0.00146234
0.00146232
0.00146228
0.00146219
0.00146215
0.00146215
0.00146225
0.0014624
0.00146261
0.00146282
0.00146302
0.00146319
0.00146332
0.0014634
0.00146343
0.00146342
0.00146339
0.00146338
0.00146338
0.00146341
0.00146343
0.00146339
0.00146338
0.00146317
0.00146334
0.00146293
0.00147116
0.000499952
0.00111089
0.00132369
0.00140765
0.0014399
0.00145344
0.00145817
0.00146067
0.00146112
0.00146174
0.00146166
0.00146198
0.00146195
0.0014622
0.00146207
0.00146218
0.0014619
0.00146187
0.00146162
0.00146161
0.00146147
0.00146148
0.00146139
0.00146139
0.00146135
0.00146139
0.00146137
0.00146138
0.00146131
0.00146128
0.00146124
0.00146129
0.00146132
0.0014614
0.00146139
0.00146134
0.00146119
0.00146106
0.00146095
0.00146096
0.00146106
0.00146126
0.00146147
0.00146165
0.00146178
0.00146184
0.00146185
0.0014618
0.00146173
0.0014616
0.00146151
0.00146139
0.0014614
0.00146141
0.00146146
0.00146147
0.00146138
0.00146134
0.00146109
0.00146815
0.000519247
0.00111492
0.00132453
0.00140751
0.00143942
0.00145285
0.00145752
0.00145998
0.00146041
0.00146101
0.00146092
0.00146122
0.00146119
0.00146144
0.00146132
0.00146141
0.00146113
0.00146109
0.00146083
0.00146081
0.00146066
0.00146065
0.00146055
0.00146054
0.0014605
0.00146053
0.00146049
0.0014605
0.0014604
0.00146037
0.00146031
0.00146035
0.00146038
0.00146046
0.00146045
0.00146039
0.00146023
0.00146007
0.00145995
0.00145994
0.00146006
0.00146027
0.0014605
0.00146071
0.00146084
0.00146089
0.00146088
0.00146081
0.00146071
0.00146056
0.00146043
0.00146028
0.00146025
0.00146023
0.00146026
0.00146031
0.00146018
0.00146017
0.00145987
0.00146637
0.000508975
0.00111256
0.00132404
0.00140761
0.00143973
0.00145322
0.00145792
0.0014604
0.00146083
0.00146144
0.00146135
0.00146165
0.00146162
0.00146188
0.00146176
0.00146186
0.00146158
0.00146153
0.00146127
0.00146123
0.00146107
0.00146106
0.00146096
0.00146095
0.0014609
0.00146093
0.00146089
0.0014609
0.0014608
0.00146077
0.00146071
0.00146075
0.00146078
0.00146086
0.00146085
0.00146079
0.00146063
0.00146046
0.00146034
0.00146035
0.00146046
0.00146067
0.0014609
0.00146109
0.00146122
0.00146126
0.00146125
0.00146118
0.00146108
0.00146092
0.00146079
0.00146064
0.00146061
0.0014606
0.00146065
0.00146071
0.00146062
0.00146058
0.00146035
0.00146679
0.000508975
0.00111256
0.00132404
0.00140761
0.00143973
0.00145322
0.00145792
0.0014604
0.00146083
0.00146144
0.00146135
0.00146165
0.00146162
0.00146188
0.00146176
0.00146186
0.00146158
0.00146153
0.00146127
0.00146123
0.00146107
0.00146106
0.00146096
0.00146095
0.0014609
0.00146093
0.00146089
0.0014609
0.0014608
0.00146077
0.00146071
0.00146075
0.00146078
0.00146086
0.00146085
0.00146079
0.00146063
0.00146047
0.00146034
0.00146035
0.00146046
0.00146067
0.0014609
0.00146109
0.00146122
0.00146126
0.00146125
0.00146118
0.00146108
0.00146092
0.00146079
0.00146064
0.00146061
0.0014606
0.00146065
0.00146071
0.00146062
0.00146058
0.00146035
0.00146679
0.000519248
0.00111492
0.00132453
0.00140751
0.00143942
0.00145285
0.00145752
0.00145998
0.00146041
0.00146101
0.00146092
0.00146122
0.00146119
0.00146144
0.00146132
0.00146141
0.00146113
0.00146109
0.00146083
0.00146081
0.00146066
0.00146065
0.00146055
0.00146054
0.0014605
0.00146053
0.00146049
0.0014605
0.0014604
0.00146037
0.00146031
0.00146035
0.00146038
0.00146046
0.00146045
0.00146039
0.00146023
0.00146007
0.00145995
0.00145994
0.00146006
0.00146027
0.0014605
0.00146071
0.00146084
0.00146089
0.00146088
0.00146081
0.00146071
0.00146056
0.00146043
0.00146028
0.00146025
0.00146023
0.00146026
0.00146031
0.00146019
0.00146016
0.00145989
0.00146634
0.000499952
0.00111089
0.00132369
0.00140765
0.0014399
0.00145344
0.00145817
0.00146067
0.00146112
0.00146174
0.00146166
0.00146198
0.00146195
0.0014622
0.00146207
0.00146218
0.0014619
0.00146187
0.00146162
0.00146161
0.00146147
0.00146148
0.00146139
0.00146139
0.00146135
0.00146139
0.00146137
0.00146138
0.00146131
0.00146128
0.00146124
0.00146128
0.00146132
0.0014614
0.00146139
0.00146134
0.00146119
0.00146106
0.00146095
0.00146096
0.00146106
0.00146126
0.00146147
0.00146165
0.00146178
0.00146184
0.00146185
0.0014618
0.00146173
0.00146159
0.0014615
0.00146138
0.0014614
0.0014614
0.00146147
0.00146146
0.00146139
0.00146131
0.00146113
0.00146805
0.000531898
0.00111853
0.00132564
0.00140776
0.0014394
0.00145278
0.00145746
0.00145995
0.00146039
0.00146102
0.00146096
0.0014613
0.00146131
0.00146161
0.00146153
0.00146169
0.00146147
0.0014615
0.00146131
0.00146139
0.00146131
0.00146142
0.0014614
0.00146153
0.00146158
0.00146171
0.00146177
0.00146186
0.0014619
0.00146198
0.00146206
0.00146218
0.00146226
0.00146234
0.00146232
0.00146228
0.00146219
0.00146215
0.00146215
0.00146225
0.0014624
0.00146261
0.00146282
0.00146302
0.00146319
0.00146332
0.0014634
0.00146343
0.00146341
0.00146338
0.00146338
0.00146337
0.00146341
0.00146342
0.00146341
0.00146336
0.00146321
0.00146328
0.001463
0.00147093
0.000496561
0.00111537
0.00133259
0.00141761
0.00145032
0.00146379
0.00146867
0.00147116
0.00147186
0.00147269
0.00147297
0.00147373
0.00147411
0.00147484
0.00147511
0.00147561
0.00147569
0.00147606
0.00147617
0.00147658
0.00147676
0.00147718
0.00147739
0.00147778
0.00147797
0.00147824
0.00147834
0.00147855
0.0014787
0.00147889
0.00147895
0.00147891
0.0014787
0.00147852
0.00147834
0.00147834
0.00147843
0.00147869
0.00147899
0.00147932
0.00147961
0.00147986
0.00148002
0.00148013
0.00148015
0.00148014
0.00148009
0.00148005
0.00147999
0.00147996
0.00147992
0.00147994
0.00147995
0.00148001
0.00148012
0.00148008
0.00148041
0.00147986
0.00148025
0.00148997
0.000864143
0.00134137
0.0015033
0.001554
0.00157336
0.00157555
0.00157617
0.00157378
0.00157235
0.00156902
0.0015674
0.00156379
0.00156179
0.00155826
0.00155652
0.00155354
0.00155215
0.00154969
0.00154854
0.00154646
0.00154544
0.00154374
0.00154296
0.00154165
0.00154104
0.00153993
0.00153937
0.00153843
0.00153794
0.00153715
0.00153673
0.00153607
0.00153573
0.0015352
0.00153497
0.00153459
0.00153443
0.00153412
0.00153397
0.00153367
0.00153352
0.00153326
0.00153312
0.00153289
0.00153278
0.00153257
0.00153248
0.00153228
0.00153224
0.00153204
0.00153208
0.00153182
0.00153194
0.00153156
0.00153175
0.0015313
0.00153111
0.00153102
0.00152818
0.00154641
0.00418623
0.00406036
0.00401392
0.00400558
0.00400092
0.00399965
0.00399753
0.00399685
0.00399548
0.00399503
0.00399397
0.00399372
0.00399309
0.00399323
0.00399304
0.00399338
0.00399326
0.00399342
0.00399315
0.00399307
0.00399267
0.00399249
0.00399206
0.00399184
0.0039914
0.00399111
0.00399063
0.00399031
0.00398987
0.00398957
0.00398914
0.00398875
0.0039882
0.00398772
0.00398715
0.00398666
0.0039861
0.00398562
0.00398511
0.0039847
0.0039843
0.00398402
0.00398373
0.00398352
0.00398321
0.00398282
0.00398236
0.00398219
0.00398208
0.00398224
0.00398241
0.00398257
0.0039829
0.00398267
0.00398317
0.00398228
0.00398373
0.00398249
0.0039846
0.00401797
0.0026082
0.00216929
0.00193814
0.00185812
0.00183294
0.00181546
0.00179989
0.00178408
0.00176716
0.00175101
0.0017353
0.00172122
0.0017089
0.00169813
0.0016894
0.00168166
0.00167581
0.00167048
0.0016667
0.00166306
0.00166059
0.00165799
0.00165625
0.00165425
0.00165289
0.00165126
0.00165015
0.00164879
0.00164781
0.00164656
0.00164559
0.00164439
0.00164344
0.00164237
0.00164153
0.00164062
0.0016399
0.00163912
0.0016385
0.00163787
0.00163748
0.00163726
0.00163715
0.00163678
0.00163617
0.00163585
0.00163567
0.00163558
0.00163556
0.00163557
0.00163561
0.00163563
0.0016364
0.00163594
0.00164153
0.00163849
0.00165842
0.00164873
0.00170054
0.00175998
0.00251809
0.00205048
0.0017315
0.00160781
0.00155961
0.00154099
0.00153308
0.00153002
0.00152808
0.00152722
0.00152635
0.00152597
0.00152569
0.00152556
0.00152551
0.00152561
0.00152556
0.00152559
0.00152549
0.00152549
0.00152543
0.00152547
0.00152548
0.00152555
0.00152558
0.00152562
0.00152566
0.00152569
0.0015257
0.0015257
0.00152564
0.00152558
0.00152549
0.00152542
0.00152534
0.00152527
0.00152514
0.00152498
0.00152474
0.00152449
0.00152424
0.00152405
0.00152392
0.00152386
0.00152382
0.0015238
0.00152377
0.00152373
0.00152368
0.00152364
0.0015236
0.00152357
0.0015235
0.00152352
0.0015235
0.00152364
0.00152389
0.00152415
0.001525
0.00153654
0.00251711
0.00204508
0.00172097
0.00159472
0.00154466
0.00152554
0.001518
0.00151569
0.0015153
0.00151548
0.00151592
0.00151683
0.0015175
0.00151849
0.00151918
0.00152001
0.0015205
0.00152105
0.00152134
0.00152174
0.00152197
0.00152235
0.00152262
0.001523
0.00152327
0.00152361
0.00152386
0.00152417
0.00152441
0.00152468
0.00152486
0.00152504
0.00152516
0.00152528
0.00152542
0.00152556
0.00152569
0.00152578
0.00152579
0.00152572
0.00152555
0.00152536
0.00152516
0.00152504
0.00152498
0.001525
0.00152504
0.00152515
0.00152523
0.00152534
0.00152537
0.00152545
0.00152546
0.00152546
0.0015254
0.00152542
0.0015254
0.00152545
0.00152583
0.00153383
0.0025169
0.00204466
0.00172032
0.00159394
0.00154374
0.00152453
0.00151694
0.00151462
0.00151425
0.00151446
0.00151493
0.00151591
0.00151663
0.00151768
0.00151841
0.00151929
0.00151982
0.00152042
0.00152075
0.0015212
0.00152149
0.00152194
0.00152227
0.00152272
0.00152305
0.00152346
0.00152378
0.00152416
0.00152448
0.00152483
0.00152509
0.00152535
0.00152553
0.00152574
0.00152593
0.00152616
0.00152639
0.00152657
0.00152667
0.00152667
0.00152659
0.00152644
0.00152624
0.00152613
0.00152608
0.00152615
0.00152626
0.00152643
0.00152656
0.00152671
0.00152681
0.00152691
0.00152699
0.00152702
0.00152701
0.00152702
0.00152702
0.00152706
0.00152752
0.00153529
0.00251718
0.00204415
0.0017195
0.00159316
0.00154314
0.00152405
0.00151654
0.00151425
0.00151389
0.0015141
0.00151457
0.00151555
0.00151628
0.00151733
0.00151806
0.00151893
0.00151944
0.00152004
0.00152037
0.00152083
0.00152114
0.0015216
0.00152195
0.00152241
0.00152276
0.00152318
0.00152352
0.00152393
0.00152426
0.00152464
0.00152491
0.00152519
0.00152539
0.00152563
0.00152585
0.00152612
0.00152636
0.00152659
0.0015267
0.00152672
0.00152664
0.00152652
0.00152633
0.00152624
0.00152622
0.00152631
0.00152644
0.00152663
0.00152679
0.00152697
0.0015271
0.00152723
0.00152734
0.00152738
0.00152743
0.0015274
0.0015275
0.00152746
0.00152805
0.00153568
0.00251718
0.00204415
0.0017195
0.00159316
0.00154314
0.00152405
0.00151654
0.00151425
0.00151389
0.0015141
0.00151457
0.00151555
0.00151628
0.00151733
0.00151806
0.00151893
0.00151944
0.00152004
0.00152037
0.00152083
0.00152114
0.0015216
0.00152195
0.00152241
0.00152276
0.00152318
0.00152352
0.00152393
0.00152426
0.00152464
0.00152491
0.00152519
0.00152539
0.00152563
0.00152585
0.00152612
0.00152637
0.00152659
0.0015267
0.00152672
0.00152664
0.00152652
0.00152633
0.00152624
0.00152622
0.00152631
0.00152644
0.00152663
0.00152679
0.00152697
0.0015271
0.00152723
0.00152734
0.00152738
0.00152743
0.00152741
0.00152751
0.00152746
0.00152806
0.00153568
0.0025169
0.00204466
0.00172032
0.00159394
0.00154374
0.00152453
0.00151694
0.00151462
0.00151425
0.00151446
0.00151493
0.00151591
0.00151663
0.00151768
0.00151841
0.00151929
0.00151982
0.00152042
0.00152075
0.0015212
0.00152149
0.00152194
0.00152227
0.00152272
0.00152305
0.00152346
0.00152378
0.00152416
0.00152448
0.00152483
0.00152509
0.00152535
0.00152553
0.00152574
0.00152593
0.00152617
0.00152639
0.00152657
0.00152667
0.00152667
0.00152659
0.00152644
0.00152625
0.00152613
0.00152608
0.00152615
0.00152626
0.00152643
0.00152656
0.00152671
0.00152682
0.00152692
0.00152699
0.00152702
0.00152702
0.00152702
0.00152704
0.00152705
0.00152755
0.00153526
0.00251711
0.00204508
0.00172097
0.00159472
0.00154466
0.00152554
0.001518
0.00151569
0.0015153
0.00151548
0.00151592
0.00151683
0.0015175
0.00151849
0.00151918
0.00152001
0.0015205
0.00152105
0.00152134
0.00152173
0.00152197
0.00152235
0.00152262
0.001523
0.00152327
0.00152361
0.00152386
0.00152417
0.00152441
0.00152468
0.00152486
0.00152504
0.00152516
0.00152528
0.00152542
0.00152556
0.00152569
0.00152578
0.00152579
0.00152572
0.00152555
0.00152536
0.00152516
0.00152504
0.00152497
0.001525
0.00152504
0.00152516
0.00152523
0.00152535
0.00152537
0.00152546
0.00152546
0.00152547
0.00152543
0.00152542
0.00152543
0.00152544
0.00152591
0.00153376
0.00251809
0.00205048
0.0017315
0.00160781
0.00155961
0.00154099
0.00153308
0.00153002
0.00152808
0.00152722
0.00152635
0.00152597
0.00152569
0.00152556
0.00152551
0.00152561
0.00152556
0.00152559
0.00152549
0.00152549
0.00152543
0.00152547
0.00152548
0.00152555
0.00152558
0.00152562
0.00152566
0.00152569
0.0015257
0.0015257
0.00152564
0.00152558
0.00152549
0.00152542
0.00152534
0.00152527
0.00152514
0.00152498
0.00152474
0.00152449
0.00152424
0.00152405
0.00152392
0.00152386
0.00152382
0.0015238
0.00152377
0.00152373
0.00152368
0.00152365
0.00152361
0.00152358
0.00152351
0.00152352
0.00152352
0.00152361
0.00152393
0.00152408
0.00152512
0.0015363
0.0026082
0.00216929
0.00193814
0.00185812
0.00183294
0.00181546
0.00179989
0.00178408
0.00176716
0.00175101
0.0017353
0.00172122
0.0017089
0.00169813
0.0016894
0.00168166
0.00167581
0.00167048
0.0016667
0.00166306
0.00166059
0.00165799
0.00165625
0.00165425
0.00165289
0.00165126
0.00165015
0.00164879
0.00164781
0.00164656
0.00164559
0.00164439
0.00164344
0.00164236
0.00164153
0.00164062
0.0016399
0.00163912
0.00163849
0.00163786
0.00163747
0.00163725
0.00163714
0.00163677
0.00163617
0.00163585
0.00163567
0.00163558
0.00163556
0.00163557
0.00163562
0.00163562
0.00163635
0.00163591
0.00164145
0.0016383
0.00165821
0.00164839
0.00169995
0.00175881
0.00418623
0.00406036
0.00401392
0.00400558
0.00400092
0.00399965
0.00399753
0.00399685
0.00399548
0.00399503
0.00399397
0.00399372
0.00399309
0.00399323
0.00399304
0.00399338
0.00399326
0.00399342
0.00399315
0.00399307
0.00399267
0.00399249
0.00399206
0.00399184
0.0039914
0.00399111
0.00399063
0.00399031
0.00398987
0.00398957
0.00398914
0.00398875
0.00398821
0.00398772
0.00398715
0.00398666
0.0039861
0.00398562
0.00398511
0.0039847
0.0039843
0.00398402
0.00398373
0.00398352
0.00398321
0.00398282
0.00398236
0.00398218
0.00398208
0.00398224
0.00398239
0.00398256
0.0039829
0.00398267
0.00398315
0.00398234
0.00398368
0.00398262
0.00398445
0.00401779
0.0458994
0.0459578
0.0459555
0.0459468
0.0459443
0.0459368
0.0459341
0.0459268
0.0459242
0.0459173
0.0459147
0.0459078
0.0459048
0.0458975
0.0458938
0.0458859
0.0458816
0.0458733
0.0458686
0.0458596
0.0458538
0.0458435
0.0458362
0.0458242
0.0458151
0.0458012
0.0457905
0.045775
0.0457625
0.0457457
0.0457314
0.0457129
0.0456967
0.0456771
0.0456596
0.0456404
0.0456228
0.0456051
0.0455882
0.0455722
0.0455563
0.0455413
0.0455258
0.0455109
0.0454959
0.0454807
0.0454663
0.0454508
0.0454367
0.045421
0.0454067
0.0453906
0.0453755
0.0453592
0.045343
0.0453268
0.0453105
0.0452948
0.0452772
0.0452602
0.028626
0.0289575
0.0289435
0.0289365
0.0289278
0.0289247
0.0289177
0.0289151
0.0289087
0.0289063
0.0289003
0.0288978
0.0288919
0.028889
0.0288829
0.0288796
0.0288734
0.0288698
0.0288636
0.0288594
0.0288528
0.0288479
0.0288407
0.0288348
0.028827
0.02882
0.0288117
0.028804
0.0287953
0.028787
0.0287779
0.0287692
0.0287596
0.0287508
0.0287412
0.0287333
0.0287244
0.0287179
0.0287101
0.028705
0.0286981
0.0286939
0.0286873
0.0286832
0.0286767
0.0286723
0.0286657
0.0286607
0.0286539
0.0286482
0.0286409
0.0286344
0.0286263
0.0286192
0.0286102
0.0286028
0.0285933
0.0285858
0.028574
0.028565
0.0232259
0.0238226
0.0238061
0.0238013
0.0237832
0.0237815
0.0237666
0.0237656
0.023752
0.0237513
0.0237386
0.0237378
0.0237257
0.0237245
0.0237127
0.023711
0.0236996
0.0236975
0.0236865
0.0236838
0.0236728
0.0236694
0.0236584
0.0236542
0.0236431
0.0236381
0.0236271
0.0236217
0.023611
0.0236054
0.023595
0.0235893
0.0235793
0.023574
0.0235647
0.0235605
0.0235526
0.02355
0.0235436
0.0235426
0.0235373
0.0235372
0.0235325
0.0235327
0.0235283
0.0235282
0.023524
0.0235234
0.023519
0.0235177
0.0235129
0.0235108
0.0235052
0.0235023
0.0234958
0.0234924
0.0234853
0.0234815
0.0234733
0.0234645
0.0221516
0.0229361
0.0229329
0.0229313
0.0229059
0.0229039
0.022882
0.0228807
0.0228607
0.0228598
0.0228412
0.0228402
0.0228226
0.0228211
0.0228042
0.0228022
0.0227859
0.0227834
0.0227678
0.0227648
0.0227495
0.0227457
0.0227306
0.0227261
0.0227114
0.0227062
0.0226919
0.0226864
0.0226728
0.0226673
0.0226545
0.0226491
0.0226371
0.0226323
0.0226214
0.022618
0.0226088
0.0226071
0.0225996
0.0225996
0.0225934
0.0225944
0.0225889
0.0225901
0.022585
0.0225859
0.0225812
0.0225815
0.0225768
0.0225765
0.0225715
0.0225704
0.0225648
0.0225629
0.0225566
0.0225542
0.0225475
0.0225447
0.0225376
0.0225282
0.0220248
0.0229016
0.0229144
0.0229159
0.0228857
0.0228826
0.0228557
0.0228535
0.022829
0.0228273
0.0228046
0.0228028
0.0227813
0.0227792
0.0227585
0.0227559
0.0227361
0.022733
0.022714
0.0227103
0.0226919
0.0226875
0.0226695
0.0226644
0.0226469
0.0226412
0.0226244
0.0226185
0.0226028
0.022597
0.0225822
0.0225767
0.0225631
0.0225583
0.0225461
0.0225428
0.0225325
0.0225311
0.0225227
0.022523
0.0225161
0.0225174
0.0225112
0.0225127
0.022507
0.0225083
0.022503
0.0225037
0.0224985
0.0224984
0.0224931
0.0224922
0.0224864
0.0224848
0.0224784
0.0224763
0.0224695
0.0224671
0.0224605
0.0224498
0.0220466
0.0229763
0.022999
0.0230029
0.0229706
0.0229669
0.0229375
0.0229347
0.0229079
0.0229056
0.0228808
0.0228785
0.022855
0.0228524
0.0228298
0.0228267
0.0228051
0.0228015
0.0227808
0.0227767
0.0227566
0.0227518
0.0227323
0.0227267
0.0227078
0.0227017
0.0226837
0.0226774
0.0226605
0.0226545
0.0226387
0.022633
0.0226184
0.0226135
0.0226006
0.0225973
0.0225864
0.0225851
0.0225762
0.0225766
0.0225692
0.0225707
0.0225641
0.0225658
0.0225597
0.0225611
0.0225555
0.0225563
0.0225509
0.022551
0.0225454
0.0225447
0.0225387
0.0225372
0.0225306
0.0225287
0.0225218
0.0225196
0.0225131
0.0225018
0.0220472
0.0229784
0.0230023
0.0230067
0.0229746
0.0229709
0.0229414
0.0229386
0.0229117
0.0229095
0.0228845
0.0228823
0.0228587
0.022856
0.0228334
0.0228303
0.0228086
0.022805
0.0227843
0.0227802
0.02276
0.0227552
0.0227356
0.02273
0.0227111
0.022705
0.0226869
0.0226806
0.0226636
0.0226576
0.0226418
0.022636
0.0226215
0.0226166
0.0226036
0.0226003
0.0225894
0.022588
0.0225791
0.0225795
0.0225721
0.0225735
0.0225669
0.0225686
0.0225625
0.0225639
0.0225582
0.0225591
0.0225536
0.0225537
0.0225481
0.0225474
0.0225413
0.0225399
0.0225333
0.0225314
0.0225245
0.0225222
0.0225158
0.0225045
0.0220264
0.0229085
0.0229235
0.022926
0.0228963
0.0228933
0.0228662
0.022864
0.0228393
0.0228375
0.0228146
0.0228129
0.0227912
0.022789
0.0227682
0.0227655
0.0227455
0.0227424
0.0227233
0.0227196
0.022701
0.0226966
0.0226784
0.0226733
0.0226557
0.0226499
0.0226331
0.0226271
0.0226112
0.0226054
0.0225906
0.022585
0.0225712
0.0225664
0.0225541
0.0225508
0.0225404
0.022539
0.0225305
0.0225308
0.0225238
0.022525
0.0225188
0.0225203
0.0225145
0.0225157
0.0225104
0.022511
0.0225058
0.0225057
0.0225003
0.0224994
0.0224935
0.0224919
0.0224854
0.0224833
0.0224765
0.022474
0.0224674
0.0224568
0.0221527
0.0229441
0.0229442
0.0229441
0.0229194
0.0229174
0.0228952
0.0228939
0.0228736
0.0228726
0.0228538
0.0228527
0.0228349
0.0228334
0.0228162
0.0228141
0.0227976
0.0227951
0.0227793
0.0227762
0.0227607
0.0227569
0.0227417
0.0227371
0.0227221
0.0227169
0.0227024
0.0226969
0.0226832
0.0226776
0.0226646
0.0226592
0.022647
0.0226422
0.0226312
0.0226277
0.0226183
0.0226166
0.022609
0.0226089
0.0226027
0.0226035
0.022598
0.0225991
0.0225939
0.0225948
0.0225899
0.0225902
0.0225854
0.022585
0.02258
0.0225788
0.0225731
0.0225712
0.0225648
0.0225623
0.0225555
0.0225526
0.0225456
0.0225363
0.0232215
0.0238252
0.0238116
0.0238081
0.0237907
0.0237893
0.023774
0.0237731
0.0237591
0.0237584
0.0237455
0.0237447
0.0237323
0.0237311
0.0237191
0.0237174
0.0237058
0.0237036
0.0236924
0.0236897
0.0236786
0.0236751
0.0236639
0.0236597
0.0236484
0.0236434
0.0236323
0.0236268
0.023616
0.0236104
0.0235998
0.0235941
0.023584
0.0235786
0.0235692
0.023565
0.0235569
0.0235543
0.0235477
0.0235467
0.0235413
0.0235412
0.0235364
0.0235365
0.023532
0.0235319
0.0235276
0.023527
0.0235225
0.0235212
0.0235163
0.0235142
0.0235085
0.0235057
0.0234991
0.0234957
0.0234885
0.0234847
0.0234765
0.023468
0.0286218
0.0289605
0.0289489
0.0289432
0.0289352
0.0289322
0.0289251
0.0289225
0.0289159
0.0289135
0.0289074
0.0289049
0.0288988
0.028896
0.0288898
0.0288865
0.0288802
0.0288765
0.0288702
0.0288661
0.0288594
0.0288545
0.0288472
0.0288413
0.0288334
0.0288264
0.028818
0.0288103
0.0288014
0.0287932
0.0287839
0.0287752
0.0287655
0.0287566
0.0287469
0.0287389
0.0287299
0.0287233
0.0287154
0.0287103
0.0287032
0.0286991
0.0286923
0.0286883
0.0286817
0.0286773
0.0286707
0.0286658
0.028659
0.0286534
0.028646
0.0286397
0.0286316
0.0286246
0.0286156
0.0286083
0.0285989
0.0285915
0.0285797
0.028571
0.0459479
0.0460224
0.0460261
0.046019
0.0460172
0.04601
0.0460074
0.0460001
0.0459974
0.0459905
0.0459879
0.045981
0.045978
0.0459706
0.0459668
0.0459588
0.0459545
0.0459461
0.0459413
0.0459322
0.0459262
0.0459158
0.0459083
0.045896
0.0458867
0.0458725
0.0458614
0.0458455
0.0458327
0.0458153
0.0458005
0.0457815
0.0457647
0.0457445
0.0457263
0.0457065
0.0456883
0.0456701
0.0456527
0.0456363
0.0456198
0.0456046
0.0455887
0.0455736
0.0455582
0.0455429
0.0455283
0.0455128
0.0454985
0.0454827
0.0454683
0.0454521
0.0454368
0.0454203
0.0454039
0.0453876
0.045371
0.0453553
0.0453376
0.0453205
0.0219125
0.0220596
0.0220491
0.0220471
0.0220421
0.022041
0.0220367
0.0220353
0.0220312
0.0220298
0.022026
0.0220245
0.0220207
0.0220189
0.0220149
0.0220127
0.0220087
0.0220063
0.0220023
0.0219995
0.0219953
0.0219919
0.0219873
0.0219833
0.0219783
0.0219736
0.0219684
0.0219634
0.021958
0.0219528
0.0219473
0.021942
0.0219363
0.0219312
0.0219257
0.0219214
0.0219165
0.0219135
0.0219093
0.0219074
0.0219036
0.0219021
0.0218981
0.0218964
0.0218921
0.0218898
0.0218853
0.0218823
0.0218776
0.0218739
0.0218687
0.0218644
0.0218586
0.0218537
0.0218471
0.0218421
0.0218351
0.0218304
0.0218224
0.0218177
0.0217969
0.0222055
0.0222044
0.0222011
0.0221962
0.0221942
0.0221896
0.0221874
0.0221829
0.0221806
0.0221761
0.0221736
0.0221691
0.0221662
0.0221614
0.0221581
0.0221531
0.0221494
0.0221443
0.0221401
0.0221346
0.0221297
0.0221234
0.0221176
0.0221106
0.0221036
0.0220958
0.022088
0.0220794
0.0220708
0.0220616
0.0220522
0.0220423
0.0220324
0.0220221
0.0220126
0.0220027
0.0219942
0.0219852
0.0219779
0.02197
0.0219636
0.0219566
0.0219507
0.0219442
0.0219385
0.0219324
0.0219266
0.0219206
0.0219148
0.0219085
0.0219024
0.0218957
0.0218894
0.0218822
0.0218759
0.0218683
0.0218622
0.0218542
0.0218485
0.020988
0.0216073
0.0216239
0.0216206
0.0216165
0.0216131
0.021609
0.0216056
0.0216015
0.0215981
0.021594
0.0215904
0.0215861
0.0215823
0.0215776
0.0215734
0.0215686
0.021564
0.021559
0.021554
0.0215485
0.0215428
0.0215366
0.0215299
0.0215228
0.0215151
0.0215071
0.0214984
0.0214895
0.02148
0.0214702
0.0214598
0.0214491
0.021438
0.0214267
0.0214157
0.0214046
0.0213944
0.021384
0.0213748
0.0213653
0.0213569
0.0213483
0.0213403
0.0213323
0.0213245
0.021317
0.0213093
0.0213021
0.0212945
0.0212873
0.0212798
0.0212723
0.0212648
0.0212569
0.0212495
0.0212416
0.0212346
0.0212265
0.0212155
0.0207556
0.0214507
0.0214783
0.021476
0.0214726
0.0214686
0.0214651
0.0214612
0.0214576
0.0214538
0.0214502
0.0214464
0.0214426
0.0214384
0.0214343
0.0214298
0.0214254
0.0214206
0.0214161
0.0214109
0.0214058
0.0213999
0.0213941
0.0213873
0.0213806
0.0213727
0.0213651
0.0213563
0.0213478
0.0213381
0.0213287
0.0213181
0.0213077
0.0212965
0.0212855
0.0212744
0.0212635
0.021253
0.0212428
0.0212333
0.0212239
0.0212152
0.0212065
0.0211983
0.0211901
0.021182
0.0211744
0.0211664
0.021159
0.0211511
0.0211437
0.0211358
0.0211282
0.0211203
0.0211124
0.0211047
0.0210967
0.0210894
0.0210814
0.0210708
0.0206244
0.0213555
0.0213928
0.021392
0.0213895
0.0213856
0.0213824
0.0213785
0.0213752
0.0213715
0.0213682
0.0213644
0.0213609
0.0213568
0.021353
0.0213485
0.0213445
0.0213398
0.0213355
0.0213304
0.0213256
0.0213199
0.0213144
0.0213077
0.0213013
0.0212935
0.0212862
0.0212776
0.0212693
0.0212599
0.0212507
0.0212404
0.0212303
0.0212193
0.0212085
0.0211976
0.021187
0.0211767
0.0211667
0.0211575
0.0211483
0.0211398
0.0211313
0.0211232
0.0211153
0.0211073
0.0210999
0.021092
0.0210848
0.0210769
0.0210697
0.0210619
0.0210544
0.0210466
0.0210387
0.0210311
0.0210231
0.0210159
0.021008
0.020996
0.0206262
0.0213562
0.021394
0.0213933
0.0213906
0.0213866
0.0213834
0.0213796
0.0213765
0.0213728
0.0213697
0.021366
0.0213627
0.0213586
0.021355
0.0213507
0.0213468
0.0213422
0.0213381
0.021333
0.0213284
0.0213227
0.0213174
0.0213107
0.0213045
0.0212968
0.0212896
0.0212811
0.021273
0.0212636
0.0212546
0.0212443
0.0212343
0.0212234
0.0212127
0.0212019
0.0211914
0.0211812
0.0211713
0.0211622
0.0211531
0.0211447
0.0211363
0.0211283
0.0211205
0.0211126
0.0211052
0.0210974
0.0210902
0.0210825
0.0210753
0.0210675
0.0210601
0.0210523
0.0210445
0.0210369
0.021029
0.0210218
0.0210141
0.0210025
0.0206257
0.0213555
0.0213936
0.0213933
0.0213909
0.021387
0.0213839
0.02138
0.0213769
0.0213732
0.0213701
0.0213663
0.021363
0.021359
0.0213554
0.021351
0.0213472
0.0213425
0.0213384
0.0213334
0.0213288
0.0213231
0.0213177
0.0213111
0.0213048
0.0212972
0.0212899
0.0212814
0.0212733
0.0212639
0.0212548
0.0212446
0.0212346
0.0212236
0.021213
0.0212022
0.0211916
0.0211815
0.0211716
0.0211624
0.0211533
0.021145
0.0211366
0.0211285
0.0211207
0.0211128
0.0211054
0.0210976
0.0210904
0.0210827
0.0210755
0.0210677
0.0210603
0.0210525
0.0210447
0.0210371
0.0210292
0.0210219
0.0210143
0.0210027
0.0206238
0.0213553
0.0213938
0.0213942
0.0213923
0.0213887
0.0213855
0.0213816
0.0213783
0.0213745
0.0213712
0.0213674
0.0213639
0.0213597
0.0213559
0.0213515
0.0213474
0.0213427
0.0213384
0.0213333
0.0213285
0.0213227
0.0213172
0.0213105
0.0213041
0.0212963
0.021289
0.0212803
0.0212721
0.0212626
0.0212534
0.0212431
0.0212329
0.0212219
0.0212112
0.0212002
0.0211896
0.0211794
0.0211693
0.0211601
0.0211509
0.0211424
0.0211339
0.0211258
0.0211179
0.0211099
0.0211024
0.0210945
0.0210873
0.0210795
0.0210722
0.0210644
0.0210569
0.021049
0.0210412
0.0210335
0.0210256
0.0210183
0.0210106
0.0209985
0.0207532
0.0214497
0.021479
0.0214786
0.0214761
0.0214724
0.0214689
0.021465
0.0214613
0.0214575
0.0214538
0.0214499
0.0214461
0.0214419
0.0214377
0.0214332
0.0214288
0.021424
0.0214194
0.0214142
0.021409
0.0214032
0.0213973
0.0213905
0.0213837
0.0213759
0.0213682
0.0213594
0.0213508
0.0213412
0.0213317
0.0213212
0.0213108
0.0212996
0.0212885
0.0212774
0.0212664
0.021256
0.0212457
0.0212363
0.0212268
0.0212182
0.0212094
0.0212012
0.021193
0.0211849
0.0211772
0.0211692
0.0211618
0.0211539
0.0211465
0.0211386
0.021131
0.0211231
0.0211151
0.0211075
0.0210995
0.0210921
0.0210844
0.0210736
0.020985
0.0216098
0.0216293
0.0216278
0.0216246
0.0216214
0.0216172
0.0216138
0.0216095
0.0216061
0.0216018
0.0215982
0.0215938
0.02159
0.0215852
0.021581
0.0215761
0.0215715
0.0215664
0.0215614
0.0215559
0.0215501
0.0215439
0.0215372
0.0215301
0.0215223
0.0215142
0.0215055
0.0214966
0.0214871
0.0214773
0.0214668
0.0214561
0.021445
0.0214337
0.0214227
0.0214116
0.0214013
0.0213909
0.0213817
0.0213722
0.0213638
0.0213551
0.0213471
0.0213391
0.0213313
0.0213238
0.0213161
0.0213089
0.0213013
0.0212941
0.0212865
0.021279
0.0212715
0.0212637
0.0212563
0.0212484
0.0212413
0.0212336
0.0212225
0.0218008
0.0222215
0.0222231
0.0222214
0.022217
0.0222151
0.0222103
0.022208
0.0222033
0.0222009
0.0221963
0.0221937
0.0221891
0.0221862
0.0221812
0.0221779
0.0221728
0.0221691
0.0221639
0.0221598
0.0221541
0.0221492
0.0221429
0.022137
0.0221299
0.022123
0.0221151
0.0221072
0.0220986
0.02209
0.0220807
0.0220713
0.0220612
0.0220514
0.022041
0.0220314
0.0220215
0.0220129
0.0220038
0.0219965
0.0219885
0.0219821
0.021975
0.0219691
0.0219626
0.0219568
0.0219507
0.021945
0.021939
0.0219332
0.021927
0.0219209
0.0219143
0.0219081
0.0219008
0.0218946
0.0218871
0.0218811
0.0218735
0.0218678
0.0219534
0.0221181
0.0221104
0.0221095
0.0221044
0.0221032
0.0220985
0.022097
0.0220927
0.0220912
0.0220872
0.0220857
0.0220817
0.0220798
0.0220757
0.0220735
0.0220694
0.0220669
0.0220628
0.0220601
0.0220557
0.0220523
0.0220476
0.0220435
0.0220383
0.0220336
0.0220282
0.0220231
0.0220175
0.0220123
0.0220065
0.0220011
0.0219951
0.0219898
0.021984
0.0219797
0.0219745
0.0219714
0.021967
0.021965
0.021961
0.0219595
0.0219554
0.0219537
0.0219494
0.0219471
0.0219426
0.0219397
0.021935
0.0219314
0.0219263
0.021922
0.0219162
0.0219114
0.0219048
0.0218999
0.0218929
0.0218883
0.0218807
0.0218759
0.00832459
0.00843666
0.00840238
0.00840787
0.00839905
0.0084114
0.00840316
0.008414
0.00840506
0.00841427
0.00840497
0.00841273
0.00840323
0.00840975
0.00840025
0.00840579
0.00839655
0.00840136
0.00839254
0.00839674
0.00838835
0.00839206
0.00838425
0.00838767
0.0083807
0.00838413
0.00837833
0.00838217
0.00837783
0.00838243
0.00837974
0.00838536
0.0083845
0.00839155
0.00839275
0.00840169
0.00840495
0.00841581
0.00842069
0.00843303
0.0084388
0.00845186
0.00845777
0.00847085
0.00847652
0.0084891
0.00849434
0.00850607
0.00851067
0.00852134
0.00852511
0.00853461
0.00853733
0.00854573
0.00854721
0.00855467
0.00855485
0.00856125
0.00855943
0.00856409
0.00873471
0.0092817
0.00928707
0.00928639
0.00927739
0.00927862
0.00927012
0.00927071
0.00926197
0.00926189
0.00925314
0.00925249
0.00924375
0.00924255
0.00923383
0.00923213
0.00922351
0.00922141
0.00921291
0.00921041
0.00920194
0.00919894
0.00919042
0.00918688
0.00917826
0.00917416
0.00916545
0.00916089
0.00915213
0.0091472
0.00913843
0.00913316
0.00912441
0.00911896
0.00911041
0.00910514
0.00909712
0.00909234
0.00908511
0.00908098
0.00907462
0.00907107
0.0090655
0.00906238
0.00905751
0.00905469
0.00905044
0.00904788
0.00904407
0.00904172
0.00903821
0.00903602
0.00903264
0.0090306
0.00902726
0.00902542
0.00902215
0.00902054
0.00901698
0.00901565
0.00831445
0.00905645
0.0091032
0.00910511
0.00909945
0.00909729
0.00909176
0.00908944
0.00908373
0.00908125
0.00907552
0.00907283
0.00906707
0.00906414
0.00905834
0.00905518
0.0090494
0.00904607
0.00904033
0.00903681
0.00903101
0.00902719
0.00902123
0.00901702
0.00901086
0.00900622
0.00899982
0.00899481
0.0089882
0.00898287
0.00897603
0.00897036
0.00896328
0.00895737
0.0089502
0.00894435
0.00893738
0.00893186
0.00892535
0.00892028
0.0089143
0.00890963
0.00890413
0.00889971
0.00889467
0.00889042
0.00888581
0.00888173
0.00887745
0.00887355
0.00886952
0.00886577
0.00886187
0.00885831
0.00885448
0.00885116
0.00884753
0.00884454
0.00884103
0.00883709
0.00812386
0.00891216
0.00898404
0.00898831
0.00898521
0.00898152
0.00897765
0.00897446
0.00897063
0.00896775
0.00896412
0.00896133
0.0089578
0.008955
0.00895148
0.00894862
0.00894516
0.00894226
0.00893882
0.00893581
0.00893227
0.00892903
0.00892527
0.00892171
0.00891768
0.00891374
0.00890941
0.00890514
0.00890052
0.00889595
0.00889103
0.00888614
0.0088809
0.00887577
0.00887034
0.00886525
0.00885992
0.00885514
0.00885012
0.00884574
0.00884112
0.00883708
0.0088328
0.00882893
0.00882496
0.00882118
0.00881748
0.00881379
0.00881029
0.00880668
0.00880329
0.00879976
0.00879639
0.00879294
0.00878954
0.00878625
0.0087829
0.00877983
0.00877631
0.00877226
0.00801236
0.00879898
0.00887503
0.00888008
0.00887851
0.00887519
0.00887326
0.00887114
0.00886932
0.00886736
0.00886557
0.0088636
0.00886173
0.00885967
0.0088577
0.00885551
0.00885346
0.00885118
0.00884906
0.00884665
0.00884434
0.00884167
0.00883908
0.00883607
0.00883315
0.00882973
0.00882645
0.00882268
0.00881905
0.00881497
0.00881098
0.00880654
0.00880217
0.00879748
0.00879286
0.00878818
0.0087836
0.0087792
0.00877488
0.00877086
0.00876687
0.00876317
0.00875946
0.0087559
0.00875243
0.00874894
0.00874569
0.00874225
0.00873912
0.00873573
0.00873265
0.00872928
0.00872613
0.00872282
0.00871956
0.00871635
0.0087131
0.00871004
0.00870684
0.00870234
0.00800333
0.0087763
0.00884797
0.00885143
0.00884991
0.00884657
0.00884437
0.00884177
0.00883967
0.00883748
0.00883559
0.00883354
0.00883174
0.00882973
0.00882797
0.0088259
0.0088241
0.00882198
0.00882014
0.0088179
0.00881589
0.00881341
0.00881112
0.0088083
0.00880568
0.00880246
0.00879947
0.0087959
0.00879255
0.00878867
0.00878495
0.00878071
0.0087766
0.0087721
0.00876773
0.00876325
0.00875889
0.00875467
0.00875056
0.0087467
0.00874291
0.00873934
0.0087358
0.00873237
0.00872905
0.00872565
0.00872254
0.00871918
0.00871617
0.00871285
0.00870987
0.00870656
0.00870351
0.00870024
0.00869708
0.0086939
0.0086907
0.00868765
0.0086843
0.00867988
0.0080027
0.0087751
0.00884699
0.00885093
0.00884973
0.00884656
0.00884434
0.00884176
0.00883965
0.00883746
0.00883556
0.0088335
0.0088317
0.00882969
0.00882792
0.00882584
0.00882404
0.00882191
0.00882006
0.00881782
0.0088158
0.00881332
0.00881103
0.0088082
0.00880557
0.00880235
0.00879936
0.00879578
0.00879243
0.00878855
0.00878482
0.00878058
0.00877647
0.00877197
0.00876759
0.0087631
0.00875875
0.00875453
0.00875041
0.00874655
0.00874275
0.00873919
0.00873565
0.00873221
0.00872889
0.00872549
0.00872238
0.00871902
0.00871601
0.00871269
0.00870971
0.0087064
0.00870335
0.00870008
0.00869691
0.00869374
0.00869054
0.00868748
0.00868418
0.0086797
0.00801094
0.00879688
0.00887412
0.00888077
0.0088801
0.00887715
0.00887499
0.00887291
0.00887106
0.0088691
0.00886728
0.0088653
0.00886342
0.00886135
0.00885936
0.00885717
0.00885509
0.00885281
0.00885067
0.00884825
0.00884593
0.00884326
0.00884065
0.00883763
0.0088347
0.00883128
0.00882798
0.00882421
0.00882056
0.00881648
0.00881247
0.00880803
0.00880365
0.00879896
0.00879433
0.00878965
0.00878506
0.00878067
0.00877633
0.00877232
0.00876832
0.00876462
0.0087609
0.00875735
0.00875387
0.00875038
0.00874712
0.00874369
0.00874056
0.00873717
0.00873408
0.00873072
0.00872756
0.00872425
0.00872099
0.00871778
0.00871454
0.00871145
0.00870837
0.00870372
0.0081204
0.00890977
0.00898441
0.00899096
0.00898911
0.00898583
0.00898189
0.00897876
0.00897488
0.00897199
0.00896831
0.00896552
0.00896194
0.00895913
0.00895558
0.00895271
0.00894921
0.0089463
0.00894283
0.00893982
0.00893624
0.008933
0.00892921
0.00892564
0.00892158
0.00891764
0.00891328
0.008909
0.00890436
0.00889979
0.00889486
0.00888996
0.0088847
0.00887957
0.00887413
0.00886905
0.0088637
0.00885893
0.0088539
0.00884953
0.0088449
0.00884087
0.00883658
0.00883272
0.00882874
0.00882497
0.00882127
0.00881759
0.00881408
0.00881048
0.00880709
0.00880356
0.00880018
0.00879674
0.00879334
0.00879006
0.00878671
0.00878361
0.00878028
0.00877603
0.00831055
0.00905968
0.00911108
0.00911553
0.00911112
0.00910925
0.00910358
0.00910126
0.00909541
0.0090929
0.00908704
0.00908432
0.00907844
0.00907548
0.00906957
0.00906638
0.00906049
0.00905713
0.0090513
0.00904775
0.00904186
0.00903801
0.00903197
0.00902773
0.00902149
0.00901682
0.00901035
0.00900532
0.00899864
0.00899329
0.00898639
0.0089807
0.00897357
0.00896765
0.00896043
0.00895457
0.00894756
0.00894204
0.00893548
0.00893041
0.00892439
0.00891972
0.00891419
0.00890977
0.00890469
0.00890044
0.0088958
0.00889172
0.00888741
0.00888351
0.00887944
0.0088757
0.00887177
0.0088682
0.00886436
0.00886103
0.0088574
0.00885436
0.00885109
0.0088469
0.00873939
0.0093019
0.009312
0.00931351
0.00930512
0.00930655
0.00929776
0.00929834
0.0092893
0.0092892
0.00928016
0.00927949
0.00927048
0.00926925
0.00926028
0.00925854
0.00924968
0.00924753
0.0092388
0.00923625
0.00922756
0.00922452
0.00921578
0.00921219
0.00920338
0.00919922
0.00919033
0.00918571
0.00917677
0.00917179
0.00916285
0.00915752
0.00914861
0.00914311
0.00913441
0.00912908
0.00912092
0.00911609
0.00910872
0.00910453
0.00909804
0.00909444
0.00908874
0.00908556
0.00908057
0.00907769
0.00907332
0.00907071
0.00906679
0.00906439
0.00906078
0.00905854
0.00905508
0.009053
0.00904959
0.00904771
0.00904441
0.00904273
0.00903938
0.00903794
0.00835679
0.00848811
0.008458
0.00846514
0.00845634
0.00846898
0.00846034
0.00847135
0.00846202
0.00847137
0.0084617
0.00846959
0.00845973
0.00846634
0.00845649
0.0084621
0.00845253
0.0084574
0.00844825
0.00845248
0.00844378
0.0084475
0.00843938
0.00844278
0.00843551
0.00843891
0.00843281
0.00843659
0.00843195
0.00843648
0.00843348
0.008439
0.00843784
0.00844477
0.00844567
0.00845448
0.00845744
0.00846817
0.00847277
0.00848498
0.00849049
0.00850344
0.00850913
0.00852211
0.00852758
0.00854009
0.00854516
0.00855684
0.0085613
0.00857193
0.00857558
0.00858505
0.00858766
0.00859604
0.00859744
0.00860488
0.008605
0.00861137
0.00860968
0.00861461
0.0083246
0.00843666
0.00840238
0.00840787
0.00839905
0.0084114
0.00840316
0.008414
0.00840506
0.00841427
0.00840497
0.00841273
0.00840323
0.00840975
0.00840025
0.00840579
0.00839655
0.00840136
0.00839254
0.00839674
0.00838835
0.00839206
0.00838425
0.00838767
0.0083807
0.00838413
0.00837833
0.00838217
0.00837783
0.00838243
0.00837974
0.00838536
0.0083845
0.00839156
0.00839275
0.00840169
0.00840495
0.00841581
0.00842069
0.00843303
0.0084388
0.00845186
0.00845777
0.00847085
0.00847652
0.0084891
0.00849434
0.00850607
0.00851068
0.00852134
0.00852511
0.00853461
0.00853733
0.00854573
0.00854721
0.00855467
0.00855485
0.00856125
0.00855943
0.0085641
0.00873471
0.0092817
0.00928707
0.00928639
0.00927739
0.00927862
0.00927012
0.00927071
0.00926197
0.00926189
0.00925314
0.00925249
0.00924375
0.00924255
0.00923383
0.00923213
0.00922351
0.00922141
0.00921291
0.00921041
0.00920194
0.00919895
0.00919042
0.00918688
0.00917826
0.00917416
0.00916545
0.00916089
0.00915213
0.0091472
0.00913843
0.00913316
0.00912441
0.00911896
0.00911041
0.00910514
0.00909712
0.00909234
0.00908511
0.00908098
0.00907462
0.00907107
0.0090655
0.00906238
0.00905751
0.00905469
0.00905044
0.00904788
0.00904407
0.00904172
0.00903821
0.00903602
0.00903264
0.0090306
0.00902726
0.00902542
0.00902215
0.00902054
0.00901698
0.00901565
0.00831445
0.00905645
0.0091032
0.00910511
0.00909945
0.00909729
0.00909176
0.00908944
0.00908373
0.00908125
0.00907552
0.00907283
0.00906707
0.00906414
0.00905834
0.00905518
0.0090494
0.00904607
0.00904033
0.00903681
0.00903101
0.00902719
0.00902123
0.00901702
0.00901086
0.00900622
0.00899982
0.00899481
0.0089882
0.00898287
0.00897603
0.00897036
0.00896328
0.00895737
0.0089502
0.00894435
0.00893738
0.00893186
0.00892535
0.00892028
0.0089143
0.00890963
0.00890413
0.00889971
0.00889467
0.00889042
0.00888581
0.00888173
0.00887745
0.00887355
0.00886952
0.00886577
0.00886187
0.00885831
0.00885448
0.00885116
0.00884753
0.00884454
0.00884103
0.00883709
0.00812386
0.00891216
0.00898404
0.00898831
0.00898521
0.00898152
0.00897765
0.00897446
0.00897063
0.00896775
0.00896412
0.00896133
0.0089578
0.008955
0.00895148
0.00894862
0.00894516
0.00894226
0.00893882
0.00893581
0.00893227
0.00892903
0.00892527
0.00892171
0.00891768
0.00891374
0.00890941
0.00890514
0.00890052
0.00889595
0.00889103
0.00888614
0.0088809
0.00887577
0.00887034
0.00886525
0.00885992
0.00885514
0.00885012
0.00884574
0.00884112
0.00883708
0.0088328
0.00882893
0.00882495
0.00882118
0.00881748
0.00881379
0.00881029
0.00880668
0.00880329
0.00879976
0.00879639
0.00879294
0.00878954
0.00878625
0.0087829
0.00877983
0.00877631
0.00877226
0.00801236
0.00879898
0.00887503
0.00888008
0.00887851
0.00887519
0.00887325
0.00887114
0.00886932
0.00886736
0.00886556
0.0088636
0.00886173
0.00885967
0.0088577
0.00885551
0.00885346
0.00885118
0.00884906
0.00884665
0.00884434
0.00884167
0.00883908
0.00883607
0.00883315
0.00882973
0.00882645
0.00882268
0.00881905
0.00881497
0.00881098
0.00880654
0.00880217
0.00879748
0.00879286
0.00878818
0.0087836
0.0087792
0.00877488
0.00877086
0.00876687
0.00876317
0.00875946
0.0087559
0.00875243
0.00874894
0.00874569
0.00874225
0.00873912
0.00873573
0.00873265
0.00872928
0.00872613
0.00872282
0.00871955
0.00871635
0.0087131
0.00871004
0.00870684
0.00870234
0.00800333
0.0087763
0.00884797
0.00885143
0.00884991
0.00884657
0.00884437
0.00884177
0.00883967
0.00883748
0.00883559
0.00883354
0.00883174
0.00882973
0.00882797
0.0088259
0.0088241
0.00882198
0.00882014
0.0088179
0.00881589
0.00881341
0.00881112
0.0088083
0.00880568
0.00880246
0.00879947
0.0087959
0.00879255
0.00878867
0.00878495
0.00878071
0.0087766
0.0087721
0.00876773
0.00876325
0.00875889
0.00875467
0.00875056
0.0087467
0.00874291
0.00873934
0.0087358
0.00873237
0.00872905
0.00872565
0.00872254
0.00871918
0.00871617
0.00871285
0.00870987
0.00870656
0.00870351
0.00870024
0.00869707
0.0086939
0.0086907
0.00868765
0.0086843
0.00867987
0.0080027
0.0087751
0.00884699
0.00885093
0.00884973
0.00884656
0.00884434
0.00884176
0.00883965
0.00883746
0.00883556
0.0088335
0.0088317
0.00882969
0.00882792
0.00882584
0.00882404
0.00882191
0.00882006
0.00881782
0.0088158
0.00881332
0.00881103
0.0088082
0.00880557
0.00880235
0.00879936
0.00879578
0.00879243
0.00878855
0.00878482
0.00878058
0.00877647
0.00877197
0.00876759
0.0087631
0.00875875
0.00875453
0.00875041
0.00874655
0.00874275
0.00873919
0.00873565
0.00873221
0.00872889
0.00872549
0.00872238
0.00871902
0.00871601
0.00871269
0.00870971
0.0087064
0.00870335
0.00870008
0.00869691
0.00869374
0.00869054
0.00868748
0.00868417
0.0086797
0.00801094
0.00879688
0.00887412
0.00888077
0.0088801
0.00887715
0.00887499
0.00887291
0.00887106
0.0088691
0.00886728
0.0088653
0.00886342
0.00886135
0.00885936
0.00885716
0.00885509
0.00885281
0.00885067
0.00884825
0.00884593
0.00884326
0.00884065
0.00883763
0.0088347
0.00883128
0.00882798
0.00882421
0.00882056
0.00881648
0.00881247
0.00880803
0.00880365
0.00879896
0.00879432
0.00878965
0.00878506
0.00878066
0.00877633
0.00877232
0.00876832
0.00876462
0.0087609
0.00875735
0.00875387
0.00875038
0.00874712
0.00874369
0.00874056
0.00873717
0.00873408
0.00873072
0.00872756
0.00872425
0.00872099
0.00871778
0.00871454
0.00871145
0.00870837
0.00870372
0.0081204
0.00890977
0.00898441
0.00899096
0.00898911
0.00898583
0.00898189
0.00897876
0.00897488
0.00897199
0.00896831
0.00896552
0.00896194
0.00895913
0.00895558
0.00895271
0.00894921
0.0089463
0.00894283
0.00893982
0.00893624
0.008933
0.00892921
0.00892564
0.00892158
0.00891764
0.00891328
0.008909
0.00890436
0.00889979
0.00889486
0.00888996
0.0088847
0.00887957
0.00887413
0.00886905
0.0088637
0.00885893
0.0088539
0.00884953
0.0088449
0.00884087
0.00883658
0.00883272
0.00882874
0.00882497
0.00882127
0.00881759
0.00881408
0.00881048
0.00880708
0.00880356
0.00880018
0.00879674
0.00879334
0.00879006
0.00878671
0.00878361
0.00878028
0.00877603
0.00831055
0.00905968
0.00911108
0.00911553
0.00911112
0.00910925
0.00910358
0.00910126
0.00909541
0.0090929
0.00908704
0.00908432
0.00907844
0.00907548
0.00906957
0.00906638
0.00906049
0.00905713
0.0090513
0.00904775
0.00904186
0.00903801
0.00903197
0.00902773
0.00902149
0.00901682
0.00901035
0.00900532
0.00899864
0.00899329
0.00898639
0.0089807
0.00897357
0.00896765
0.00896043
0.00895457
0.00894756
0.00894204
0.00893548
0.00893041
0.00892439
0.00891972
0.00891419
0.00890977
0.00890469
0.00890044
0.0088958
0.00889172
0.00888741
0.00888351
0.00887944
0.0088757
0.00887177
0.0088682
0.00886436
0.00886103
0.0088574
0.00885436
0.00885109
0.0088469
0.00873939
0.0093019
0.009312
0.00931351
0.00930512
0.00930655
0.00929776
0.00929834
0.0092893
0.0092892
0.00928016
0.00927949
0.00927048
0.00926925
0.00926028
0.00925854
0.00924968
0.00924753
0.0092388
0.00923625
0.00922756
0.00922452
0.00921578
0.00921219
0.00920338
0.00919922
0.00919033
0.00918571
0.00917677
0.00917179
0.00916285
0.00915752
0.00914861
0.00914311
0.00913441
0.00912908
0.00912092
0.00911609
0.00910872
0.00910453
0.00909804
0.00909444
0.00908874
0.00908556
0.00908057
0.00907769
0.00907332
0.00907071
0.00906679
0.00906439
0.00906078
0.00905854
0.00905508
0.009053
0.00904959
0.00904771
0.00904441
0.00904273
0.00903938
0.00903794
0.00835679
0.00848811
0.008458
0.00846514
0.00845634
0.00846898
0.00846034
0.00847135
0.00846202
0.00847137
0.0084617
0.00846959
0.00845973
0.00846634
0.00845649
0.0084621
0.00845253
0.0084574
0.00844825
0.00845248
0.00844378
0.0084475
0.00843938
0.00844278
0.00843551
0.00843891
0.00843281
0.00843659
0.00843195
0.00843648
0.00843348
0.008439
0.00843784
0.00844477
0.00844567
0.00845448
0.00845744
0.00846817
0.00847277
0.00848498
0.00849049
0.00850344
0.00850913
0.00852211
0.00852758
0.00854009
0.00854516
0.00855684
0.0085613
0.00857193
0.00857558
0.00858505
0.00858767
0.00859604
0.00859744
0.00860488
0.008605
0.00861138
0.00860968
0.00861461
0.0219125
0.0220596
0.0220491
0.0220471
0.0220421
0.022041
0.0220367
0.0220353
0.0220312
0.0220298
0.022026
0.0220245
0.0220207
0.0220189
0.0220149
0.0220127
0.0220087
0.0220063
0.0220023
0.0219995
0.0219953
0.0219919
0.0219873
0.0219833
0.0219783
0.0219736
0.0219684
0.0219634
0.021958
0.0219528
0.0219473
0.021942
0.0219363
0.0219312
0.0219257
0.0219214
0.0219165
0.0219135
0.0219093
0.0219074
0.0219036
0.0219021
0.0218981
0.0218964
0.0218921
0.0218898
0.0218853
0.0218823
0.0218776
0.0218739
0.0218687
0.0218644
0.0218586
0.0218537
0.0218471
0.0218421
0.0218351
0.0218304
0.0218224
0.0218177
0.0217969
0.0222055
0.0222044
0.0222011
0.0221962
0.0221942
0.0221896
0.0221874
0.0221829
0.0221806
0.0221761
0.0221736
0.0221691
0.0221662
0.0221614
0.0221581
0.0221531
0.0221494
0.0221443
0.0221401
0.0221346
0.0221297
0.0221234
0.0221176
0.0221106
0.0221036
0.0220958
0.022088
0.0220794
0.0220708
0.0220616
0.0220522
0.0220423
0.0220324
0.0220221
0.0220126
0.0220027
0.0219942
0.0219852
0.0219779
0.02197
0.0219636
0.0219566
0.0219507
0.0219442
0.0219385
0.0219324
0.0219266
0.0219206
0.0219148
0.0219085
0.0219024
0.0218957
0.0218894
0.0218822
0.0218759
0.0218683
0.0218622
0.0218542
0.0218485
0.020988
0.0216073
0.0216239
0.0216206
0.0216165
0.0216131
0.021609
0.0216056
0.0216015
0.0215981
0.021594
0.0215904
0.0215861
0.0215823
0.0215776
0.0215734
0.0215686
0.021564
0.021559
0.021554
0.0215485
0.0215428
0.0215366
0.0215299
0.0215228
0.0215151
0.0215071
0.0214984
0.0214895
0.02148
0.0214702
0.0214598
0.0214491
0.021438
0.0214267
0.0214157
0.0214046
0.0213944
0.021384
0.0213748
0.0213653
0.0213569
0.0213483
0.0213403
0.0213323
0.0213245
0.021317
0.0213093
0.0213021
0.0212945
0.0212873
0.0212798
0.0212723
0.0212648
0.0212569
0.0212495
0.0212416
0.0212346
0.0212265
0.0212155
0.0207556
0.0214507
0.0214783
0.021476
0.0214726
0.0214686
0.0214651
0.0214612
0.0214576
0.0214538
0.0214502
0.0214464
0.0214426
0.0214384
0.0214343
0.0214298
0.0214254
0.0214206
0.0214161
0.0214109
0.0214058
0.0213999
0.0213941
0.0213873
0.0213806
0.0213727
0.0213651
0.0213563
0.0213478
0.0213381
0.0213287
0.0213181
0.0213077
0.0212965
0.0212855
0.0212744
0.0212635
0.021253
0.0212428
0.0212333
0.0212239
0.0212152
0.0212065
0.0211983
0.0211901
0.021182
0.0211744
0.0211664
0.021159
0.0211511
0.0211437
0.0211358
0.0211282
0.0211203
0.0211124
0.0211047
0.0210967
0.0210894
0.0210814
0.0210708
0.0206244
0.0213555
0.0213928
0.021392
0.0213895
0.0213856
0.0213824
0.0213785
0.0213752
0.0213715
0.0213682
0.0213644
0.0213609
0.0213568
0.021353
0.0213485
0.0213445
0.0213398
0.0213355
0.0213304
0.0213256
0.0213199
0.0213144
0.0213077
0.0213013
0.0212935
0.0212862
0.0212776
0.0212693
0.0212599
0.0212507
0.0212404
0.0212303
0.0212193
0.0212085
0.0211976
0.021187
0.0211767
0.0211667
0.0211575
0.0211483
0.0211398
0.0211313
0.0211232
0.0211153
0.0211073
0.0210999
0.021092
0.0210848
0.0210769
0.0210697
0.0210619
0.0210544
0.0210466
0.0210387
0.0210311
0.0210231
0.0210159
0.021008
0.020996
0.0206262
0.0213562
0.021394
0.0213933
0.0213906
0.0213866
0.0213834
0.0213796
0.0213765
0.0213728
0.0213697
0.021366
0.0213627
0.0213586
0.021355
0.0213507
0.0213468
0.0213422
0.0213381
0.021333
0.0213284
0.0213227
0.0213174
0.0213107
0.0213045
0.0212968
0.0212896
0.0212811
0.021273
0.0212636
0.0212546
0.0212443
0.0212343
0.0212234
0.0212127
0.0212019
0.0211914
0.0211812
0.0211713
0.0211622
0.0211531
0.0211447
0.0211363
0.0211283
0.0211205
0.0211126
0.0211052
0.0210974
0.0210902
0.0210825
0.0210753
0.0210675
0.0210601
0.0210523
0.0210445
0.0210369
0.021029
0.0210218
0.0210141
0.0210025
0.0206257
0.0213555
0.0213936
0.0213933
0.0213909
0.021387
0.0213839
0.02138
0.0213769
0.0213732
0.0213701
0.0213663
0.021363
0.021359
0.0213554
0.021351
0.0213471
0.0213425
0.0213384
0.0213334
0.0213288
0.0213231
0.0213177
0.0213111
0.0213048
0.0212972
0.0212899
0.0212814
0.0212733
0.0212639
0.0212548
0.0212446
0.0212346
0.0212236
0.021213
0.0212022
0.0211916
0.0211815
0.0211716
0.0211624
0.0211533
0.021145
0.0211365
0.0211285
0.0211207
0.0211128
0.0211054
0.0210976
0.0210904
0.0210827
0.0210755
0.0210677
0.0210603
0.0210525
0.0210447
0.0210371
0.0210292
0.0210219
0.0210143
0.0210027
0.0206238
0.0213553
0.0213938
0.0213942
0.0213923
0.0213887
0.0213855
0.0213816
0.0213783
0.0213745
0.0213712
0.0213674
0.0213639
0.0213597
0.0213559
0.0213514
0.0213474
0.0213427
0.0213384
0.0213333
0.0213285
0.0213227
0.0213172
0.0213105
0.0213041
0.0212963
0.021289
0.0212803
0.0212721
0.0212626
0.0212534
0.0212431
0.0212329
0.0212219
0.0212112
0.0212002
0.0211896
0.0211794
0.0211693
0.0211601
0.0211509
0.0211424
0.0211339
0.0211258
0.0211179
0.0211099
0.0211024
0.0210945
0.0210873
0.0210795
0.0210722
0.0210644
0.0210569
0.021049
0.0210412
0.0210335
0.0210256
0.0210183
0.0210106
0.0209985
0.0207532
0.0214497
0.021479
0.0214786
0.0214761
0.0214724
0.0214689
0.021465
0.0214613
0.0214575
0.0214538
0.0214499
0.0214461
0.0214419
0.0214377
0.0214332
0.0214288
0.021424
0.0214194
0.0214142
0.021409
0.0214032
0.0213973
0.0213905
0.0213837
0.0213759
0.0213682
0.0213594
0.0213508
0.0213412
0.0213317
0.0213212
0.0213108
0.0212996
0.0212885
0.0212774
0.0212664
0.021256
0.0212457
0.0212363
0.0212268
0.0212182
0.0212094
0.0212012
0.021193
0.0211849
0.0211772
0.0211692
0.0211618
0.0211539
0.0211465
0.0211386
0.021131
0.0211231
0.0211151
0.0211075
0.0210995
0.0210921
0.0210844
0.0210736
0.020985
0.0216098
0.0216293
0.0216278
0.0216246
0.0216214
0.0216172
0.0216138
0.0216095
0.0216061
0.0216018
0.0215982
0.0215938
0.02159
0.0215852
0.021581
0.0215761
0.0215715
0.0215664
0.0215614
0.0215559
0.0215501
0.0215439
0.0215372
0.0215301
0.0215223
0.0215142
0.0215055
0.0214966
0.0214871
0.0214773
0.0214668
0.0214561
0.021445
0.0214337
0.0214227
0.0214116
0.0214013
0.0213909
0.0213817
0.0213722
0.0213638
0.0213551
0.0213471
0.0213391
0.0213313
0.0213238
0.0213161
0.0213089
0.0213013
0.0212941
0.0212865
0.021279
0.0212715
0.0212637
0.0212563
0.0212484
0.0212413
0.0212336
0.0212225
0.0218008
0.0222215
0.0222231
0.0222214
0.022217
0.0222151
0.0222103
0.022208
0.0222033
0.0222009
0.0221963
0.0221937
0.0221891
0.0221862
0.0221812
0.0221779
0.0221728
0.0221691
0.0221639
0.0221598
0.0221541
0.0221492
0.0221429
0.022137
0.0221299
0.022123
0.0221151
0.0221072
0.0220986
0.02209
0.0220807
0.0220713
0.0220612
0.0220514
0.022041
0.0220314
0.0220215
0.0220129
0.0220038
0.0219965
0.0219885
0.0219821
0.021975
0.0219691
0.0219626
0.0219568
0.0219507
0.021945
0.021939
0.0219332
0.021927
0.0219209
0.0219143
0.0219081
0.0219008
0.0218946
0.0218871
0.0218811
0.0218735
0.0218678
0.0219534
0.0221181
0.0221104
0.0221095
0.0221044
0.0221032
0.0220985
0.022097
0.0220927
0.0220912
0.0220872
0.0220857
0.0220817
0.0220798
0.0220757
0.0220735
0.0220694
0.0220669
0.0220628
0.0220601
0.0220557
0.0220523
0.0220476
0.0220435
0.0220383
0.0220336
0.0220282
0.0220231
0.0220175
0.0220123
0.0220065
0.0220011
0.0219951
0.0219898
0.021984
0.0219797
0.0219745
0.0219714
0.021967
0.021965
0.021961
0.0219595
0.0219554
0.0219537
0.0219494
0.0219471
0.0219426
0.0219397
0.021935
0.0219314
0.0219263
0.021922
0.0219162
0.0219114
0.0219048
0.0218999
0.0218929
0.0218883
0.0218807
0.0218759
0.0458994
0.0459578
0.0459555
0.0459468
0.0459443
0.0459368
0.0459341
0.0459268
0.0459242
0.0459173
0.0459147
0.0459078
0.0459048
0.0458975
0.0458938
0.0458859
0.0458816
0.0458733
0.0458686
0.0458596
0.0458538
0.0458435
0.0458362
0.0458242
0.0458151
0.0458012
0.0457905
0.045775
0.0457625
0.0457457
0.0457314
0.0457129
0.0456967
0.0456771
0.0456596
0.0456404
0.0456228
0.0456051
0.0455882
0.0455722
0.0455563
0.0455413
0.0455258
0.0455109
0.0454959
0.0454807
0.0454663
0.0454508
0.0454367
0.045421
0.0454067
0.0453906
0.0453755
0.0453592
0.045343
0.0453268
0.0453105
0.0452948
0.0452772
0.0452602
0.028626
0.0289575
0.0289435
0.0289365
0.0289278
0.0289247
0.0289177
0.0289151
0.0289087
0.0289063
0.0289003
0.0288978
0.0288919
0.028889
0.0288829
0.0288796
0.0288734
0.0288698
0.0288636
0.0288594
0.0288528
0.0288479
0.0288407
0.0288348
0.028827
0.02882
0.0288117
0.028804
0.0287953
0.028787
0.0287779
0.0287692
0.0287596
0.0287508
0.0287412
0.0287333
0.0287244
0.0287179
0.0287101
0.028705
0.0286981
0.0286939
0.0286873
0.0286832
0.0286767
0.0286723
0.0286657
0.0286607
0.0286539
0.0286482
0.0286409
0.0286344
0.0286263
0.0286192
0.0286102
0.0286028
0.0285933
0.0285858
0.028574
0.028565
0.0232259
0.0238226
0.0238061
0.0238013
0.0237832
0.0237815
0.0237666
0.0237656
0.023752
0.0237513
0.0237386
0.0237378
0.0237257
0.0237245
0.0237127
0.023711
0.0236996
0.0236975
0.0236865
0.0236838
0.0236728
0.0236694
0.0236584
0.0236542
0.0236431
0.0236381
0.0236271
0.0236217
0.023611
0.0236054
0.023595
0.0235893
0.0235793
0.023574
0.0235647
0.0235605
0.0235526
0.02355
0.0235436
0.0235426
0.0235373
0.0235372
0.0235325
0.0235327
0.0235283
0.0235282
0.023524
0.0235234
0.023519
0.0235177
0.0235129
0.0235108
0.0235052
0.0235023
0.0234959
0.0234924
0.0234853
0.0234815
0.0234733
0.0234645
0.0221516
0.0229361
0.0229329
0.0229313
0.0229059
0.0229039
0.022882
0.0228807
0.0228607
0.0228598
0.0228412
0.0228402
0.0228226
0.0228211
0.0228042
0.0228022
0.0227859
0.0227834
0.0227678
0.0227648
0.0227495
0.0227457
0.0227306
0.0227261
0.0227114
0.0227062
0.0226919
0.0226864
0.0226728
0.0226673
0.0226545
0.0226491
0.0226371
0.0226323
0.0226214
0.022618
0.0226088
0.0226071
0.0225996
0.0225996
0.0225934
0.0225944
0.0225889
0.0225901
0.022585
0.0225859
0.0225812
0.0225815
0.0225768
0.0225765
0.0225715
0.0225704
0.0225648
0.0225629
0.0225566
0.0225542
0.0225475
0.0225447
0.0225376
0.0225282
0.0220248
0.0229016
0.0229144
0.0229159
0.0228857
0.0228826
0.0228557
0.0228535
0.022829
0.0228273
0.0228046
0.0228028
0.0227813
0.0227792
0.0227585
0.0227559
0.0227361
0.022733
0.022714
0.0227103
0.0226919
0.0226875
0.0226695
0.0226644
0.0226469
0.0226412
0.0226244
0.0226185
0.0226028
0.022597
0.0225822
0.0225767
0.0225631
0.0225583
0.0225461
0.0225428
0.0225325
0.0225311
0.0225227
0.022523
0.0225161
0.0225174
0.0225112
0.0225127
0.022507
0.0225083
0.022503
0.0225037
0.0224985
0.0224984
0.0224931
0.0224922
0.0224864
0.0224848
0.0224784
0.0224763
0.0224695
0.0224671
0.0224605
0.0224498
0.0220466
0.0229763
0.022999
0.0230029
0.0229706
0.0229669
0.0229375
0.0229347
0.0229079
0.0229056
0.0228808
0.0228785
0.022855
0.0228524
0.0228298
0.0228267
0.0228051
0.0228015
0.0227808
0.0227767
0.0227566
0.0227518
0.0227323
0.0227267
0.0227078
0.0227017
0.0226837
0.0226774
0.0226605
0.0226545
0.0226387
0.022633
0.0226184
0.0226135
0.0226006
0.0225973
0.0225864
0.0225851
0.0225762
0.0225766
0.0225692
0.0225707
0.0225641
0.0225658
0.0225597
0.0225611
0.0225555
0.0225563
0.0225509
0.022551
0.0225454
0.0225447
0.0225387
0.0225372
0.0225306
0.0225287
0.0225218
0.0225196
0.0225131
0.0225018
0.0220472
0.0229784
0.0230023
0.0230067
0.0229746
0.0229709
0.0229414
0.0229386
0.0229117
0.0229095
0.0228845
0.0228823
0.0228587
0.022856
0.0228334
0.0228303
0.0228086
0.022805
0.0227843
0.0227802
0.02276
0.0227552
0.0227356
0.02273
0.0227111
0.022705
0.0226869
0.0226806
0.0226636
0.0226576
0.0226418
0.022636
0.0226215
0.0226166
0.0226036
0.0226003
0.0225894
0.022588
0.0225791
0.0225795
0.0225721
0.0225735
0.0225669
0.0225686
0.0225625
0.0225639
0.0225582
0.0225591
0.0225536
0.0225537
0.0225481
0.0225474
0.0225413
0.0225399
0.0225333
0.0225314
0.0225245
0.0225222
0.0225158
0.0225045
0.0220264
0.0229085
0.0229235
0.022926
0.0228963
0.0228933
0.0228662
0.022864
0.0228393
0.0228375
0.0228146
0.0228129
0.0227912
0.022789
0.0227682
0.0227655
0.0227455
0.0227424
0.0227233
0.0227196
0.022701
0.0226966
0.0226784
0.0226733
0.0226557
0.0226499
0.0226331
0.0226271
0.0226112
0.0226054
0.0225906
0.022585
0.0225712
0.0225664
0.0225541
0.0225508
0.0225404
0.022539
0.0225305
0.0225308
0.0225238
0.022525
0.0225188
0.0225203
0.0225145
0.0225157
0.0225104
0.022511
0.0225058
0.0225057
0.0225003
0.0224994
0.0224935
0.0224919
0.0224854
0.0224833
0.0224765
0.022474
0.0224674
0.0224568
0.0221527
0.0229441
0.0229442
0.0229441
0.0229194
0.0229174
0.0228952
0.0228939
0.0228736
0.0228726
0.0228538
0.0228527
0.0228349
0.0228334
0.0228162
0.0228141
0.0227976
0.0227951
0.0227793
0.0227762
0.0227607
0.0227569
0.0227417
0.0227371
0.0227221
0.0227169
0.0227024
0.0226969
0.0226832
0.0226776
0.0226646
0.0226592
0.022647
0.0226422
0.0226312
0.0226277
0.0226183
0.0226166
0.022609
0.0226089
0.0226027
0.0226035
0.022598
0.0225991
0.0225939
0.0225948
0.0225899
0.0225902
0.0225854
0.022585
0.02258
0.0225788
0.0225731
0.0225712
0.0225648
0.0225623
0.0225555
0.0225526
0.0225456
0.0225363
0.0232215
0.0238252
0.0238116
0.0238081
0.0237907
0.0237893
0.023774
0.0237731
0.0237591
0.0237584
0.0237455
0.0237447
0.0237323
0.0237311
0.0237191
0.0237174
0.0237058
0.0237036
0.0236924
0.0236897
0.0236786
0.0236751
0.0236639
0.0236597
0.0236484
0.0236434
0.0236323
0.0236268
0.023616
0.0236104
0.0235998
0.0235941
0.023584
0.0235786
0.0235692
0.023565
0.0235569
0.0235543
0.0235477
0.0235467
0.0235413
0.0235412
0.0235364
0.0235365
0.023532
0.0235319
0.0235276
0.023527
0.0235225
0.0235212
0.0235163
0.0235142
0.0235085
0.0235057
0.0234991
0.0234957
0.0234886
0.0234847
0.0234765
0.023468
0.0286218
0.0289605
0.0289489
0.0289432
0.0289352
0.0289322
0.0289251
0.0289225
0.0289159
0.0289135
0.0289074
0.0289049
0.0288988
0.028896
0.0288898
0.0288865
0.0288802
0.0288765
0.0288702
0.0288661
0.0288594
0.0288545
0.0288472
0.0288413
0.0288334
0.0288264
0.028818
0.0288103
0.0288014
0.0287932
0.0287839
0.0287752
0.0287655
0.0287566
0.0287469
0.0287389
0.0287299
0.0287233
0.0287154
0.0287103
0.0287032
0.0286991
0.0286923
0.0286883
0.0286817
0.0286773
0.0286707
0.0286658
0.028659
0.0286534
0.028646
0.0286397
0.0286316
0.0286246
0.0286156
0.0286083
0.0285989
0.0285915
0.0285797
0.028571
0.0459479
0.0460224
0.0460261
0.046019
0.0460172
0.04601
0.0460074
0.0460001
0.0459974
0.0459905
0.0459879
0.045981
0.045978
0.0459706
0.0459668
0.0459588
0.0459545
0.0459461
0.0459413
0.0459322
0.0459262
0.0459158
0.0459083
0.045896
0.0458867
0.0458725
0.0458614
0.0458455
0.0458327
0.0458153
0.0458005
0.0457815
0.0457647
0.0457445
0.0457263
0.0457065
0.0456883
0.0456701
0.0456527
0.0456363
0.0456198
0.0456046
0.0455887
0.0455736
0.0455582
0.0455429
0.0455283
0.0455128
0.0454985
0.0454827
0.0454683
0.0454521
0.0454368
0.0454203
0.0454039
0.0453876
0.045371
0.0453553
0.0453376
0.0453205
)
;

boundaryField
{
    upperWall
    {
        type            zeroGradient;
    }
    lowerWall
    {
        type            zeroGradient;
    }
    heatedWall
    {
        type            zeroGradient;
    }
    inlet
    {
        type            zeroGradient;
    }
    outlet
    {
        type            zeroGradient;
    }
    frontAndBack
    {
        type            empty;
    }
}


// ************************************************************************* //
