/*--------------------------------*- C++ -*----------------------------------*\
  =========                 |
  \\      /  F ield         | OpenFOAM: The Open Source CFD Toolbox
   \\    /   O peration     | Website:  https://openfoam.org
    \\  /    A nd           | Version:  7
     \\/     M anipulation  |
\*---------------------------------------------------------------------------*/
FoamFile
{
    version     2.0;
    format      ascii;
    class       volVectorField;
    location    "0.865";
    object      U;
}
// * * * * * * * * * * * * * * * * * * * * * * * * * * * * * * * * * * * * * //

dimensions      [0 1 -1 0 0 0 0];

internalField   nonuniform List<vector> 
2400
(
(5.99628e-12 1.92731e-12 0)
(-3.11966e-11 1.90807e-11 0)
(-6.4701e-11 3.0513e-11 0)
(-1.02038e-10 4.2638e-11 0)
(-1.37635e-10 1.28223e-10 0)
(-1.66495e-10 1.35061e-10 0)
(-1.5103e-10 1.23942e-10 0)
(-1.08298e-10 4.30811e-11 0)
(-3.67548e-11 1.10614e-10 0)
(6.45864e-11 5.3608e-11 0)
(1.92726e-10 1.21621e-10 0)
(3.3809e-10 5.82844e-11 0)
(5.27711e-10 1.26038e-10 0)
(7.07707e-10 5.35305e-11 0)
(9.34828e-10 5.13176e-11 0)
(1.17994e-09 4.51278e-11 0)
(1.39934e-09 4.75541e-11 0)
(1.66472e-09 1.21471e-10 0)
(1.88715e-09 5.10655e-11 0)
(2.16839e-09 4.43632e-11 0)
(2.42237e-09 4.6643e-11 0)
(2.66629e-09 1.18312e-10 0)
(2.89758e-09 4.01328e-11 0)
(3.13157e-09 3.39693e-11 0)
(3.37593e-09 4.09652e-11 0)
(3.61918e-09 1.10917e-10 0)
(3.81225e-09 3.64541e-11 0)
(4.01322e-09 2.98007e-11 0)
(4.20205e-09 2.99374e-11 0)
(4.38833e-09 3.5239e-11 0)
(4.5669e-09 3.0182e-11 0)
(4.73218e-09 2.14195e-11 0)
(4.8531e-09 2.07093e-11 0)
(5.0086e-09 2.3063e-11 0)
(5.13749e-09 1.62281e-11 0)
(5.27254e-09 -6.48476e-11 0)
(5.36903e-09 1.22151e-11 0)
(5.49242e-09 1.9563e-11 0)
(5.58531e-09 1.73864e-11 0)
(5.65671e-09 1.97578e-11 0)
(5.75004e-09 1.77707e-11 0)
(5.82434e-09 3.88976e-12 0)
(5.88888e-09 -7.02696e-11 0)
(5.98191e-09 7.78071e-12 0)
(6.04334e-09 3.31275e-12 0)
(6.0613e-09 7.50268e-12 0)
(6.13988e-09 1.20016e-11 0)
(6.14992e-09 7.52895e-12 0)
(6.20344e-09 1.34492e-11 0)
(6.24036e-09 6.93854e-12 0)
(6.30759e-09 -7.73279e-11 0)
(6.33187e-09 2.10354e-12 0)
(6.35522e-09 7.18295e-12 0)
(6.37035e-09 5.27825e-12 0)
(6.38053e-09 6.62224e-12 0)
(6.42692e-09 4.05589e-12 0)
(6.43017e-09 1.37052e-13 0)
(6.42668e-09 2.70601e-12 0)
(6.4624e-09 1.62465e-12 0)
(6.49013e-09 -1.51705e-12 0)
(6.49919e-09 1.92762e-12 0)
(6.4978e-09 1.38412e-12 0)
(6.50943e-09 5.31788e-12 0)
(6.50914e-09 4.09303e-12 0)
(6.50395e-09 -9.2673e-13 0)
(6.51667e-09 2.45085e-12 0)
(6.53604e-09 -4.82691e-12 0)
(6.51163e-09 -7.41248e-13 0)
(6.52942e-09 1.76632e-12 0)
(6.52634e-09 -6.03575e-14 0)
(6.51701e-09 -8.30684e-12 0)
(6.49091e-09 -1.13092e-13 0)
(6.52308e-09 -1.51541e-12 0)
(6.52413e-09 -6.26804e-12 0)
(6.53162e-09 -7.30179e-12 0)
(6.49617e-09 -2.678e-12 0)
(6.52433e-09 -3.97729e-12 0)
(6.50188e-09 1.82191e-12 0)
(6.47128e-09 2.81841e-12 0)
(6.50141e-09 -2.92237e-12 0)
(6.47223e-09 -4.20769e-12 0)
(6.4996e-09 -5.93463e-13 0)
(6.49667e-09 -9.21155e-12 0)
(6.46377e-09 -7.26911e-12 0)
(6.46823e-09 -4.95003e-12 0)
(6.45558e-09 1.40951e-12 0)
(6.45584e-09 3.55198e-14 0)
(6.45186e-09 -3.25342e-12 0)
(6.44429e-09 1.05619e-12 0)
(6.43304e-09 1.94029e-12 0)
(6.42369e-09 -9.30112e-13 0)
(6.4237e-09 2.8456e-12 0)
(6.43132e-09 1.12165e-12 0)
(6.40634e-09 -6.58481e-12 0)
(6.40703e-09 -7.07086e-12 0)
(6.40632e-09 -4.79553e-12 0)
(6.39396e-09 -4.36214e-13 0)
(6.38543e-09 -1.39441e-12 0)
(6.38958e-09 -1.98627e-12 0)
(6.3832e-09 -3.93421e-12 0)
(6.36513e-09 -2.83247e-12 0)
(6.3793e-09 1.89315e-13 0)
(6.36076e-09 -4.32308e-13 0)
(6.34371e-09 8.96903e-13 0)
(6.3404e-09 -3.78873e-12 0)
(6.35926e-09 -2.41271e-12 0)
(6.33602e-09 -5.229e-12 0)
(6.34188e-09 7.02084e-13 0)
(6.33341e-09 1.4348e-13 0)
(6.33206e-09 -2.6032e-12 0)
(6.34307e-09 -4.64049e-13 0)
(6.29924e-09 -2.5544e-12 0)
(6.31843e-09 9.30825e-13 0)
(6.31001e-09 -7.86329e-13 0)
(6.30288e-09 -4.16069e-12 0)
(6.33286e-09 -4.05014e-12 0)
(6.30337e-09 -1.1675e-12 0)
(6.2989e-09 -2.35103e-12 0)
(6.27244e-09 3.67501e-12 0)
(6.26488e-09 6.86458e-12 0)
(-3.89438e-12 6.24637e-11 0)
(-7.69167e-11 1.64845e-10 0)
(-1.60748e-10 2.30455e-10 0)
(-1.89209e-10 2.66697e-10 0)
(-1.83335e-10 2.70508e-10 0)
(-9.0102e-11 2.78806e-10 0)
(8.40588e-11 2.90352e-10 0)
(3.18773e-10 2.9366e-10 0)
(6.32978e-10 2.84e-10 0)
(1.03316e-09 2.61898e-10 0)
(1.49391e-09 2.37959e-10 0)
(2.03369e-09 2.07937e-10 0)
(2.66708e-09 1.98876e-10 0)
(3.29575e-09 1.78184e-10 0)
(4.01262e-09 1.62575e-10 0)
(4.75457e-09 1.45278e-10 0)
(5.48883e-09 1.21571e-10 0)
(6.30911e-09 1.08283e-10 0)
(7.08063e-09 8.26682e-11 0)
(7.89646e-09 6.09802e-11 0)
(8.67066e-09 5.89892e-11 0)
(9.45701e-09 5.65698e-11 0)
(1.0218e-08 4.29773e-11 0)
(1.09426e-08 3.26073e-11 0)
(1.16588e-08 1.85692e-11 0)
(1.23948e-08 2.32314e-11 0)
(1.30425e-08 1.58435e-11 0)
(1.36529e-08 1.9693e-11 0)
(1.42215e-08 1.99347e-11 0)
(1.48019e-08 1.2543e-11 0)
(1.53213e-08 1.70809e-11 0)
(1.57997e-08 1.42419e-11 0)
(1.62434e-08 1.80954e-11 0)
(1.66882e-08 2.22731e-11 0)
(1.71165e-08 1.97906e-11 0)
(1.74725e-08 1.04676e-11 0)
(1.77815e-08 2.05466e-11 0)
(1.8122e-08 2.2553e-11 0)
(1.83986e-08 1.82549e-11 0)
(1.86939e-08 7.90713e-12 0)
(1.89441e-08 7.41905e-12 0)
(1.91887e-08 1.01148e-11 0)
(1.93808e-08 9.48931e-12 0)
(1.95998e-08 1.07165e-11 0)
(1.97632e-08 1.33988e-11 0)
(1.99158e-08 1.50768e-11 0)
(2.01104e-08 4.65538e-12 0)
(2.01888e-08 4.06576e-12 0)
(2.03508e-08 -1.19819e-12 0)
(2.04679e-08 -2.71992e-12 0)
(2.06055e-08 2.86193e-12 0)
(2.0662e-08 1.17724e-11 0)
(2.07566e-08 1.87465e-11 0)
(2.08202e-08 9.66509e-12 0)
(2.08645e-08 2.35217e-12 0)
(2.09697e-08 2.78985e-12 0)
(2.09999e-08 3.11675e-12 0)
(2.10506e-08 -3.94511e-12 0)
(2.11212e-08 -1.36036e-12 0)
(2.11706e-08 2.13123e-12 0)
(2.1186e-08 -1.97929e-12 0)
(2.12026e-08 5.15314e-12 0)
(2.12239e-08 -4.76227e-12 0)
(2.12603e-08 -5.04707e-13 0)
(2.12456e-08 4.91067e-12 0)
(2.12646e-08 -1.02428e-11 0)
(2.13054e-08 1.35786e-12 0)
(2.12799e-08 1.49083e-12 0)
(2.12903e-08 1.64006e-12 0)
(2.1307e-08 -2.8634e-12 0)
(2.128e-08 -4.54209e-13 0)
(2.1255e-08 -5.55286e-12 0)
(2.12896e-08 -6.93638e-12 0)
(2.12725e-08 5.06784e-12 0)
(2.12746e-08 7.40635e-12 0)
(2.12363e-08 4.32118e-12 0)
(2.12499e-08 1.72048e-12 0)
(2.12079e-08 -3.44415e-13 0)
(2.11861e-08 -9.92914e-12 0)
(2.12083e-08 -4.68633e-12 0)
(2.11705e-08 -2.75981e-12 0)
(2.11607e-08 1.53361e-12 0)
(2.11568e-08 -4.5933e-12 0)
(2.11356e-08 2.62247e-12 0)
(2.1126e-08 9.34294e-12 0)
(2.11101e-08 2.35773e-12 0)
(2.10865e-08 4.2021e-12 0)
(2.10583e-08 5.93114e-12 0)
(2.10442e-08 -5.37574e-13 0)
(2.10185e-08 -5.77359e-12 0)
(2.09984e-08 -3.63361e-12 0)
(2.09865e-08 -3.94853e-12 0)
(2.0962e-08 2.17411e-12 0)
(2.09458e-08 -1.86645e-12 0)
(2.09386e-08 -8.34606e-13 0)
(2.09187e-08 -2.89781e-13 0)
(2.08966e-08 -1.24849e-12 0)
(2.08687e-08 -5.90077e-12 0)
(2.08581e-08 2.19544e-12 0)
(2.08447e-08 -2.92365e-13 0)
(2.08232e-08 -1.37825e-12 0)
(2.08209e-08 -5.81465e-12 0)
(2.08086e-08 2.92453e-12 0)
(2.07461e-08 6.97946e-13 0)
(2.07492e-08 -2.19815e-12 0)
(2.07636e-08 2.24733e-12 0)
(2.0722e-08 -4.04224e-12 0)
(2.07259e-08 -4.27912e-12 0)
(2.07053e-08 -7.11917e-12 0)
(2.06915e-08 6.67298e-12 0)
(2.07053e-08 2.45656e-13 0)
(2.0651e-08 4.40012e-12 0)
(2.06633e-08 1.63246e-12 0)
(2.06409e-08 -8.77845e-12 0)
(2.06021e-08 -1.54361e-12 0)
(2.06486e-08 -1.70143e-12 0)
(2.05816e-08 -1.52974e-13 0)
(2.06128e-08 1.27388e-11 0)
(2.05554e-08 1.46767e-11 0)
(2.05543e-08 1.66217e-11 0)
(-1.24443e-13 1.74296e-10 0)
(-6.31565e-11 4.42134e-10 0)
(-8.24985e-11 6.10467e-10 0)
(-3.91476e-12 7.31463e-10 0)
(1.75089e-10 8.08193e-10 0)
(4.54231e-10 8.40221e-10 0)
(8.81989e-10 8.32494e-10 0)
(1.43055e-09 8.1737e-10 0)
(2.10584e-09 7.92417e-10 0)
(2.89471e-09 7.50523e-10 0)
(3.7955e-09 7.04795e-10 0)
(4.81371e-09 6.51302e-10 0)
(5.93563e-09 6.00272e-10 0)
(7.0894e-09 5.43484e-10 0)
(8.35076e-09 4.79962e-10 0)
(9.65675e-09 4.36391e-10 0)
(1.09408e-08 3.90636e-10 0)
(1.23482e-08 3.51086e-10 0)
(1.36688e-08 2.95139e-10 0)
(1.50496e-08 2.66158e-10 0)
(1.63946e-08 2.32602e-10 0)
(1.77096e-08 2.14402e-10 0)
(1.89843e-08 1.71971e-10 0)
(2.02468e-08 1.46608e-10 0)
(2.14478e-08 1.2835e-10 0)
(2.26402e-08 1.29066e-10 0)
(2.37072e-08 1.08801e-10 0)
(2.47504e-08 9.67984e-11 0)
(2.57418e-08 8.66871e-11 0)
(2.66877e-08 8.01388e-11 0)
(2.75822e-08 7.4865e-11 0)
(2.83738e-08 7.0644e-11 0)
(2.91013e-08 6.19035e-11 0)
(2.98618e-08 4.74811e-11 0)
(3.0559e-08 4.4115e-11 0)
(3.11417e-08 3.91781e-11 0)
(3.16838e-08 4.24317e-11 0)
(3.22453e-08 4.45147e-11 0)
(3.27308e-08 3.50092e-11 0)
(3.32053e-08 2.78363e-11 0)
(3.35998e-08 2.91233e-11 0)
(3.40021e-08 2.32848e-11 0)
(3.43639e-08 1.38956e-11 0)
(3.47049e-08 2.59817e-11 0)
(3.49913e-08 3.7009e-11 0)
(3.52364e-08 2.49739e-11 0)
(3.55375e-08 2.1176e-11 0)
(3.57164e-08 1.79563e-11 0)
(3.5965e-08 5.00253e-12 0)
(3.61467e-08 7.11309e-12 0)
(3.6347e-08 2.4406e-12 0)
(3.64687e-08 1.5448e-11 0)
(3.66316e-08 1.35558e-11 0)
(3.67512e-08 1.54082e-11 0)
(3.68539e-08 1.3805e-11 0)
(3.69685e-08 1.07605e-11 0)
(3.706e-08 3.68847e-13 0)
(3.71488e-08 -3.36394e-12 0)
(3.72224e-08 -4.56861e-12 0)
(3.73127e-08 -1.18968e-12 0)
(3.73504e-08 7.37119e-12 0)
(3.73687e-08 1.3955e-11 0)
(3.743e-08 3.50174e-12 0)
(3.74805e-08 -5.86361e-12 0)
(3.74469e-08 -6.29359e-12 0)
(3.74997e-08 -9.19607e-12 0)
(3.75356e-08 -2.44385e-12 0)
(3.75116e-08 -1.9244e-15 0)
(3.75333e-08 -2.57223e-12 0)
(3.75589e-08 5.52583e-12 0)
(3.75235e-08 1.4219e-11 0)
(3.75028e-08 4.3152e-12 0)
(3.74997e-08 -1.35425e-12 0)
(3.7479e-08 -7.89785e-12 0)
(3.7472e-08 -4.60412e-12 0)
(3.74542e-08 7.35923e-12 0)
(3.74495e-08 3.12942e-12 0)
(3.74203e-08 -4.1998e-12 0)
(3.73674e-08 -5.26635e-12 0)
(3.73788e-08 -3.48597e-12 0)
(3.73307e-08 -4.66281e-12 0)
(3.72922e-08 -8.55996e-12 0)
(3.7298e-08 -1.24456e-11 0)
(3.72688e-08 -9.75504e-12 0)
(3.72359e-08 -1.08548e-11 0)
(3.72046e-08 -6.2737e-12 0)
(3.71885e-08 1.1536e-12 0)
(3.71493e-08 5.25397e-12 0)
(3.71169e-08 2.34816e-12 0)
(3.70801e-08 -1.31299e-12 0)
(3.70279e-08 -5.39524e-12 0)
(3.70009e-08 -6.57101e-12 0)
(3.69722e-08 -9.26635e-12 0)
(3.69527e-08 -1.39255e-12 0)
(3.69198e-08 -4.75545e-12 0)
(3.68825e-08 -9.25301e-12 0)
(3.68759e-08 -6.10823e-12 0)
(3.6829e-08 -1.34928e-12 0)
(3.67809e-08 -5.61167e-12 0)
(3.67619e-08 -5.88742e-12 0)
(3.6738e-08 -6.55148e-12 0)
(3.67077e-08 1.18591e-12 0)
(3.66849e-08 1.6177e-12 0)
(3.66735e-08 7.37128e-13 0)
(3.66214e-08 -4.74121e-12 0)
(3.66533e-08 -1.22913e-11 0)
(3.65907e-08 -8.26843e-12 0)
(3.65429e-08 -6.4545e-12 0)
(3.65352e-08 -3.60276e-12 0)
(3.65018e-08 -9.83242e-12 0)
(3.65081e-08 -1.21011e-13 0)
(3.64492e-08 6.05266e-12 0)
(3.64567e-08 3.08006e-12 0)
(3.64579e-08 -3.22781e-12 0)
(3.63884e-08 -2.7692e-12 0)
(3.64264e-08 -5.64136e-12 0)
(3.63667e-08 -1.24419e-12 0)
(3.63767e-08 6.35251e-12 0)
(3.63238e-08 2.53838e-11 0)
(3.63005e-08 3.79845e-11 0)
(2.92349e-12 2.85705e-10 0)
(1.16794e-11 7.29335e-10 0)
(1.27714e-10 1.01648e-09 0)
(4.1217e-10 1.1882e-09 0)
(8.42859e-10 1.28766e-09 0)
(1.44557e-09 1.33739e-09 0)
(2.2555e-09 1.34652e-09 0)
(3.21296e-09 1.32543e-09 0)
(4.33703e-09 1.28105e-09 0)
(5.61931e-09 1.21786e-09 0)
(7.03791e-09 1.14086e-09 0)
(8.59883e-09 1.04491e-09 0)
(1.0265e-08 9.65293e-10 0)
(1.20277e-08 8.66536e-10 0)
(1.38697e-08 7.77097e-10 0)
(1.57436e-08 6.93058e-10 0)
(1.76374e-08 6.13843e-10 0)
(1.9613e-08 5.37877e-10 0)
(2.15211e-08 4.68266e-10 0)
(2.34683e-08 4.07005e-10 0)
(2.53454e-08 3.43355e-10 0)
(2.7223e-08 3.08321e-10 0)
(2.90364e-08 2.68015e-10 0)
(3.07775e-08 2.21494e-10 0)
(3.2469e-08 1.89846e-10 0)
(3.40931e-08 1.71272e-10 0)
(3.55844e-08 1.54189e-10 0)
(3.70734e-08 1.3763e-10 0)
(3.84312e-08 1.24912e-10 0)
(3.97341e-08 1.14928e-10 0)
(4.09641e-08 1.04602e-10 0)
(4.20913e-08 1.02132e-10 0)
(4.31204e-08 8.24679e-11 0)
(4.41381e-08 7.03069e-11 0)
(4.50957e-08 6.76145e-11 0)
(4.5928e-08 6.86573e-11 0)
(4.66908e-08 6.8168e-11 0)
(4.74428e-08 6.22726e-11 0)
(4.81378e-08 5.18727e-11 0)
(4.87617e-08 4.86993e-11 0)
(4.9339e-08 3.16514e-11 0)
(4.98816e-08 3.57438e-11 0)
(5.03901e-08 2.81651e-11 0)
(5.08337e-08 3.8877e-11 0)
(5.12553e-08 4.17707e-11 0)
(5.16e-08 3.84333e-11 0)
(5.19966e-08 2.83875e-11 0)
(5.22852e-08 1.37229e-11 0)
(5.25909e-08 1.28139e-11 0)
(5.28627e-08 3.56634e-12 0)
(5.30986e-08 7.25653e-12 0)
(5.33147e-08 1.62602e-11 0)
(5.35289e-08 2.40202e-11 0)
(5.36859e-08 3.16561e-11 0)
(5.38492e-08 1.96833e-11 0)
(5.40006e-08 -2.05715e-12 0)
(5.41289e-08 -1.18263e-11 0)
(5.42392e-08 -1.7849e-11 0)
(5.43462e-08 -1.08178e-11 0)
(5.44176e-08 4.62308e-12 0)
(5.44973e-08 1.44109e-11 0)
(5.45657e-08 7.72544e-12 0)
(5.46369e-08 1.28573e-11 0)
(5.46857e-08 4.98756e-12 0)
(5.46701e-08 1.79745e-12 0)
(5.47281e-08 1.9558e-12 0)
(5.47547e-08 -1.20223e-11 0)
(5.47554e-08 -9.03405e-12 0)
(5.47708e-08 -2.50967e-12 0)
(5.47993e-08 3.8994e-12 0)
(5.47565e-08 1.76301e-12 0)
(5.47457e-08 5.81502e-12 0)
(5.47359e-08 -5.59176e-12 0)
(5.47016e-08 2.11248e-12 0)
(5.46768e-08 1.22608e-12 0)
(5.46614e-08 -3.66574e-12 0)
(5.46588e-08 -4.50996e-14 0)
(5.45946e-08 -1.64191e-12 0)
(5.4558e-08 -2.75733e-12 0)
(5.45509e-08 -1.92279e-12 0)
(5.4471e-08 3.88458e-12 0)
(5.44587e-08 -1.10314e-11 0)
(5.44561e-08 -3.72248e-12 0)
(5.43686e-08 -6.97207e-12 0)
(5.43685e-08 -2.20014e-12 0)
(5.42795e-08 4.62383e-12 0)
(5.42713e-08 1.59507e-12 0)
(5.4228e-08 4.39402e-12 0)
(5.41821e-08 9.32097e-12 0)
(5.41664e-08 1.076e-12 0)
(5.40784e-08 2.10816e-12 0)
(5.40388e-08 2.75615e-12 0)
(5.39851e-08 -5.7432e-12 0)
(5.39562e-08 -1.08605e-11 0)
(5.3922e-08 -9.1488e-12 0)
(5.38434e-08 -8.14372e-12 0)
(5.38217e-08 -6.84089e-12 0)
(5.37754e-08 -1.78829e-12 0)
(5.37324e-08 -3.49848e-12 0)
(5.36971e-08 -4.65987e-12 0)
(5.3659e-08 -1.21811e-11 0)
(5.36262e-08 -6.27594e-12 0)
(5.35887e-08 -1.11441e-11 0)
(5.35747e-08 -1.39631e-11 0)
(5.35044e-08 -1.04596e-11 0)
(5.35054e-08 -1.67807e-11 0)
(5.34467e-08 -3.07984e-12 0)
(5.33873e-08 3.05475e-12 0)
(5.33729e-08 -4.34206e-12 0)
(5.33366e-08 -4.091e-13 0)
(5.33274e-08 3.17112e-12 0)
(5.33031e-08 -1.87403e-12 0)
(5.32518e-08 1.59361e-12 0)
(5.32427e-08 1.01819e-12 0)
(5.3194e-08 -4.99223e-12 0)
(5.32148e-08 -5.77108e-13 0)
(5.31593e-08 2.54889e-12 0)
(5.3125e-08 1.82762e-11 0)
(5.31316e-08 2.85049e-11 0)
(5.31191e-08 4.24852e-11 0)
(-6.77065e-11 3.9924e-10 0)
(1.32284e-10 9.75098e-10 0)
(4.45408e-10 1.33537e-09 0)
(1.01941e-09 1.5595e-09 0)
(1.79841e-09 1.69903e-09 0)
(2.81927e-09 1.76148e-09 0)
(4.06695e-09 1.78232e-09 0)
(5.53303e-09 1.74892e-09 0)
(7.18169e-09 1.69259e-09 0)
(9.01745e-09 1.60705e-09 0)
(1.10175e-08 1.50117e-09 0)
(1.31726e-08 1.39573e-09 0)
(1.54398e-08 1.27901e-09 0)
(1.77992e-08 1.16053e-09 0)
(2.02374e-08 1.0433e-09 0)
(2.27108e-08 9.24264e-10 0)
(2.52221e-08 8.15514e-10 0)
(2.77591e-08 7.1333e-10 0)
(3.0261e-08 6.20935e-10 0)
(3.27402e-08 5.30176e-10 0)
(3.51654e-08 4.66411e-10 0)
(3.75305e-08 4.06485e-10 0)
(3.98677e-08 3.41936e-10 0)
(4.20656e-08 2.92306e-10 0)
(4.42203e-08 2.52734e-10 0)
(4.62471e-08 2.20583e-10 0)
(4.81697e-08 2.01176e-10 0)
(5.00185e-08 1.76899e-10 0)
(5.17287e-08 1.57211e-10 0)
(5.33776e-08 1.4338e-10 0)
(5.49256e-08 1.35103e-10 0)
(5.63769e-08 1.22776e-10 0)
(5.76901e-08 1.05456e-10 0)
(5.89365e-08 9.85376e-11 0)
(6.00933e-08 8.90037e-11 0)
(6.11874e-08 7.91662e-11 0)
(6.21774e-08 8.09921e-11 0)
(6.30835e-08 8.13654e-11 0)
(6.39848e-08 8.35256e-11 0)
(6.4771e-08 6.36567e-11 0)
(6.54797e-08 5.26171e-11 0)
(6.61598e-08 4.10782e-11 0)
(6.67635e-08 3.8612e-11 0)
(6.73292e-08 4.71104e-11 0)
(6.78878e-08 4.98724e-11 0)
(6.8373e-08 4.19137e-11 0)
(6.88177e-08 3.17529e-11 0)
(6.91979e-08 2.23413e-11 0)
(6.95828e-08 1.54377e-11 0)
(6.99094e-08 1.67301e-11 0)
(7.02081e-08 1.61302e-11 0)
(7.04796e-08 1.77419e-11 0)
(7.07179e-08 2.62841e-11 0)
(7.09449e-08 2.12169e-11 0)
(7.11894e-08 1.33717e-11 0)
(7.13495e-08 4.81483e-12 0)
(7.15014e-08 -2.65408e-13 0)
(7.16195e-08 -5.88296e-12 0)
(7.17765e-08 -5.15074e-12 0)
(7.18576e-08 -5.60244e-12 0)
(7.19476e-08 1.20669e-13 0)
(7.20684e-08 -4.25765e-12 0)
(7.2108e-08 2.05684e-12 0)
(7.21598e-08 7.3293e-12 0)
(7.22127e-08 3.26843e-12 0)
(7.22763e-08 -8.87161e-12 0)
(7.2279e-08 -1.0031e-11 0)
(7.22649e-08 -4.21803e-12 0)
(7.23189e-08 -2.2702e-12 0)
(7.23129e-08 2.12745e-12 0)
(7.23024e-08 7.94804e-12 0)
(7.22873e-08 1.38333e-12 0)
(7.22614e-08 5.72862e-12 0)
(7.22367e-08 2.1782e-13 0)
(7.21952e-08 -1.15422e-12 0)
(7.21457e-08 1.17204e-12 0)
(7.2151e-08 1.03439e-11 0)
(7.20879e-08 -1.19739e-12 0)
(7.20579e-08 -1.62599e-12 0)
(7.20003e-08 -6.69554e-12 0)
(7.19272e-08 -1.08924e-11 0)
(7.19355e-08 -1.30283e-11 0)
(7.18695e-08 -1.51762e-11 0)
(7.17918e-08 -2.21031e-11 0)
(7.17791e-08 -1.00646e-11 0)
(7.16857e-08 -1.07472e-11 0)
(7.16654e-08 2.38667e-12 0)
(7.16125e-08 1.98255e-12 0)
(7.15718e-08 7.13315e-12 0)
(7.1535e-08 9.65042e-12 0)
(7.14312e-08 2.5444e-12 0)
(7.14096e-08 -6.54349e-12 0)
(7.13272e-08 -2.89824e-12 0)
(7.12772e-08 -8.19344e-12 0)
(7.12156e-08 -3.47075e-12 0)
(7.11144e-08 4.38638e-13 0)
(7.10957e-08 7.66379e-12 0)
(7.10511e-08 -1.00279e-11 0)
(7.1001e-08 -5.03104e-12 0)
(7.09471e-08 -2.11912e-11 0)
(7.08973e-08 -1.92262e-11 0)
(7.08875e-08 -2.22986e-11 0)
(7.07831e-08 -1.43606e-11 0)
(7.07954e-08 -1.33726e-11 0)
(7.07253e-08 -6.32092e-12 0)
(7.0665e-08 -2.93319e-12 0)
(7.06216e-08 -4.41611e-12 0)
(7.05506e-08 -6.52603e-13 0)
(7.05418e-08 2.44392e-12 0)
(7.04851e-08 -9.28229e-12 0)
(7.04469e-08 -4.78069e-12 0)
(7.04197e-08 9.12271e-13 0)
(7.03965e-08 -6.38919e-12 0)
(7.03708e-08 -1.06541e-12 0)
(7.03289e-08 -3.71561e-12 0)
(7.03371e-08 -1.52943e-12 0)
(7.03e-08 2.97961e-12 0)
(7.02297e-08 6.92773e-12 0)
(7.02557e-08 1.99688e-11 0)
(7.02423e-08 2.40194e-11 0)
(-6.3824e-11 4.79978e-10 0)
(2.9276e-10 1.09996e-09 0)
(8.55268e-10 1.51455e-09 0)
(1.75564e-09 1.77776e-09 0)
(2.93361e-09 1.91869e-09 0)
(4.40594e-09 1.98633e-09 0)
(6.16907e-09 2.00211e-09 0)
(8.14572e-09 1.97921e-09 0)
(1.03755e-08 1.91136e-09 0)
(1.27993e-08 1.82297e-09 0)
(1.53869e-08 1.7031e-09 0)
(1.81371e-08 1.58105e-09 0)
(2.1007e-08 1.44155e-09 0)
(2.39718e-08 1.30538e-09 0)
(2.69931e-08 1.1755e-09 0)
(3.00567e-08 1.04201e-09 0)
(3.31436e-08 9.2238e-10 0)
(3.62312e-08 7.98023e-10 0)
(3.92632e-08 6.8798e-10 0)
(4.22596e-08 5.96934e-10 0)
(4.51807e-08 5.22247e-10 0)
(4.80167e-08 4.34031e-10 0)
(5.08005e-08 3.74123e-10 0)
(5.34184e-08 3.10692e-10 0)
(5.5996e-08 2.71111e-10 0)
(5.84077e-08 2.38363e-10 0)
(6.06962e-08 2.11555e-10 0)
(6.28679e-08 1.86153e-10 0)
(6.4912e-08 1.59269e-10 0)
(6.68588e-08 1.52904e-10 0)
(6.86721e-08 1.43526e-10 0)
(7.03787e-08 1.23398e-10 0)
(7.19624e-08 1.17478e-10 0)
(7.34341e-08 9.67874e-11 0)
(7.48063e-08 9.65003e-11 0)
(7.60883e-08 9.77615e-11 0)
(7.72713e-08 8.68374e-11 0)
(7.83383e-08 8.44432e-11 0)
(7.94068e-08 7.09559e-11 0)
(8.03277e-08 7.06049e-11 0)
(8.11892e-08 5.92144e-11 0)
(8.19681e-08 5.82117e-11 0)
(8.27061e-08 5.39185e-11 0)
(8.33531e-08 4.54382e-11 0)
(8.402e-08 3.75126e-11 0)
(8.45935e-08 3.77564e-11 0)
(8.51103e-08 1.96021e-11 0)
(8.5584e-08 2.50426e-11 0)
(8.60164e-08 2.04122e-11 0)
(8.64095e-08 1.89217e-11 0)
(8.67684e-08 1.60126e-11 0)
(8.70788e-08 1.74632e-11 0)
(8.73662e-08 1.73023e-11 0)
(8.76399e-08 1.02034e-11 0)
(8.79233e-08 1.08656e-11 0)
(8.8115e-08 1.26423e-11 0)
(8.82892e-08 5.28484e-12 0)
(8.84412e-08 1.78232e-12 0)
(8.8605e-08 -7.41207e-12 0)
(8.87145e-08 5.81027e-12 0)
(8.8802e-08 6.38231e-12 0)
(8.89543e-08 1.70369e-12 0)
(8.89953e-08 -5.96142e-12 0)
(8.9066e-08 2.93104e-13 0)
(8.91431e-08 -3.08132e-12 0)
(8.91984e-08 1.51446e-14 0)
(8.92089e-08 -6.54249e-12 0)
(8.91992e-08 -7.73353e-12 0)
(8.92413e-08 -4.80825e-12 0)
(8.92176e-08 8.09249e-13 0)
(8.92303e-08 5.57011e-12 0)
(8.92152e-08 9.48259e-12 0)
(8.91757e-08 7.20449e-12 0)
(8.91507e-08 9.80936e-12 0)
(8.91038e-08 4.72796e-12 0)
(8.90508e-08 5.11224e-12 0)
(8.90448e-08 2.69299e-12 0)
(8.89872e-08 5.33542e-12 0)
(8.89386e-08 1.747e-12 0)
(8.88819e-08 7.69168e-13 0)
(8.88127e-08 -4.43623e-12 0)
(8.87758e-08 -8.71387e-12 0)
(8.87102e-08 -1.2235e-11 0)
(8.86301e-08 -9.74724e-12 0)
(8.86005e-08 -1.25518e-11 0)
(8.85007e-08 -5.78428e-12 0)
(8.84734e-08 2.69148e-12 0)
(8.84077e-08 2.47386e-13 0)
(8.83551e-08 -1.6479e-12 0)
(8.83259e-08 3.69229e-12 0)
(8.82057e-08 1.3668e-12 0)
(8.81754e-08 7.21366e-13 0)
(8.80798e-08 -3.37503e-12 0)
(8.80084e-08 -3.48739e-12 0)
(8.79384e-08 1.75468e-12 0)
(8.78368e-08 -1.09849e-12 0)
(8.78247e-08 -1.09039e-12 0)
(8.77383e-08 -6.7512e-12 0)
(8.76792e-08 -2.08739e-11 0)
(8.7628e-08 -2.29814e-11 0)
(8.75533e-08 -2.18811e-11 0)
(8.75384e-08 -2.34251e-11 0)
(8.74264e-08 -2.09266e-11 0)
(8.74436e-08 -1.28416e-11 0)
(8.73522e-08 -1.02017e-11 0)
(8.72845e-08 -7.02393e-12 0)
(8.72252e-08 -2.26176e-12 0)
(8.71601e-08 -4.38315e-13 0)
(8.71522e-08 -4.4504e-13 0)
(8.70655e-08 -2.53327e-12 0)
(8.70187e-08 -1.33213e-11 0)
(8.70113e-08 -7.87262e-12 0)
(8.69736e-08 -3.95253e-12 0)
(8.69364e-08 -1.11873e-11 0)
(8.68838e-08 -4.7368e-12 0)
(8.68917e-08 -9.72728e-12 0)
(8.68602e-08 -1.03344e-11 0)
(8.67964e-08 -1.50617e-12 0)
(8.67922e-08 9.80411e-12 0)
(8.68011e-08 8.25177e-12 0)
(-3.78305e-11 4.76148e-10 0)
(4.45787e-10 1.08222e-09 0)
(1.28273e-09 1.48653e-09 0)
(2.53613e-09 1.73443e-09 0)
(4.11236e-09 1.88297e-09 0)
(6.03643e-09 1.95008e-09 0)
(8.29185e-09 1.96722e-09 0)
(1.07927e-08 1.93914e-09 0)
(1.35768e-08 1.88512e-09 0)
(1.65456e-08 1.79493e-09 0)
(1.9705e-08 1.68358e-09 0)
(2.30036e-08 1.54831e-09 0)
(2.64596e-08 1.42408e-09 0)
(2.99644e-08 1.28911e-09 0)
(3.3524e-08 1.1552e-09 0)
(3.71433e-08 1.03801e-09 0)
(4.07256e-08 9.08395e-10 0)
(4.42955e-08 7.93497e-10 0)
(4.7806e-08 6.81374e-10 0)
(5.12652e-08 5.90457e-10 0)
(5.4607e-08 5.01199e-10 0)
(5.78517e-08 4.30088e-10 0)
(6.10322e-08 3.58233e-10 0)
(6.40298e-08 3.02202e-10 0)
(6.6928e-08 2.59782e-10 0)
(6.96691e-08 2.32576e-10 0)
(7.22637e-08 1.98386e-10 0)
(7.47439e-08 1.77758e-10 0)
(7.70341e-08 1.66251e-10 0)
(7.92468e-08 1.42761e-10 0)
(8.12942e-08 1.30346e-10 0)
(8.32476e-08 1.27063e-10 0)
(8.50121e-08 1.1309e-10 0)
(8.66757e-08 9.70411e-11 0)
(8.82327e-08 8.86018e-11 0)
(8.96957e-08 8.43713e-11 0)
(9.10157e-08 8.67467e-11 0)
(9.22314e-08 7.55481e-11 0)
(9.34222e-08 7.40078e-11 0)
(9.44842e-08 6.48385e-11 0)
(9.54406e-08 6.54436e-11 0)
(9.63389e-08 6.16744e-11 0)
(9.71492e-08 5.29615e-11 0)
(9.7911e-08 4.34473e-11 0)
(9.86556e-08 3.08414e-11 0)
(9.9289e-08 2.84592e-11 0)
(9.98741e-08 3.57935e-11 0)
(1.004e-07 2.36714e-11 0)
(1.00918e-07 1.86183e-11 0)
(1.01353e-07 1.63403e-11 0)
(1.01756e-07 1.75764e-11 0)
(1.02105e-07 1.75987e-11 0)
(1.02436e-07 4.70681e-12 0)
(1.02736e-07 1.65992e-11 0)
(1.03047e-07 9.91736e-12 0)
(1.03271e-07 6.66213e-12 0)
(1.0347e-07 1.39933e-13 0)
(1.03642e-07 -1.26874e-12 0)
(1.03828e-07 -7.70574e-13 0)
(1.03946e-07 1.67967e-12 0)
(1.04068e-07 2.68186e-13 0)
(1.04219e-07 2.50031e-12 0)
(1.04274e-07 -9.47729e-12 0)
(1.04345e-07 -4.98317e-12 0)
(1.04418e-07 -8.89185e-13 0)
(1.04487e-07 -5.71051e-12 0)
(1.04493e-07 -1.44291e-12 0)
(1.04477e-07 -3.99416e-12 0)
(1.04537e-07 -3.22285e-14 0)
(1.04523e-07 2.33827e-12 0)
(1.04526e-07 5.27663e-12 0)
(1.04495e-07 1.36152e-11 0)
(1.04459e-07 1.42605e-11 0)
(1.04433e-07 3.50609e-12 0)
(1.04387e-07 7.86747e-13 0)
(1.0433e-07 3.34858e-12 0)
(1.04316e-07 2.64735e-12 0)
(1.04251e-07 5.0561e-12 0)
(1.04197e-07 3.69519e-13 0)
(1.04127e-07 -3.52011e-12 0)
(1.04047e-07 -8.57917e-12 0)
(1.04031e-07 -5.26309e-12 0)
(1.03937e-07 -1.31278e-11 0)
(1.03841e-07 -1.70699e-11 0)
(1.0382e-07 -2.26638e-11 0)
(1.03722e-07 -1.25881e-11 0)
(1.03671e-07 -1.01817e-11 0)
(1.036e-07 -2.55635e-12 0)
(1.03529e-07 8.2902e-13 0)
(1.03484e-07 4.5651e-12 0)
(1.03365e-07 1.73968e-11 0)
(1.03324e-07 1.32213e-11 0)
(1.03216e-07 7.15787e-12 0)
(1.03162e-07 1.19938e-11 0)
(1.03066e-07 8.55205e-12 0)
(1.02954e-07 9.84268e-12 0)
(1.02914e-07 -6.96744e-12 0)
(1.02846e-07 -7.84471e-12 0)
(1.02773e-07 -2.42531e-11 0)
(1.02717e-07 -2.61444e-11 0)
(1.02642e-07 -2.31065e-11 0)
(1.02606e-07 -2.74854e-11 0)
(1.02496e-07 -2.07313e-11 0)
(1.02482e-07 -1.73081e-11 0)
(1.02392e-07 -1.11727e-11 0)
(1.0233e-07 1.10004e-11 0)
(1.02256e-07 2.21383e-11 0)
(1.0218e-07 9.93882e-12 0)
(1.02156e-07 -2.53563e-12 0)
(1.0209e-07 -8.33335e-12 0)
(1.02027e-07 -1.25283e-11 0)
(1.01988e-07 -1.9002e-11 0)
(1.01971e-07 -2.33222e-11 0)
(1.01935e-07 -8.23795e-12 0)
(1.01879e-07 -1.25258e-11 0)
(1.01893e-07 -8.91327e-12 0)
(1.01832e-07 -4.03215e-12 0)
(1.01773e-07 -1.33825e-12 0)
(1.01772e-07 -7.57653e-12 0)
(1.01765e-07 -4.42341e-12 0)
(4.97245e-11 4.00515e-10 0)
(6.03994e-10 9.1465e-10 0)
(1.67546e-09 1.25681e-09 0)
(3.23619e-09 1.47057e-09 0)
(5.17612e-09 1.59686e-09 0)
(7.50866e-09 1.64817e-09 0)
(1.01928e-08 1.66006e-09 0)
(1.31532e-08 1.63961e-09 0)
(1.63916e-08 1.59209e-09 0)
(1.98477e-08 1.50865e-09 0)
(2.34938e-08 1.417e-09 0)
(2.7275e-08 1.31456e-09 0)
(3.11995e-08 1.2038e-09 0)
(3.51697e-08 1.09011e-09 0)
(3.91986e-08 9.7968e-10 0)
(4.32275e-08 8.61132e-10 0)
(4.72332e-08 7.6048e-10 0)
(5.12241e-08 6.58759e-10 0)
(5.51002e-08 5.75065e-10 0)
(5.89301e-08 4.93015e-10 0)
(6.2625e-08 4.25974e-10 0)
(6.62193e-08 3.55267e-10 0)
(6.96694e-08 2.98844e-10 0)
(7.29788e-08 2.48929e-10 0)
(7.61363e-08 2.17795e-10 0)
(7.91657e-08 1.90369e-10 0)
(8.19735e-08 1.75459e-10 0)
(8.46915e-08 1.55351e-10 0)
(8.72249e-08 1.23699e-10 0)
(8.95963e-08 1.14384e-10 0)
(9.18248e-08 1.0843e-10 0)
(9.39265e-08 9.71454e-11 0)
(9.58605e-08 8.2982e-11 0)
(9.76997e-08 8.17851e-11 0)
(9.94199e-08 7.73122e-11 0)
(1.00989e-07 7.02803e-11 0)
(1.0241e-07 7.37603e-11 0)
(1.03773e-07 6.2903e-11 0)
(1.05045e-07 5.7493e-11 0)
(1.06195e-07 6.37868e-11 0)
(1.0725e-07 5.64602e-11 0)
(1.08232e-07 5.06895e-11 0)
(1.09142e-07 3.29344e-11 0)
(1.09982e-07 2.99917e-11 0)
(1.10743e-07 2.38848e-11 0)
(1.11426e-07 1.06632e-11 0)
(1.1208e-07 1.93159e-11 0)
(1.12664e-07 2.15984e-11 0)
(1.13196e-07 1.46364e-11 0)
(1.13694e-07 1.25575e-11 0)
(1.14129e-07 1.02234e-11 0)
(1.14536e-07 1.11419e-11 0)
(1.1492e-07 9.69517e-12 0)
(1.15192e-07 4.84416e-12 0)
(1.15515e-07 6.92396e-12 0)
(1.15769e-07 8.5745e-12 0)
(1.16002e-07 9.72342e-12 0)
(1.16226e-07 6.67527e-12 0)
(1.1636e-07 8.53163e-12 0)
(1.16529e-07 1.48564e-12 0)
(1.16671e-07 -1.16859e-11 0)
(1.16808e-07 -1.7406e-11 0)
(1.16902e-07 -5.79459e-12 0)
(1.16955e-07 -1.26419e-11 0)
(1.17023e-07 -1.0184e-11 0)
(1.17059e-07 -1.03054e-12 0)
(1.17115e-07 -8.37577e-12 0)
(1.17109e-07 -4.14008e-12 0)
(1.17138e-07 -5.79102e-12 0)
(1.1716e-07 -2.51288e-12 0)
(1.17117e-07 3.5564e-12 0)
(1.17096e-07 1.50321e-11 0)
(1.17064e-07 1.95129e-11 0)
(1.17034e-07 1.72805e-11 0)
(1.16994e-07 1.24944e-11 0)
(1.16958e-07 4.36527e-12 0)
(1.16923e-07 5.63692e-12 0)
(1.16819e-07 2.96836e-12 0)
(1.16789e-07 1.10649e-12 0)
(1.1672e-07 -2.61673e-12 0)
(1.16646e-07 -4.66644e-13 0)
(1.16587e-07 -8.12815e-12 0)
(1.16521e-07 -1.3485e-11 0)
(1.16426e-07 -1.75915e-11 0)
(1.16357e-07 -2.36732e-11 0)
(1.16297e-07 -1.47751e-11 0)
(1.1621e-07 -9.78311e-12 0)
(1.16133e-07 -4.50429e-12 0)
(1.16054e-07 -4.76829e-12 0)
(1.15975e-07 5.35517e-12 0)
(1.15894e-07 9.64086e-12 0)
(1.15803e-07 1.59992e-11 0)
(1.15726e-07 1.37393e-11 0)
(1.15643e-07 1.43342e-11 0)
(1.15558e-07 1.28163e-11 0)
(1.15478e-07 7.74398e-12 0)
(1.15395e-07 1.20089e-12 0)
(1.15321e-07 -5.69333e-12 0)
(1.15241e-07 -1.75525e-11 0)
(1.15178e-07 -2.83076e-11 0)
(1.15083e-07 -3.01932e-11 0)
(1.1502e-07 -2.13445e-11 0)
(1.14949e-07 -3.41315e-11 0)
(1.14894e-07 -2.1705e-11 0)
(1.14802e-07 -7.74028e-12 0)
(1.14759e-07 2.98849e-12 0)
(1.14652e-07 1.1005e-11 0)
(1.14606e-07 1.2726e-11 0)
(1.14562e-07 3.06651e-12 0)
(1.14495e-07 -3.46805e-12 0)
(1.14446e-07 -2.15716e-11 0)
(1.14378e-07 -3.23375e-11 0)
(1.14344e-07 -2.31599e-11 0)
(1.14304e-07 -2.16435e-11 0)
(1.14278e-07 -2.08603e-11 0)
(1.14267e-07 -1.77532e-11 0)
(1.142e-07 -1.46672e-11 0)
(1.14144e-07 -1.48237e-11 0)
(1.14135e-07 -2.0821e-11 0)
(1.14114e-07 -3.37173e-11 0)
(-1.42576e-11 2.69034e-10 0)
(7.07007e-10 6.1195e-10 0)
(1.98304e-09 8.30469e-10 0)
(3.75019e-09 9.747e-10 0)
(5.98879e-09 1.0586e-09 0)
(8.60955e-09 1.10253e-09 0)
(1.16226e-08 1.11055e-09 0)
(1.49135e-08 1.09791e-09 0)
(1.85038e-08 1.05831e-09 0)
(2.23082e-08 1.01685e-09 0)
(2.63076e-08 9.62968e-10 0)
(3.04533e-08 8.81069e-10 0)
(3.47028e-08 8.05314e-10 0)
(3.90241e-08 7.21689e-10 0)
(4.33583e-08 6.51752e-10 0)
(4.77027e-08 5.79099e-10 0)
(5.20442e-08 5.07983e-10 0)
(5.62896e-08 4.47213e-10 0)
(6.04416e-08 3.79543e-10 0)
(6.45343e-08 3.2872e-10 0)
(6.84706e-08 2.74344e-10 0)
(7.22914e-08 2.28092e-10 0)
(7.59563e-08 1.94901e-10 0)
(7.94603e-08 1.70928e-10 0)
(8.28052e-08 1.4605e-10 0)
(8.59906e-08 1.30546e-10 0)
(8.89845e-08 1.12702e-10 0)
(9.18747e-08 9.58386e-11 0)
(9.45263e-08 9.2689e-11 0)
(9.70437e-08 7.94309e-11 0)
(9.94354e-08 7.63628e-11 0)
(1.0162e-07 6.57219e-11 0)
(1.0371e-07 5.99118e-11 0)
(1.05622e-07 4.31878e-11 0)
(1.07407e-07 4.31751e-11 0)
(1.09076e-07 5.33485e-11 0)
(1.10605e-07 4.94902e-11 0)
(1.12036e-07 5.43571e-11 0)
(1.1336e-07 4.87101e-11 0)
(1.14593e-07 4.03385e-11 0)
(1.15709e-07 5.14671e-11 0)
(1.16766e-07 3.54431e-11 0)
(1.17713e-07 3.05038e-11 0)
(1.18589e-07 2.16377e-11 0)
(1.1941e-07 1.78429e-11 0)
(1.20122e-07 1.26228e-11 0)
(1.20806e-07 1.03908e-12 0)
(1.21432e-07 3.00867e-12 0)
(1.21989e-07 4.70741e-12 0)
(1.22505e-07 6.99125e-12 0)
(1.22988e-07 3.42544e-12 0)
(1.23399e-07 3.93375e-14 0)
(1.23779e-07 2.68005e-13 0)
(1.24123e-07 2.13849e-12 0)
(1.24436e-07 7.23863e-12 0)
(1.24698e-07 6.28394e-12 0)
(1.24951e-07 8.21019e-12 0)
(1.25166e-07 5.65637e-12 0)
(1.25352e-07 5.78221e-12 0)
(1.25517e-07 -3.32706e-12 0)
(1.25657e-07 -6.80442e-12 0)
(1.25785e-07 -7.82375e-12 0)
(1.2587e-07 -1.30907e-11 0)
(1.25934e-07 -5.9539e-12 0)
(1.2605e-07 -8.44246e-12 0)
(1.2608e-07 -8.80046e-12 0)
(1.26107e-07 -5.52693e-12 0)
(1.26135e-07 -6.87408e-12 0)
(1.26138e-07 -2.59113e-12 0)
(1.26144e-07 -1.13888e-12 0)
(1.26127e-07 3.87163e-12 0)
(1.26088e-07 5.19904e-12 0)
(1.26078e-07 1.59498e-11 0)
(1.26048e-07 1.03732e-11 0)
(1.25989e-07 7.00851e-12 0)
(1.25947e-07 7.16987e-12 0)
(1.25919e-07 -6.27308e-12 0)
(1.25828e-07 4.24843e-12 0)
(1.25766e-07 5.2188e-12 0)
(1.25724e-07 8.89923e-12 0)
(1.25628e-07 8.25103e-12 0)
(1.25542e-07 -6.1723e-14 0)
(1.25517e-07 -5.81316e-12 0)
(1.25409e-07 -1.96089e-11 0)
(1.25296e-07 -2.47201e-11 0)
(1.25249e-07 -2.16276e-11 0)
(1.25175e-07 -2.34152e-11 0)
(1.251e-07 -1.19475e-11 0)
(1.25001e-07 -9.63013e-12 0)
(1.24889e-07 4.81041e-12 0)
(1.24842e-07 1.05286e-11 0)
(1.24724e-07 1.4864e-11 0)
(1.24674e-07 1.7593e-11 0)
(1.2457e-07 1.5632e-11 0)
(1.24457e-07 2.06718e-11 0)
(1.244e-07 3.0642e-12 0)
(1.24307e-07 -4.52684e-12 0)
(1.24255e-07 -1.17034e-11 0)
(1.24163e-07 -1.95495e-11 0)
(1.24066e-07 -1.39172e-11 0)
(1.23958e-07 -1.80086e-11 0)
(1.23938e-07 -2.7168e-11 0)
(1.23824e-07 -3.0391e-11 0)
(1.2375e-07 -1.33113e-11 0)
(1.23669e-07 -7.78665e-13 0)
(1.23598e-07 7.86342e-12 0)
(1.23525e-07 1.46446e-11 0)
(1.23473e-07 2.87559e-12 0)
(1.23419e-07 -2.64781e-12 0)
(1.23388e-07 -9.94755e-12 0)
(1.23281e-07 -2.16423e-11 0)
(1.23264e-07 -2.57614e-11 0)
(1.23196e-07 -3.05071e-11 0)
(1.23153e-07 -3.14327e-11 0)
(1.23109e-07 -2.29835e-11 0)
(1.2308e-07 -1.71542e-11 0)
(1.23019e-07 -1.1648e-11 0)
(1.23023e-07 -1.63001e-11 0)
(1.22959e-07 -2.66034e-11 0)
(1.22894e-07 -2.73431e-11 0)
(5.83067e-11 1.01641e-10 0)
(7.821e-10 2.18877e-10 0)
(2.15564e-09 2.94842e-10 0)
(4.03374e-09 3.44956e-10 0)
(6.40937e-09 3.77054e-10 0)
(9.22074e-09 3.90605e-10 0)
(1.23789e-08 3.9337e-10 0)
(1.58462e-08 3.91103e-10 0)
(1.96249e-08 3.78186e-10 0)
(2.36286e-08 3.60997e-10 0)
(2.7814e-08 3.38466e-10 0)
(3.21474e-08 3.16001e-10 0)
(3.65608e-08 2.86939e-10 0)
(4.10627e-08 2.61497e-10 0)
(4.55741e-08 2.31673e-10 0)
(5.00878e-08 2.01592e-10 0)
(5.45852e-08 1.86462e-10 0)
(5.89638e-08 1.68436e-10 0)
(6.32663e-08 1.42897e-10 0)
(6.74854e-08 1.19027e-10 0)
(7.15527e-08 9.03863e-11 0)
(7.54903e-08 7.3999e-11 0)
(7.92695e-08 6.50615e-11 0)
(8.28792e-08 6.06878e-11 0)
(8.62902e-08 4.77846e-11 0)
(8.95795e-08 4.19002e-11 0)
(9.26824e-08 4.04119e-11 0)
(9.56269e-08 3.8238e-11 0)
(9.83478e-08 3.02889e-11 0)
(1.00956e-07 3.19652e-11 0)
(1.03398e-07 2.53876e-11 0)
(1.05671e-07 2.47426e-11 0)
(1.07807e-07 2.29294e-11 0)
(1.09758e-07 1.82225e-11 0)
(1.1158e-07 1.36294e-11 0)
(1.13305e-07 1.76122e-11 0)
(1.14876e-07 2.37616e-11 0)
(1.16342e-07 1.91282e-11 0)
(1.17727e-07 1.71324e-11 0)
(1.18952e-07 2.5209e-11 0)
(1.20132e-07 2.1722e-11 0)
(1.21214e-07 1.72611e-11 0)
(1.22191e-07 1.30514e-11 0)
(1.23075e-07 3.0901e-12 0)
(1.2394e-07 4.27664e-12 0)
(1.24679e-07 -5.74331e-12 0)
(1.25352e-07 -1.08873e-12 0)
(1.26004e-07 -3.06921e-12 0)
(1.26567e-07 4.25546e-13 0)
(1.27095e-07 -3.91591e-12 0)
(1.27617e-07 -8.3233e-13 0)
(1.28002e-07 4.14656e-12 0)
(1.28403e-07 6.10167e-12 0)
(1.28757e-07 -9.24338e-13 0)
(1.29079e-07 3.91664e-12 0)
(1.29384e-07 -9.22995e-13 0)
(1.2959e-07 2.46645e-12 0)
(1.29832e-07 -2.2798e-12 0)
(1.3004e-07 -2.96833e-12 0)
(1.30188e-07 -4.60795e-12 0)
(1.30361e-07 -4.30239e-12 0)
(1.30463e-07 -1.62494e-11 0)
(1.30541e-07 -6.74853e-12 0)
(1.3063e-07 -6.68012e-12 0)
(1.30716e-07 -5.29114e-12 0)
(1.30776e-07 -1.21387e-11 0)
(1.30801e-07 6.48381e-12 0)
(1.30839e-07 -8.26841e-13 0)
(1.30809e-07 -2.91351e-12 0)
(1.3083e-07 1.15906e-11 0)
(1.30829e-07 1.89138e-11 0)
(1.3079e-07 1.12907e-11 0)
(1.30772e-07 7.00181e-12 0)
(1.30739e-07 1.08596e-11 0)
(1.30698e-07 7.42586e-12 0)
(1.30625e-07 5.79465e-12 0)
(1.30603e-07 1.10969e-11 0)
(1.3052e-07 1.01553e-12 0)
(1.30446e-07 4.94537e-12 0)
(1.30392e-07 3.0753e-12 0)
(1.30326e-07 -6.30069e-12 0)
(1.30224e-07 -1.65876e-13 0)
(1.302e-07 -1.20171e-11 0)
(1.30082e-07 -1.39495e-11 0)
(1.2997e-07 -1.5004e-11 0)
(1.2991e-07 -1.92265e-11 0)
(1.29834e-07 -5.23131e-12 0)
(1.29752e-07 -3.31051e-12 0)
(1.29657e-07 6.07506e-12 0)
(1.29562e-07 1.47906e-11 0)
(1.29483e-07 8.84644e-12 0)
(1.29382e-07 1.45894e-11 0)
(1.29317e-07 2.26994e-11 0)
(1.29216e-07 2.10818e-11 0)
(1.29136e-07 9.3679e-12 0)
(1.29066e-07 8.90256e-12 0)
(1.28944e-07 2.79691e-12 0)
(1.2889e-07 -6.7324e-12 0)
(1.28798e-07 -8.10706e-12 0)
(1.28703e-07 -1.23574e-11 0)
(1.28613e-07 -1.86277e-11 0)
(1.28572e-07 -2.58221e-11 0)
(1.28452e-07 -2.41239e-11 0)
(1.28347e-07 -1.23841e-11 0)
(1.28285e-07 3.4362e-12 0)
(1.28219e-07 8.38519e-12 0)
(1.28161e-07 4.43624e-12 0)
(1.28101e-07 5.12976e-12 0)
(1.28049e-07 -4.20932e-12 0)
(1.27969e-07 -1.51332e-11 0)
(1.27915e-07 -2.13114e-11 0)
(1.27908e-07 -2.05083e-11 0)
(1.27779e-07 -3.01591e-11 0)
(1.27763e-07 -2.52592e-11 0)
(1.27726e-07 -3.00744e-11 0)
(1.2769e-07 -2.21424e-11 0)
(1.27612e-07 -1.78297e-11 0)
(1.27625e-07 -1.90378e-11 0)
(1.27544e-07 -1.53142e-11 0)
(1.27502e-07 -1.84713e-11 0)
(-7.28757e-12 -9.33244e-11 0)
(7.70769e-10 -2.16574e-10 0)
(2.15693e-09 -3.04171e-10 0)
(4.03124e-09 -3.58799e-10 0)
(6.42063e-09 -3.79832e-10 0)
(9.21211e-09 -3.87214e-10 0)
(1.23837e-08 -3.85715e-10 0)
(1.58529e-08 -3.76107e-10 0)
(1.96417e-08 -3.57084e-10 0)
(2.36183e-08 -3.44248e-10 0)
(2.78215e-08 -3.22496e-10 0)
(3.21436e-08 -3.05158e-10 0)
(3.65712e-08 -2.82602e-10 0)
(4.10678e-08 -2.54687e-10 0)
(4.55739e-08 -2.263e-10 0)
(5.00744e-08 -1.89794e-10 0)
(5.45885e-08 -1.78883e-10 0)
(5.89618e-08 -1.56147e-10 0)
(6.32791e-08 -1.33461e-10 0)
(6.75014e-08 -1.16099e-10 0)
(7.15646e-08 -9.79455e-11 0)
(7.54842e-08 -7.61185e-11 0)
(7.9257e-08 -7.30775e-11 0)
(8.28777e-08 -6.33795e-11 0)
(8.63033e-08 -5.43098e-11 0)
(8.95804e-08 -3.59984e-11 0)
(9.26831e-08 -3.87446e-11 0)
(9.56081e-08 -3.7009e-11 0)
(9.8371e-08 -2.96175e-11 0)
(1.00947e-07 -3.26615e-11 0)
(1.03402e-07 -2.21326e-11 0)
(1.05646e-07 -1.56895e-11 0)
(1.07812e-07 -1.42405e-11 0)
(1.09768e-07 -1.68014e-11 0)
(1.11595e-07 -1.75307e-11 0)
(1.1331e-07 -1.83437e-11 0)
(1.14881e-07 -1.28793e-11 0)
(1.16324e-07 -1.10448e-11 0)
(1.17706e-07 -9.84825e-12 0)
(1.18967e-07 -7.31075e-12 0)
(1.20137e-07 -3.49705e-12 0)
(1.21233e-07 -6.98263e-12 0)
(1.22193e-07 -9.64523e-12 0)
(1.23064e-07 -5.40236e-13 0)
(1.23926e-07 -1.00766e-11 0)
(1.2468e-07 -8.25308e-12 0)
(1.25389e-07 -1.00208e-11 0)
(1.26006e-07 -1.48339e-11 0)
(1.26589e-07 -2.03859e-11 0)
(1.271e-07 -1.62136e-11 0)
(1.276e-07 -8.52475e-12 0)
(1.28011e-07 -5.87138e-12 0)
(1.28404e-07 -2.56771e-12 0)
(1.28753e-07 -2.35499e-12 0)
(1.29087e-07 -5.31766e-12 0)
(1.29366e-07 -6.07971e-12 0)
(1.29605e-07 -6.51031e-12 0)
(1.29828e-07 -4.13276e-12 0)
(1.30031e-07 -3.83589e-12 0)
(1.30174e-07 -1.17789e-12 0)
(1.30358e-07 -9.04655e-12 0)
(1.30462e-07 -7.93528e-12 0)
(1.30552e-07 -6.09613e-12 0)
(1.30633e-07 -1.4004e-11 0)
(1.30728e-07 -1.20384e-11 0)
(1.30756e-07 -9.74354e-12 0)
(1.30789e-07 -3.92174e-12 0)
(1.30838e-07 -2.26809e-12 0)
(1.30831e-07 4.97872e-12 0)
(1.30835e-07 5.98571e-12 0)
(1.30824e-07 1.13403e-11 0)
(1.30798e-07 1.44558e-11 0)
(1.30772e-07 1.30076e-11 0)
(1.30747e-07 7.50962e-12 0)
(1.3069e-07 1.2945e-11 0)
(1.30622e-07 9.76972e-12 0)
(1.30597e-07 7.15606e-12 0)
(1.30524e-07 7.18917e-12 0)
(1.30448e-07 5.53221e-12 0)
(1.30386e-07 7.04184e-12 0)
(1.303e-07 6.45671e-12 0)
(1.30228e-07 4.53146e-12 0)
(1.30186e-07 -1.53968e-12 0)
(1.3009e-07 -1.73631e-11 0)
(1.2998e-07 -1.33379e-11 0)
(1.29903e-07 -9.49963e-12 0)
(1.29836e-07 -1.67149e-11 0)
(1.29751e-07 -9.09085e-12 0)
(1.29677e-07 4.31186e-12 0)
(1.29549e-07 1.22861e-11 0)
(1.29499e-07 1.91992e-11 0)
(1.29372e-07 2.26702e-11 0)
(1.29321e-07 1.1321e-11 0)
(1.29212e-07 1.61815e-11 0)
(1.29126e-07 1.63169e-11 0)
(1.29058e-07 3.41234e-12 0)
(1.28959e-07 3.78736e-12 0)
(1.28902e-07 -3.13513e-13 0)
(1.28821e-07 -8.83561e-12 0)
(1.28708e-07 -1.47271e-11 0)
(1.28609e-07 -1.38841e-11 0)
(1.28557e-07 -1.26642e-11 0)
(1.28455e-07 -1.36156e-11 0)
(1.28355e-07 -1.68651e-11 0)
(1.28285e-07 2.1545e-13 0)
(1.28207e-07 -6.67231e-13 0)
(1.28171e-07 -3.22274e-13 0)
(1.28091e-07 -3.1507e-12 0)
(1.2805e-07 -8.87174e-12 0)
(1.27997e-07 -1.97645e-11 0)
(1.27891e-07 -1.44887e-11 0)
(1.27898e-07 -2.99683e-11 0)
(1.27804e-07 -3.03072e-11 0)
(1.27754e-07 -3.31834e-11 0)
(1.27714e-07 -2.68652e-11 0)
(1.27673e-07 -2.54879e-11 0)
(1.27606e-07 -2.87158e-11 0)
(1.27609e-07 -2.21892e-11 0)
(1.27539e-07 -1.56531e-11 0)
(1.27468e-07 -1.27719e-11 0)
(5.70798e-11 -2.69163e-10 0)
(7.1607e-10 -6.13352e-10 0)
(1.99354e-09 -8.386e-10 0)
(3.74818e-09 -9.78007e-10 0)
(5.98746e-09 -1.06179e-09 0)
(8.62628e-09 -1.10037e-09 0)
(1.16188e-08 -1.10226e-09 0)
(1.49063e-08 -1.08348e-09 0)
(1.85045e-08 -1.05069e-09 0)
(2.23163e-08 -9.98733e-10 0)
(2.63161e-08 -9.34542e-10 0)
(3.04608e-08 -8.65693e-10 0)
(3.47031e-08 -7.93902e-10 0)
(3.90352e-08 -7.23956e-10 0)
(4.33584e-08 -6.4093e-10 0)
(4.77154e-08 -5.73448e-10 0)
(5.20531e-08 -5.06818e-10 0)
(5.62814e-08 -4.40627e-10 0)
(6.04651e-08 -3.80532e-10 0)
(6.45454e-08 -3.32782e-10 0)
(6.84955e-08 -2.82689e-10 0)
(7.2283e-08 -2.41959e-10 0)
(7.59613e-08 -1.98599e-10 0)
(7.94466e-08 -1.7114e-10 0)
(8.28106e-08 -1.41077e-10 0)
(8.59847e-08 -1.32757e-10 0)
(8.90051e-08 -1.10515e-10 0)
(9.18637e-08 -9.83451e-11 0)
(9.45293e-08 -7.98929e-11 0)
(9.70534e-08 -7.26674e-11 0)
(9.94414e-08 -6.83837e-11 0)
(1.01624e-07 -6.24205e-11 0)
(1.03728e-07 -5.21121e-11 0)
(1.05623e-07 -5.34992e-11 0)
(1.07401e-07 -4.37473e-11 0)
(1.09072e-07 -3.87048e-11 0)
(1.10609e-07 -4.28652e-11 0)
(1.12044e-07 -3.97669e-11 0)
(1.1337e-07 -3.77334e-11 0)
(1.14586e-07 -3.03489e-11 0)
(1.15719e-07 -2.65973e-11 0)
(1.16768e-07 -2.31301e-11 0)
(1.17732e-07 -2.28757e-11 0)
(1.18591e-07 -2.26919e-11 0)
(1.1943e-07 -2.40787e-11 0)
(1.20147e-07 -3.03089e-11 0)
(1.2081e-07 -3.13719e-11 0)
(1.2147e-07 -2.56775e-11 0)
(1.22002e-07 -1.69863e-11 0)
(1.22502e-07 -1.551e-11 0)
(1.22982e-07 -1.42589e-11 0)
(1.23377e-07 -1.43794e-11 0)
(1.23777e-07 -1.05063e-11 0)
(1.24121e-07 -2.62346e-12 0)
(1.24424e-07 -1.17965e-11 0)
(1.24715e-07 -6.17977e-12 0)
(1.24932e-07 -1.23266e-11 0)
(1.25161e-07 8.22429e-13 0)
(1.25369e-07 -5.68243e-12 0)
(1.25499e-07 -1.3145e-11 0)
(1.25659e-07 -7.94099e-12 0)
(1.25794e-07 -8.12226e-12 0)
(1.25843e-07 -1.14027e-11 0)
(1.2595e-07 -1.10358e-11 0)
(1.26033e-07 -1.37667e-11 0)
(1.26067e-07 -8.30261e-12 0)
(1.26101e-07 -9.77018e-12 0)
(1.26138e-07 -2.13189e-12 0)
(1.26132e-07 -4.13193e-12 0)
(1.26139e-07 5.932e-12 0)
(1.26129e-07 8.21747e-12 0)
(1.2611e-07 1.66584e-11 0)
(1.26115e-07 6.79264e-12 0)
(1.26057e-07 1.19412e-11 0)
(1.25994e-07 2.10929e-11 0)
(1.2591e-07 1.69504e-11 0)
(1.2592e-07 1.34535e-11 0)
(1.25827e-07 5.50932e-12 0)
(1.25753e-07 1.01106e-11 0)
(1.25701e-07 9.05704e-12 0)
(1.25635e-07 5.78664e-12 0)
(1.25553e-07 -1.83698e-12 0)
(1.25511e-07 -5.52599e-12 0)
(1.25397e-07 -1.67113e-11 0)
(1.25331e-07 -1.86731e-11 0)
(1.25242e-07 -1.70374e-11 0)
(1.25158e-07 -1.04842e-11 0)
(1.25091e-07 4.18035e-12 0)
(1.24991e-07 1.13317e-11 0)
(1.24899e-07 1.90104e-11 0)
(1.24831e-07 2.93896e-11 0)
(1.24739e-07 1.91395e-11 0)
(1.2465e-07 2.3682e-11 0)
(1.24564e-07 1.78853e-11 0)
(1.2449e-07 1.08473e-11 0)
(1.24426e-07 4.50574e-12 0)
(1.24319e-07 6.62159e-12 0)
(1.2426e-07 5.4684e-13 0)
(1.24157e-07 5.49087e-12 0)
(1.24075e-07 -3.49129e-13 0)
(1.24006e-07 -5.33464e-12 0)
(1.23927e-07 -7.5103e-12 0)
(1.23827e-07 -4.42517e-12 0)
(1.23715e-07 -7.07467e-12 0)
(1.23673e-07 -1.5893e-11 0)
(1.2361e-07 -7.79994e-12 0)
(1.23566e-07 -5.38537e-12 0)
(1.23469e-07 -6.88506e-12 0)
(1.2343e-07 -8.55469e-12 0)
(1.23369e-07 -1.0176e-11 0)
(1.23298e-07 -1.98822e-11 0)
(1.23239e-07 -2.72804e-11 0)
(1.23176e-07 -3.86416e-11 0)
(1.23141e-07 -3.3666e-11 0)
(1.23097e-07 -2.79782e-11 0)
(1.2308e-07 -2.71949e-11 0)
(1.22997e-07 -1.17882e-11 0)
(1.22971e-07 -2.0901e-11 0)
(1.22933e-07 -1.69279e-11 0)
(1.22902e-07 -3.89893e-12 0)
(-2.4676e-11 -3.88101e-10 0)
(5.87861e-10 -9.19363e-10 0)
(1.69297e-09 -1.25488e-09 0)
(3.2292e-09 -1.4647e-09 0)
(5.18876e-09 -1.58995e-09 0)
(7.51531e-09 -1.65012e-09 0)
(1.01934e-08 -1.66581e-09 0)
(1.31533e-08 -1.63495e-09 0)
(1.6408e-08 -1.57275e-09 0)
(1.98569e-08 -1.49537e-09 0)
(2.34974e-08 -1.40217e-09 0)
(2.72957e-08 -1.30146e-09 0)
(3.119e-08 -1.19329e-09 0)
(3.51825e-08 -1.08075e-09 0)
(3.92045e-08 -9.78041e-10 0)
(4.32223e-08 -8.72341e-10 0)
(4.72736e-08 -7.65549e-10 0)
(5.12346e-08 -6.6519e-10 0)
(5.51333e-08 -5.7633e-10 0)
(5.89463e-08 -4.94379e-10 0)
(6.26558e-08 -4.17931e-10 0)
(6.62248e-08 -3.50797e-10 0)
(6.96774e-08 -2.97274e-10 0)
(7.29765e-08 -2.60303e-10 0)
(7.61374e-08 -2.18855e-10 0)
(7.9143e-08 -1.88784e-10 0)
(8.19809e-08 -1.71104e-10 0)
(8.4693e-08 -1.46969e-10 0)
(8.72084e-08 -1.39879e-10 0)
(8.96037e-08 -1.23408e-10 0)
(9.1857e-08 -1.18761e-10 0)
(9.39098e-08 -9.82237e-11 0)
(9.59044e-08 -8.88428e-11 0)
(9.77223e-08 -7.75936e-11 0)
(9.941e-08 -7.72568e-11 0)
(1.00977e-07 -6.47282e-11 0)
(1.02433e-07 -6.40097e-11 0)
(1.03785e-07 -6.44888e-11 0)
(1.05057e-07 -6.08259e-11 0)
(1.06198e-07 -4.88132e-11 0)
(1.0726e-07 -4.13769e-11 0)
(1.08253e-07 -4.44828e-11 0)
(1.09161e-07 -3.15737e-11 0)
(1.09975e-07 -3.29364e-11 0)
(1.10757e-07 -3.16633e-11 0)
(1.11459e-07 -3.04542e-11 0)
(1.12109e-07 -3.37636e-11 0)
(1.12684e-07 -2.73489e-11 0)
(1.13219e-07 -2.44186e-11 0)
(1.13691e-07 -1.82054e-11 0)
(1.14138e-07 -1.41645e-11 0)
(1.14532e-07 -1.71991e-11 0)
(1.14894e-07 -1.77409e-11 0)
(1.15222e-07 -1.12969e-11 0)
(1.15503e-07 -9.65208e-12 0)
(1.15774e-07 -1.58279e-11 0)
(1.15995e-07 -8.31699e-12 0)
(1.16177e-07 -1.48535e-11 0)
(1.16402e-07 -1.68476e-11 0)
(1.16515e-07 -6.21831e-12 0)
(1.16648e-07 -4.08285e-12 0)
(1.16825e-07 -1.66563e-12 0)
(1.16874e-07 -6.76909e-12 0)
(1.16926e-07 -7.33854e-12 0)
(1.17046e-07 -8.97664e-12 0)
(1.17064e-07 -7.46423e-12 0)
(1.17084e-07 -4.70401e-12 0)
(1.17121e-07 -1.35793e-12 0)
(1.17126e-07 6.37043e-12 0)
(1.17125e-07 8.96976e-12 0)
(1.17133e-07 7.90513e-12 0)
(1.17087e-07 5.73632e-12 0)
(1.17079e-07 1.67252e-11 0)
(1.17046e-07 1.89537e-11 0)
(1.16998e-07 2.07202e-11 0)
(1.1692e-07 2.10874e-11 0)
(1.16917e-07 1.61812e-11 0)
(1.16837e-07 6.09374e-12 0)
(1.16778e-07 6.83749e-12 0)
(1.16734e-07 1.01163e-11 0)
(1.16644e-07 6.24923e-12 0)
(1.16571e-07 -6.11606e-12 0)
(1.16548e-07 -1.14885e-11 0)
(1.16435e-07 -1.69362e-11 0)
(1.16367e-07 -1.412e-11 0)
(1.1627e-07 -1.70601e-11 0)
(1.16186e-07 -3.59294e-12 0)
(1.1614e-07 4.32043e-12 0)
(1.16052e-07 7.26261e-12 0)
(1.15941e-07 1.49598e-11 0)
(1.15904e-07 1.84473e-11 0)
(1.15785e-07 1.73222e-11 0)
(1.15751e-07 2.15875e-11 0)
(1.15639e-07 1.90972e-11 0)
(1.15561e-07 1.4683e-11 0)
(1.15505e-07 9.63142e-12 0)
(1.15409e-07 -1.96404e-12 0)
(1.15364e-07 3.9244e-12 0)
(1.15274e-07 8.67728e-12 0)
(1.1518e-07 1.6614e-11 0)
(1.15089e-07 1.68396e-12 0)
(1.15053e-07 -3.04279e-12 0)
(1.14951e-07 4.86968e-12 0)
(1.14873e-07 -3.78114e-13 0)
(1.14804e-07 -2.97156e-12 0)
(1.14747e-07 -7.53425e-12 0)
(1.14675e-07 -1.54415e-11 0)
(1.14605e-07 -3.04553e-12 0)
(1.14564e-07 -9.07608e-12 0)
(1.14529e-07 -6.84627e-12 0)
(1.14448e-07 -1.54255e-11 0)
(1.144e-07 -1.9808e-11 0)
(1.14334e-07 -2.13347e-11 0)
(1.14288e-07 -2.84073e-11 0)
(1.14247e-07 -3.35026e-11 0)
(1.14199e-07 -3.26724e-11 0)
(1.14147e-07 -3.04576e-11 0)
(1.14139e-07 -2.048e-11 0)
(1.14077e-07 -1.38267e-11 0)
(1.14056e-07 -1.59714e-11 0)
(3.84916e-11 -4.70099e-10 0)
(4.40375e-10 -1.10475e-09 0)
(1.30232e-09 -1.49297e-09 0)
(2.52903e-09 -1.74648e-09 0)
(4.13902e-09 -1.89595e-09 0)
(6.05568e-09 -1.96371e-09 0)
(8.29236e-09 -1.97103e-09 0)
(1.0792e-08 -1.93039e-09 0)
(1.35878e-08 -1.8655e-09 0)
(1.65369e-08 -1.76865e-09 0)
(1.97089e-08 -1.66327e-09 0)
(2.30415e-08 -1.54158e-09 0)
(2.64499e-08 -1.41608e-09 0)
(2.9982e-08 -1.28336e-09 0)
(3.35407e-08 -1.15905e-09 0)
(3.71321e-08 -1.028e-09 0)
(4.07526e-08 -8.98179e-10 0)
(4.43083e-08 -7.88781e-10 0)
(4.78342e-08 -6.85918e-10 0)
(5.12676e-08 -5.85827e-10 0)
(5.46465e-08 -4.96809e-10 0)
(5.78713e-08 -4.22154e-10 0)
(6.10423e-08 -3.59552e-10 0)
(6.40463e-08 -3.07409e-10 0)
(6.69071e-08 -2.65046e-10 0)
(6.96909e-08 -2.32356e-10 0)
(7.22625e-08 -2.00776e-10 0)
(7.47757e-08 -1.81653e-10 0)
(7.7074e-08 -1.59738e-10 0)
(7.92361e-08 -1.47152e-10 0)
(8.13184e-08 -1.32097e-10 0)
(8.31957e-08 -1.16271e-10 0)
(8.50214e-08 -1.12441e-10 0)
(8.66982e-08 -9.75744e-11 0)
(8.82456e-08 -8.61576e-11 0)
(8.9682e-08 -8.211e-11 0)
(9.10233e-08 -7.2678e-11 0)
(9.22629e-08 -7.63877e-11 0)
(9.34215e-08 -6.77397e-11 0)
(9.44701e-08 -6.22625e-11 0)
(9.54515e-08 -6.11556e-11 0)
(9.63786e-08 -4.86588e-11 0)
(9.71946e-08 -4.63683e-11 0)
(9.79399e-08 -4.73086e-11 0)
(9.86739e-08 -4.90177e-11 0)
(9.93048e-08 -5.3819e-11 0)
(9.98811e-08 -3.43573e-11 0)
(1.00422e-07 -3.32036e-11 0)
(1.00913e-07 -2.58438e-11 0)
(1.01361e-07 -2.18757e-11 0)
(1.01761e-07 -2.00835e-11 0)
(1.0213e-07 -2.29565e-11 0)
(1.02459e-07 -1.74766e-11 0)
(1.02727e-07 -2.18268e-11 0)
(1.0302e-07 -1.2296e-11 0)
(1.03285e-07 -6.32915e-12 0)
(1.03474e-07 -9.97007e-12 0)
(1.03648e-07 -8.46112e-12 0)
(1.03819e-07 -3.50933e-12 0)
(1.03932e-07 -1.18899e-11 0)
(1.04091e-07 -1.50015e-11 0)
(1.04222e-07 -1.38785e-11 0)
(1.0426e-07 -1.2851e-11 0)
(1.0434e-07 -1.31511e-11 0)
(1.04409e-07 -1.31322e-11 0)
(1.04456e-07 -5.75274e-12 0)
(1.04475e-07 -8.25137e-12 0)
(1.04491e-07 -8.25068e-12 0)
(1.04501e-07 9.29477e-13 0)
(1.04508e-07 1.89881e-12 0)
(1.04501e-07 7.54654e-12 0)
(1.04465e-07 1.12432e-11 0)
(1.04458e-07 1.81788e-11 0)
(1.04413e-07 2.43897e-11 0)
(1.04387e-07 2.17218e-11 0)
(1.04334e-07 2.02243e-11 0)
(1.04326e-07 7.66793e-12 0)
(1.04251e-07 1.38265e-11 0)
(1.0419e-07 8.30572e-12 0)
(1.04108e-07 8.43836e-12 0)
(1.04075e-07 -6.89537e-12 0)
(1.0402e-07 -1.18167e-11 0)
(1.03977e-07 -1.50862e-11 0)
(1.03878e-07 -1.17422e-11 0)
(1.03783e-07 -8.94226e-12 0)
(1.03737e-07 -4.9079e-13 0)
(1.03659e-07 2.63259e-12 0)
(1.03568e-07 7.1717e-12 0)
(1.0351e-07 1.0963e-11 0)
(1.03432e-07 1.05972e-11 0)
(1.03375e-07 1.72784e-11 0)
(1.03291e-07 2.79808e-11 0)
(1.03233e-07 2.21463e-11 0)
(1.03158e-07 1.741e-11 0)
(1.03094e-07 9.25379e-12 0)
(1.03032e-07 7.76598e-12 0)
(1.02918e-07 5.91227e-12 0)
(1.02871e-07 5.29474e-12 0)
(1.02802e-07 3.11925e-12 0)
(1.02724e-07 7.98434e-12 0)
(1.02663e-07 6.73603e-12 0)
(1.0262e-07 7.70532e-12 0)
(1.02532e-07 -4.09761e-12 0)
(1.02471e-07 -1.19074e-13 0)
(1.02393e-07 -4.31177e-12 0)
(1.02331e-07 -7.46932e-12 0)
(1.02259e-07 -1.98602e-12 0)
(1.02197e-07 -1.33777e-11 0)
(1.02147e-07 -5.24574e-12 0)
(1.02112e-07 -1.00256e-11 0)
(1.02069e-07 -1.65553e-11 0)
(1.02015e-07 -2.79624e-11 0)
(1.01958e-07 -2.25434e-11 0)
(1.01904e-07 -1.83545e-11 0)
(1.01857e-07 -2.60354e-11 0)
(1.01822e-07 -2.663e-11 0)
(1.01773e-07 -2.43483e-11 0)
(1.01764e-07 -2.00581e-11 0)
(1.01691e-07 -2.54465e-11 0)
(1.01695e-07 -2.51222e-11 0)
(3.68237e-11 -4.6859e-10 0)
(2.77744e-10 -1.10827e-09 0)
(8.6669e-10 -1.52104e-09 0)
(1.76555e-09 -1.76858e-09 0)
(2.94577e-09 -1.92005e-09 0)
(4.41142e-09 -1.99654e-09 0)
(6.15521e-09 -2.00718e-09 0)
(8.16849e-09 -1.96884e-09 0)
(1.03871e-08 -1.89949e-09 0)
(1.27989e-08 -1.80121e-09 0)
(1.53802e-08 -1.69062e-09 0)
(1.81624e-08 -1.56099e-09 0)
(2.10126e-08 -1.42943e-09 0)
(2.39841e-08 -1.30247e-09 0)
(2.70066e-08 -1.17985e-09 0)
(3.00715e-08 -1.04959e-09 0)
(3.31701e-08 -9.28728e-10 0)
(3.62354e-08 -7.99374e-10 0)
(3.92796e-08 -6.87194e-10 0)
(4.22702e-08 -5.97668e-10 0)
(4.51966e-08 -5.06418e-10 0)
(4.80355e-08 -4.35025e-10 0)
(5.08119e-08 -3.71194e-10 0)
(5.34587e-08 -3.10759e-10 0)
(5.59763e-08 -2.70818e-10 0)
(5.84406e-08 -2.35329e-10 0)
(6.07052e-08 -2.11683e-10 0)
(6.2898e-08 -1.85005e-10 0)
(6.49406e-08 -1.64403e-10 0)
(6.68649e-08 -1.4696e-10 0)
(6.8681e-08 -1.40826e-10 0)
(7.03695e-08 -1.35258e-10 0)
(7.19478e-08 -1.19704e-10 0)
(7.34404e-08 -1.10578e-10 0)
(7.48153e-08 -9.93417e-11 0)
(7.60966e-08 -9.08985e-11 0)
(7.72699e-08 -8.28382e-11 0)
(7.83933e-08 -7.27645e-11 0)
(7.93862e-08 -7.1908e-11 0)
(8.03406e-08 -6.52684e-11 0)
(8.12155e-08 -5.57036e-11 0)
(8.20066e-08 -5.05728e-11 0)
(8.27278e-08 -5.00316e-11 0)
(8.33823e-08 -4.30394e-11 0)
(8.40531e-08 -4.34373e-11 0)
(8.45979e-08 -3.62783e-11 0)
(8.50748e-08 -4.5518e-11 0)
(8.55888e-08 -3.84341e-11 0)
(8.60176e-08 -2.7772e-11 0)
(8.64195e-08 -1.90701e-11 0)
(8.67869e-08 -2.25796e-11 0)
(8.71355e-08 -2.60862e-11 0)
(8.73979e-08 -1.84364e-11 0)
(8.76546e-08 -1.38295e-11 0)
(8.78899e-08 -9.65658e-12 0)
(8.81214e-08 -6.72631e-12 0)
(8.82871e-08 -1.01276e-11 0)
(8.84313e-08 -1.30312e-11 0)
(8.86041e-08 -9.73678e-12 0)
(8.87441e-08 -9.0352e-12 0)
(8.8842e-08 -9.3635e-12 0)
(8.89352e-08 -7.8206e-12 0)
(8.8993e-08 -8.77316e-12 0)
(8.90657e-08 -6.41266e-13 0)
(8.91208e-08 -3.45121e-12 0)
(8.9152e-08 -1.1039e-11 0)
(8.91528e-08 -1.37061e-11 0)
(8.92093e-08 -3.46321e-13 0)
(8.92062e-08 -4.08694e-12 0)
(8.9186e-08 5.21589e-12 0)
(8.92186e-08 4.18322e-12 0)
(8.9169e-08 7.36828e-12 0)
(8.91612e-08 8.36677e-12 0)
(8.9147e-08 1.82763e-11 0)
(8.90864e-08 2.84955e-11 0)
(8.90949e-08 2.09524e-11 0)
(8.90361e-08 1.7463e-11 0)
(8.89857e-08 1.25037e-11 0)
(8.89286e-08 8.9469e-12 0)
(8.88885e-08 -7.08265e-13 0)
(8.88495e-08 -3.38543e-12 0)
(8.87768e-08 -8.64937e-12 0)
(8.87248e-08 -1.21039e-11 0)
(8.8653e-08 -8.78651e-12 0)
(8.85955e-08 -8.4737e-12 0)
(8.85254e-08 -3.45346e-12 0)
(8.84342e-08 1.32474e-12 0)
(8.83746e-08 1.23346e-12 0)
(8.83293e-08 1.35454e-11 0)
(8.82716e-08 1.30085e-11 0)
(8.82104e-08 1.52859e-11 0)
(8.81338e-08 1.93068e-11 0)
(8.81112e-08 2.49788e-11 0)
(8.80006e-08 1.68267e-11 0)
(8.79527e-08 6.80232e-12 0)
(8.79145e-08 3.66611e-12 0)
(8.78072e-08 1.87152e-12 0)
(8.77725e-08 8.7788e-12 0)
(8.7712e-08 1.31123e-11 0)
(8.76551e-08 4.56879e-12 0)
(8.7579e-08 7.2697e-12 0)
(8.75431e-08 -1.38406e-12 0)
(8.74635e-08 -1.84379e-12 0)
(8.7449e-08 2.20741e-12 0)
(8.73572e-08 3.07726e-12 0)
(8.72999e-08 7.82606e-13 0)
(8.72185e-08 -3.48056e-12 0)
(8.71961e-08 -9.44013e-12 0)
(8.71495e-08 -1.93615e-11 0)
(8.70888e-08 -1.57922e-11 0)
(8.70562e-08 -7.9766e-12 0)
(8.70095e-08 -1.11796e-11 0)
(8.69472e-08 -1.02017e-11 0)
(8.69105e-08 -1.94875e-11 0)
(8.68726e-08 -2.02128e-11 0)
(8.68273e-08 -2.64329e-11 0)
(8.67718e-08 -2.80479e-11 0)
(8.67757e-08 -3.61862e-11 0)
(8.67191e-08 -3.64899e-11 0)
(8.67301e-08 -3.6784e-11 0)
(2.08134e-11 -4.32421e-10 0)
(1.18105e-10 -9.77113e-10 0)
(4.51355e-10 -1.34449e-09 0)
(1.01677e-09 -1.56819e-09 0)
(1.79991e-09 -1.70574e-09 0)
(2.8391e-09 -1.75868e-09 0)
(4.06869e-09 -1.76712e-09 0)
(5.52031e-09 -1.74319e-09 0)
(7.18646e-09 -1.67494e-09 0)
(9.02486e-09 -1.59299e-09 0)
(1.10258e-08 -1.49177e-09 0)
(1.31811e-08 -1.3791e-09 0)
(1.54439e-08 -1.26395e-09 0)
(1.78105e-08 -1.14893e-09 0)
(2.02466e-08 -1.02881e-09 0)
(2.27338e-08 -9.18252e-10 0)
(2.52559e-08 -8.11742e-10 0)
(2.77627e-08 -7.1337e-10 0)
(3.0258e-08 -6.20195e-10 0)
(3.27624e-08 -5.2576e-10 0)
(3.51941e-08 -4.53678e-10 0)
(3.75633e-08 -3.90379e-10 0)
(3.98739e-08 -3.33759e-10 0)
(4.20934e-08 -2.82059e-10 0)
(4.42081e-08 -2.48766e-10 0)
(4.62683e-08 -2.16219e-10 0)
(4.81981e-08 -1.81688e-10 0)
(5.00514e-08 -1.67846e-10 0)
(5.17548e-08 -1.54979e-10 0)
(5.33956e-08 -1.3771e-10 0)
(5.49218e-08 -1.22588e-10 0)
(5.63622e-08 -1.16675e-10 0)
(5.77122e-08 -1.09672e-10 0)
(5.89425e-08 -1.02089e-10 0)
(6.00971e-08 -9.05528e-11 0)
(6.11885e-08 -8.50498e-11 0)
(6.21783e-08 -7.83309e-11 0)
(6.31187e-08 -7.23024e-11 0)
(6.39901e-08 -5.95406e-11 0)
(6.47667e-08 -6.46919e-11 0)
(6.55181e-08 -6.05658e-11 0)
(6.61988e-08 -4.46106e-11 0)
(6.67996e-08 -4.10574e-11 0)
(6.73523e-08 -3.64412e-11 0)
(6.79276e-08 -3.78714e-11 0)
(6.83737e-08 -3.57145e-11 0)
(6.87963e-08 -3.2839e-11 0)
(6.9222e-08 -3.35438e-11 0)
(6.95654e-08 -2.58889e-11 0)
(6.99062e-08 -2.52353e-11 0)
(7.02502e-08 -2.02114e-11 0)
(7.04916e-08 -2.05418e-11 0)
(7.07385e-08 -1.6836e-11 0)
(7.09531e-08 -1.19412e-11 0)
(7.1172e-08 -1.0148e-11 0)
(7.1374e-08 -8.34611e-12 0)
(7.14852e-08 -9.68798e-12 0)
(7.16575e-08 -9.75205e-12 0)
(7.17766e-08 -1.45726e-11 0)
(7.18475e-08 -1.08632e-11 0)
(7.19886e-08 -1.54535e-11 0)
(7.20419e-08 -1.10744e-11 0)
(7.20913e-08 -1.50504e-11 0)
(7.21506e-08 -8.66826e-12 0)
(7.22008e-08 -1.11719e-11 0)
(7.22384e-08 9.23534e-13 0)
(7.22587e-08 -6.96116e-12 0)
(7.22637e-08 -3.15619e-12 0)
(7.22627e-08 -2.23163e-12 0)
(7.22717e-08 -3.22886e-14 0)
(7.2286e-08 4.08018e-12 0)
(7.22403e-08 3.54914e-12 0)
(7.22407e-08 3.98061e-12 0)
(7.2222e-08 1.45752e-11 0)
(7.22048e-08 1.20695e-11 0)
(7.21545e-08 3.57182e-12 0)
(7.21543e-08 1.49176e-11 0)
(7.20915e-08 1.25476e-11 0)
(7.20468e-08 5.38251e-12 0)
(7.20191e-08 6.72176e-13 0)
(7.19835e-08 -1.56423e-13 0)
(7.19181e-08 -9.86536e-12 0)
(7.19006e-08 -1.31813e-11 0)
(7.18143e-08 -3.31401e-12 0)
(7.17317e-08 -1.29517e-12 0)
(7.17119e-08 3.01727e-12 0)
(7.16392e-08 7.30893e-13 0)
(7.1589e-08 4.07211e-12 0)
(7.15407e-08 5.96154e-12 0)
(7.14842e-08 1.95324e-12 0)
(7.14408e-08 1.04008e-11 0)
(7.13848e-08 1.62516e-11 0)
(7.13316e-08 1.51876e-11 0)
(7.12836e-08 2.81033e-11 0)
(7.1233e-08 1.71594e-11 0)
(7.12008e-08 7.89171e-12 0)
(7.11113e-08 -2.06628e-12 0)
(7.10638e-08 3.0988e-12 0)
(7.10258e-08 7.784e-12 0)
(7.09663e-08 5.81873e-12 0)
(7.09235e-08 1.98526e-12 0)
(7.09028e-08 -6.72677e-12 0)
(7.08238e-08 1.08028e-11 0)
(7.07503e-08 8.72561e-12 0)
(7.07258e-08 7.54108e-12 0)
(7.06874e-08 8.37011e-12 0)
(7.06226e-08 -4.55055e-12 0)
(7.05886e-08 -8.56861e-12 0)
(7.05535e-08 -7.79487e-12 0)
(7.04901e-08 -1.37319e-11 0)
(7.04624e-08 -7.48704e-12 0)
(7.04461e-08 1.30507e-12 0)
(7.03572e-08 -5.28166e-12 0)
(7.03449e-08 -4.30677e-12 0)
(7.03192e-08 -1.5167e-11 0)
(7.02764e-08 -1.07426e-11 0)
(7.02166e-08 -2.61566e-11 0)
(7.02303e-08 -3.07637e-11 0)
(7.01648e-08 -4.51344e-11 0)
(7.01629e-08 -5.0758e-11 0)
(-4.60423e-12 -3.24931e-10 0)
(7.22742e-12 -7.2016e-10 0)
(1.28515e-10 -1.01298e-09 0)
(4.05001e-10 -1.19866e-09 0)
(8.44328e-10 -1.3e-09 0)
(1.46624e-09 -1.33932e-09 0)
(2.24218e-09 -1.34562e-09 0)
(3.20228e-09 -1.31667e-09 0)
(4.33854e-09 -1.26714e-09 0)
(5.61971e-09 -1.2082e-09 0)
(7.05287e-09 -1.12967e-09 0)
(8.61931e-09 -1.05511e-09 0)
(1.02748e-08 -9.56448e-10 0)
(1.20557e-08 -8.64305e-10 0)
(1.38771e-08 -7.78174e-10 0)
(1.57463e-08 -6.97315e-10 0)
(1.76792e-08 -6.16007e-10 0)
(1.96039e-08 -5.4806e-10 0)
(2.15373e-08 -4.72967e-10 0)
(2.34841e-08 -4.09083e-10 0)
(2.54006e-08 -3.59285e-10 0)
(2.72031e-08 -3.06339e-10 0)
(2.90444e-08 -2.63915e-10 0)
(3.08018e-08 -2.269e-10 0)
(3.24761e-08 -1.98993e-10 0)
(3.41136e-08 -1.73447e-10 0)
(3.56164e-08 -1.53724e-10 0)
(3.70977e-08 -1.33064e-10 0)
(3.84588e-08 -1.17525e-10 0)
(3.97422e-08 -1.09195e-10 0)
(4.0954e-08 -9.49975e-11 0)
(4.20757e-08 -9.39656e-11 0)
(4.31854e-08 -9.15251e-11 0)
(4.4145e-08 -8.27156e-11 0)
(4.50666e-08 -7.05073e-11 0)
(4.59381e-08 -6.60413e-11 0)
(4.67212e-08 -6.31665e-11 0)
(4.74595e-08 -5.66529e-11 0)
(4.81558e-08 -5.32987e-11 0)
(4.87759e-08 -5.09445e-11 0)
(4.93739e-08 -4.40534e-11 0)
(4.9912e-08 -4.2495e-11 0)
(5.04027e-08 -2.53463e-11 0)
(5.08194e-08 -2.80921e-11 0)
(5.12866e-08 -3.19711e-11 0)
(5.16454e-08 -2.75024e-11 0)
(5.19907e-08 -2.79173e-11 0)
(5.23106e-08 -2.69046e-11 0)
(5.25862e-08 -2.93834e-11 0)
(5.28459e-08 -2.10497e-11 0)
(5.31324e-08 -1.72996e-11 0)
(5.33251e-08 -1.41145e-11 0)
(5.35202e-08 -1.27806e-11 0)
(5.36772e-08 -9.13657e-12 0)
(5.38634e-08 -5.00766e-12 0)
(5.40378e-08 -1.41357e-11 0)
(5.41327e-08 -7.10624e-12 0)
(5.42537e-08 -1.73458e-12 0)
(5.43393e-08 -5.4981e-12 0)
(5.43906e-08 -1.1945e-11 0)
(5.44951e-08 -1.02237e-11 0)
(5.45919e-08 -1.14922e-11 0)
(5.46009e-08 -1.12814e-12 0)
(5.46565e-08 -2.5033e-12 0)
(5.46817e-08 1.6932e-12 0)
(5.47205e-08 -8.58466e-12 0)
(5.47316e-08 -6.14317e-12 0)
(5.474e-08 -9.8208e-12 0)
(5.47383e-08 -2.22151e-12 0)
(5.47253e-08 5.89735e-13 0)
(5.47598e-08 5.38784e-12 0)
(5.4731e-08 1.27589e-11 0)
(5.47055e-08 1.65072e-11 0)
(5.4673e-08 1.29662e-11 0)
(5.46828e-08 1.15691e-11 0)
(5.4663e-08 1.5924e-11 0)
(5.46665e-08 1.07964e-11 0)
(5.45975e-08 1.46876e-11 0)
(5.45816e-08 1.0971e-11 0)
(5.4538e-08 4.40436e-12 0)
(5.45154e-08 -4.86887e-13 0)
(5.44594e-08 -5.47797e-12 0)
(5.44549e-08 -2.70638e-12 0)
(5.43895e-08 -3.57816e-12 0)
(5.43019e-08 -6.07751e-12 0)
(5.42921e-08 2.75122e-12 0)
(5.42579e-08 5.94867e-12 0)
(5.42052e-08 -1.96701e-12 0)
(5.41689e-08 6.77775e-12 0)
(5.41167e-08 1.2888e-12 0)
(5.40851e-08 8.0794e-12 0)
(5.40417e-08 9.88271e-12 0)
(5.40003e-08 1.08047e-11 0)
(5.39663e-08 1.23988e-11 0)
(5.39259e-08 1.12107e-11 0)
(5.39177e-08 4.69824e-12 0)
(5.38202e-08 8.81737e-12 0)
(5.37934e-08 8.14033e-12 0)
(5.37677e-08 6.39872e-12 0)
(5.37112e-08 3.62289e-12 0)
(5.3686e-08 -1.76185e-12 0)
(5.36639e-08 1.47135e-12 0)
(5.36045e-08 -3.34724e-12 0)
(5.35292e-08 2.03752e-12 0)
(5.35351e-08 1.0526e-11 0)
(5.34993e-08 3.83539e-12 0)
(5.34262e-08 7.46227e-12 0)
(5.34237e-08 8.70075e-13 0)
(5.3402e-08 -6.84462e-12 0)
(5.33284e-08 -3.56297e-12 0)
(5.33206e-08 -9.80326e-12 0)
(5.3294e-08 -5.11989e-12 0)
(5.32321e-08 -8.48798e-12 0)
(5.32233e-08 -7.97805e-12 0)
(5.31984e-08 -1.02283e-11 0)
(5.3144e-08 -1.40026e-11 0)
(5.31169e-08 -1.37747e-11 0)
(5.31052e-08 -2.82321e-11 0)
(5.30616e-08 -3.68533e-11 0)
(5.30429e-08 -5.13934e-11 0)
(-8.77205e-11 -1.83893e-10 0)
(-5.73274e-11 -4.46336e-10 0)
(-8.2434e-11 -6.3e-10 0)
(-1.00066e-11 -7.45614e-10 0)
(1.58944e-10 -7.93846e-10 0)
(4.59288e-10 -8.2665e-10 0)
(8.75747e-10 -8.32563e-10 0)
(1.42358e-09 -8.09691e-10 0)
(2.10816e-09 -7.74165e-10 0)
(2.8956e-09 -7.37914e-10 0)
(3.80325e-09 -6.90028e-10 0)
(4.8367e-09 -6.40669e-10 0)
(5.93462e-09 -5.96832e-10 0)
(7.11897e-09 -5.33086e-10 0)
(8.36549e-09 -4.82085e-10 0)
(9.64033e-09 -4.32936e-10 0)
(1.09803e-08 -3.86189e-10 0)
(1.23563e-08 -3.34116e-10 0)
(1.3697e-08 -2.97441e-10 0)
(1.50549e-08 -2.59171e-10 0)
(1.6406e-08 -2.27322e-10 0)
(1.76911e-08 -1.98193e-10 0)
(1.90085e-08 -1.77689e-10 0)
(2.02826e-08 -1.56631e-10 0)
(2.14527e-08 -1.28928e-10 0)
(2.26409e-08 -1.19828e-10 0)
(2.37318e-08 -1.04319e-10 0)
(2.47695e-08 -8.8015e-11 0)
(2.57589e-08 -8.05365e-11 0)
(2.66876e-08 -6.92761e-11 0)
(2.7561e-08 -7.12706e-11 0)
(2.83925e-08 -6.37976e-11 0)
(2.91773e-08 -7.0059e-11 0)
(2.98509e-08 -5.73571e-11 0)
(3.05391e-08 -4.83974e-11 0)
(3.11651e-08 -4.35638e-11 0)
(3.17336e-08 -3.85066e-11 0)
(3.22642e-08 -3.90399e-11 0)
(3.27496e-08 -4.15766e-11 0)
(3.32112e-08 -2.94387e-11 0)
(3.36204e-08 -3.43858e-11 0)
(3.40118e-08 -2.72986e-11 0)
(3.43543e-08 -2.07919e-11 0)
(3.46984e-08 -1.88249e-11 0)
(3.50193e-08 -2.47034e-11 0)
(3.52623e-08 -2.27669e-11 0)
(3.55283e-08 -2.12019e-11 0)
(3.57643e-08 -1.86098e-11 0)
(3.59614e-08 -2.51396e-11 0)
(3.61473e-08 -1.46447e-11 0)
(3.63249e-08 -8.91185e-12 0)
(3.64782e-08 1.04296e-14 0)
(3.66335e-08 -5.31304e-12 0)
(3.67267e-08 -3.11466e-12 0)
(3.68995e-08 -1.75978e-12 0)
(3.69872e-08 -2.70752e-12 0)
(3.70672e-08 -8.22137e-12 0)
(3.714e-08 -1.71179e-12 0)
(3.72421e-08 -1.50453e-12 0)
(3.72627e-08 -3.07396e-12 0)
(3.73514e-08 -8.75142e-12 0)
(3.73847e-08 -6.84741e-12 0)
(3.74053e-08 -1.9984e-12 0)
(3.74478e-08 -4.83234e-12 0)
(3.74786e-08 6.26391e-14 0)
(3.74921e-08 -3.31448e-12 0)
(3.75002e-08 -3.02865e-12 0)
(3.75106e-08 -9.84547e-12 0)
(3.7514e-08 -4.11252e-12 0)
(3.74817e-08 1.11451e-11 0)
(3.75289e-08 1.41796e-11 0)
(3.75058e-08 1.12729e-11 0)
(3.74926e-08 1.25904e-11 0)
(3.74773e-08 9.5547e-12 0)
(3.74681e-08 -1.77129e-12 0)
(3.74561e-08 2.08783e-12 0)
(3.74397e-08 1.20209e-12 0)
(3.74338e-08 9.38616e-12 0)
(3.74009e-08 7.60847e-12 0)
(3.7376e-08 1.69639e-12 0)
(3.73576e-08 -2.95076e-12 0)
(3.73072e-08 -4.57279e-12 0)
(3.7286e-08 -1.69138e-12 0)
(3.72573e-08 5.03498e-13 0)
(3.72202e-08 3.00808e-12 0)
(3.71769e-08 -2.5254e-12 0)
(3.71547e-08 5.89169e-12 0)
(3.7129e-08 8.34441e-12 0)
(3.71133e-08 -1.60577e-12 0)
(3.70858e-08 6.17652e-12 0)
(3.70233e-08 3.47482e-12 0)
(3.69976e-08 1.07675e-11 0)
(3.6989e-08 9.23717e-12 0)
(3.69482e-08 8.20906e-12 0)
(3.69466e-08 -1.54165e-12 0)
(3.68953e-08 6.35123e-12 0)
(3.6863e-08 2.73894e-12 0)
(3.68489e-08 -2.11648e-12 0)
(3.68336e-08 1.50064e-12 0)
(3.67905e-08 -5.22871e-13 0)
(3.67477e-08 7.4592e-13 0)
(3.6729e-08 5.14961e-12 0)
(3.66965e-08 4.92815e-13 0)
(3.66555e-08 2.77489e-12 0)
(3.66458e-08 7.4296e-12 0)
(3.66232e-08 5.26634e-12 0)
(3.65745e-08 -3.69928e-12 0)
(3.65762e-08 -1.98167e-12 0)
(3.65354e-08 -8.62232e-12 0)
(3.65137e-08 -8.14671e-12 0)
(3.64917e-08 3.53261e-12 0)
(3.64522e-08 1.89015e-12 0)
(3.64334e-08 2.63054e-12 0)
(3.64271e-08 -2.86439e-12 0)
(3.64015e-08 -5.10637e-12 0)
(3.63733e-08 -5.99807e-12 0)
(3.63437e-08 -7.46728e-12 0)
(3.63328e-08 -1.44092e-11 0)
(3.62902e-08 -2.82274e-11 0)
(3.62277e-08 -2.80725e-11 0)
(-1.02596e-11 -6.16253e-11 0)
(-7.64177e-11 -1.82389e-10 0)
(-1.43828e-10 -2.43213e-10 0)
(-1.92326e-10 -2.8865e-10 0)
(-1.79997e-10 -3.03711e-10 0)
(-8.65554e-11 -3.12626e-10 0)
(7.00411e-11 -3.09826e-10 0)
(2.93817e-10 -2.98491e-10 0)
(6.21961e-10 -2.86803e-10 0)
(1.03301e-09 -2.59283e-10 0)
(1.50538e-09 -2.46642e-10 0)
(2.05788e-09 -2.29868e-10 0)
(2.64685e-09 -2.04878e-10 0)
(3.31907e-09 -1.82697e-10 0)
(4.01166e-09 -1.57948e-10 0)
(4.75291e-09 -1.41078e-10 0)
(5.53538e-09 -1.21034e-10 0)
(6.30379e-09 -1.10328e-10 0)
(7.08652e-09 -8.45412e-11 0)
(7.89022e-09 -7.60023e-11 0)
(8.69163e-09 -6.39706e-11 0)
(9.45201e-09 -5.91974e-11 0)
(1.02383e-08 -4.68752e-11 0)
(1.09856e-08 -3.77802e-11 0)
(1.16621e-08 -4.16998e-11 0)
(1.23779e-08 -3.26079e-11 0)
(1.30323e-08 -2.73679e-11 0)
(1.36561e-08 -2.06593e-11 0)
(1.42412e-08 -1.91556e-11 0)
(1.48057e-08 -1.52253e-11 0)
(1.53265e-08 -8.03014e-12 0)
(1.58346e-08 -1.18113e-11 0)
(1.62913e-08 -1.46121e-11 0)
(1.66963e-08 -1.5611e-11 0)
(1.71003e-08 -1.32218e-11 0)
(1.74683e-08 -1.42359e-11 0)
(1.78036e-08 -8.15754e-12 0)
(1.81307e-08 -3.18749e-12 0)
(1.84432e-08 -9.51529e-12 0)
(1.86911e-08 -1.43342e-11 0)
(1.89462e-08 -8.87266e-12 0)
(1.91856e-08 -4.6924e-13 0)
(1.93878e-08 -9.80292e-13 0)
(1.9588e-08 -6.47736e-13 0)
(1.98064e-08 2.42824e-12 0)
(1.99411e-08 -5.4432e-12 0)
(2.00761e-08 -1.31394e-11 0)
(2.02398e-08 -8.84074e-12 0)
(2.03371e-08 -3.53155e-12 0)
(2.0452e-08 -6.85098e-12 0)
(2.05863e-08 -1.25261e-11 0)
(2.06591e-08 -3.78343e-12 0)
(2.07426e-08 -2.53172e-12 0)
(2.0807e-08 -2.26525e-12 0)
(2.09011e-08 -5.62137e-12 0)
(2.09789e-08 -3.32338e-13 0)
(2.09883e-08 3.3706e-12 0)
(2.10642e-08 1.54351e-12 0)
(2.11381e-08 1.88138e-12 0)
(2.11286e-08 -8.19403e-13 0)
(2.1204e-08 -4.1826e-12 0)
(2.12033e-08 -7.97008e-12 0)
(2.12032e-08 -3.98185e-12 0)
(2.12271e-08 -2.93463e-12 0)
(2.12563e-08 -7.20676e-13 0)
(2.12843e-08 4.50107e-12 0)
(2.12755e-08 8.13053e-13 0)
(2.12705e-08 4.95156e-12 0)
(2.12707e-08 4.51568e-12 0)
(2.12755e-08 -1.74657e-12 0)
(2.12707e-08 7.93357e-13 0)
(2.12778e-08 2.754e-12 0)
(2.12768e-08 -1.86954e-12 0)
(2.12765e-08 3.81279e-12 0)
(2.12694e-08 2.79045e-13 0)
(2.12406e-08 -8.63426e-12 0)
(2.12497e-08 1.15363e-12 0)
(2.12339e-08 -6.20132e-13 0)
(2.12067e-08 -4.284e-12 0)
(2.12071e-08 1.67564e-13 0)
(2.11999e-08 -2.36127e-12 0)
(2.11508e-08 1.18313e-12 0)
(2.11725e-08 1.37285e-13 0)
(2.1133e-08 4.08707e-12 0)
(2.10922e-08 6.3708e-12 0)
(2.10886e-08 6.33168e-12 0)
(2.10762e-08 7.62884e-13 0)
(2.10516e-08 -3.60594e-12 0)
(2.10403e-08 6.20424e-12 0)
(2.10229e-08 -6.76507e-14 0)
(2.09974e-08 3.55647e-12 0)
(2.09821e-08 1.2826e-12 0)
(2.0965e-08 3.26763e-12 0)
(2.09439e-08 -4.86038e-12 0)
(2.09443e-08 2.31954e-12 0)
(2.09357e-08 -2.60266e-12 0)
(2.08895e-08 -1.10094e-13 0)
(2.08871e-08 2.89718e-13 0)
(2.08704e-08 3.49307e-12 0)
(2.08507e-08 9.92965e-13 0)
(2.08359e-08 2.28675e-12 0)
(2.08442e-08 3.63135e-13 0)
(2.07866e-08 4.51516e-12 0)
(2.07579e-08 3.71349e-12 0)
(2.07685e-08 8.44908e-13 0)
(2.07507e-08 6.98549e-12 0)
(2.07363e-08 4.43324e-12 0)
(2.07279e-08 -3.05051e-12 0)
(2.07096e-08 -2.30942e-12 0)
(2.06761e-08 1.29364e-12 0)
(2.06763e-08 3.74199e-12 0)
(2.06744e-08 -1.98617e-12 0)
(2.06208e-08 1.88931e-12 0)
(2.06388e-08 -5.64382e-12 0)
(2.06305e-08 -4.85054e-12 0)
(2.061e-08 -6.07854e-12 0)
(2.05647e-08 -3.37841e-12 0)
(2.05859e-08 -1.31933e-12 0)
(2.05449e-08 -2.31013e-12 0)
(2.05228e-08 -7.2616e-12 0)
(2.45945e-12 -4.1317e-13 0)
(-2.68453e-11 -1.9274e-11 0)
(-7.91943e-11 -3.8382e-11 0)
(-1.25645e-10 -4.31801e-11 0)
(-1.64715e-10 -4.8795e-11 0)
(-1.64209e-10 -5.35519e-11 0)
(-1.50344e-10 -5.30932e-11 0)
(-1.09949e-10 -6.15079e-11 0)
(-3.91986e-11 -6.051e-11 0)
(6.56084e-11 -6.17082e-11 0)
(1.96736e-10 -6.2789e-11 0)
(3.59316e-10 -5.86514e-11 0)
(5.27797e-10 -6.13775e-11 0)
(7.30265e-10 -5.97794e-11 0)
(9.43058e-10 -6.02341e-11 0)
(1.16913e-09 -5.80211e-11 0)
(1.41602e-09 -6.23302e-11 0)
(1.65472e-09 -5.90299e-11 0)
(1.90381e-09 -5.81154e-11 0)
(2.15632e-09 -5.46296e-11 0)
(2.41841e-09 -5.2479e-11 0)
(2.66975e-09 -4.40588e-11 0)
(2.91703e-09 -4.64577e-11 0)
(3.16616e-09 -4.84863e-11 0)
(3.36157e-09 -4.05881e-11 0)
(3.60398e-09 -3.55556e-11 0)
(3.8227e-09 -3.66167e-11 0)
(4.02963e-09 -3.70522e-11 0)
(4.21645e-09 -3.10382e-11 0)
(4.40466e-09 -3.13466e-11 0)
(4.56209e-09 -3.07148e-11 0)
(4.74997e-09 -3.03796e-11 0)
(4.88391e-09 -2.35149e-11 0)
(5.01985e-09 -1.878e-11 0)
(5.14124e-09 -2.1368e-11 0)
(5.26262e-09 -1.55798e-11 0)
(5.37141e-09 -1.90306e-11 0)
(5.48775e-09 -2.01921e-11 0)
(5.59654e-09 -1.3133e-11 0)
(5.65919e-09 -1.22782e-11 0)
(5.7561e-09 -1.35434e-11 0)
(5.83997e-09 -1.42078e-11 0)
(5.89624e-09 -1.50269e-11 0)
(5.95774e-09 -1.7237e-11 0)
(6.04837e-09 -1.03203e-11 0)
(6.07506e-09 -8.83091e-12 0)
(6.11503e-09 -6.49597e-12 0)
(6.1852e-09 -7.38014e-12 0)
(6.20629e-09 -3.63402e-12 0)
(6.23485e-09 -8.27555e-12 0)
(6.29975e-09 -1.86381e-12 0)
(6.30701e-09 -5.39946e-12 0)
(6.34501e-09 -3.64913e-12 0)
(6.35277e-09 -3.55482e-12 0)
(6.40042e-09 -4.65684e-12 0)
(6.43089e-09 1.04644e-12 0)
(6.41027e-09 1.93573e-12 0)
(6.46119e-09 -6.46659e-12 0)
(6.48007e-09 -5.61589e-12 0)
(6.45958e-09 -6.26773e-12 0)
(6.50294e-09 -6.1082e-13 0)
(6.49549e-09 4.53181e-12 0)
(6.48906e-09 5.34988e-13 0)
(6.49359e-09 4.52723e-13 0)
(6.51005e-09 2.41076e-13 0)
(6.52606e-09 -5.0763e-13 0)
(6.51724e-09 -1.58723e-12 0)
(6.51989e-09 -4.64036e-12 0)
(6.50704e-09 -2.02401e-12 0)
(6.51956e-09 -3.50335e-12 0)
(6.51582e-09 2.72086e-12 0)
(6.52053e-09 2.99287e-12 0)
(6.5179e-09 6.64044e-12 0)
(6.52437e-09 1.28283e-12 0)
(6.52199e-09 5.42e-13 0)
(6.50156e-09 1.64531e-12 0)
(6.51634e-09 -2.43955e-13 0)
(6.50642e-09 4.67069e-12 0)
(6.49019e-09 3.88519e-12 0)
(6.49941e-09 4.15147e-13 0)
(6.49898e-09 4.65117e-12 0)
(6.47455e-09 -9.58592e-13 0)
(6.49912e-09 -3.93832e-12 0)
(6.47328e-09 2.24257e-12 0)
(6.44536e-09 -1.04727e-12 0)
(6.45955e-09 -6.60704e-12 0)
(6.45577e-09 -3.12657e-12 0)
(6.44739e-09 -2.28441e-12 0)
(6.4337e-09 -5.67381e-12 0)
(6.43423e-09 4.55797e-12 0)
(6.42892e-09 -1.3055e-12 0)
(6.42565e-09 -2.39657e-12 0)
(6.40997e-09 -1.13586e-12 0)
(6.406e-09 -8.45326e-13 0)
(6.41182e-09 7.44628e-13 0)
(6.42261e-09 4.94389e-12 0)
(6.38815e-09 3.72566e-12 0)
(6.39224e-09 3.10603e-12 0)
(6.38627e-09 -2.27024e-12 0)
(6.37542e-09 9.93788e-13 0)
(6.37528e-09 -3.51706e-12 0)
(6.38839e-09 -3.90609e-12 0)
(6.36619e-09 -1.41883e-12 0)
(6.34201e-09 4.22423e-12 0)
(6.35734e-09 2.79305e-12 0)
(6.3548e-09 3.9291e-13 0)
(6.34496e-09 6.49353e-14 0)
(6.33885e-09 -1.79166e-12 0)
(6.34119e-09 3.36632e-12 0)
(6.319e-09 1.2214e-12 0)
(6.32584e-09 -6.23769e-12 0)
(6.33444e-09 1.00908e-12 0)
(6.29766e-09 1.41154e-12 0)
(6.31484e-09 3.42012e-12 0)
(6.3174e-09 6.00028e-12 0)
(6.30895e-09 -2.69009e-13 0)
(6.27537e-09 -2.18172e-12 0)
(6.30038e-09 -4.62248e-13 0)
(6.26648e-09 1.5111e-12 0)
(6.28258e-09 2.53865e-12 0)
)
;

boundaryField
{
    upperWall
    {
        type            noSlip;
    }
    lowerWall
    {
        type            noSlip;
    }
    inlet
    {
        type            turbulentInlet;
        fluctuationScale (0 0 0);
        referenceField  uniform (0 0 0);
        alpha           0.1;
        value           uniform (2.47033e-323 0 0);
    }
    outlet
    {
        type            pressureInletOutletVelocity;
        value           nonuniform List<vector> 
20
(
(6.26488e-09 6.86458e-12 0)
(2.05543e-08 1.66217e-11 0)
(3.63005e-08 3.79845e-11 0)
(5.31191e-08 4.24852e-11 0)
(7.02423e-08 2.40194e-11 0)
(8.68011e-08 8.25177e-12 0)
(1.01765e-07 -4.42341e-12 0)
(1.14114e-07 -3.37173e-11 0)
(1.22894e-07 -2.73431e-11 0)
(1.27502e-07 -1.84713e-11 0)
(1.27468e-07 -1.27719e-11 0)
(1.22902e-07 -3.89893e-12 0)
(1.14056e-07 -1.59714e-11 0)
(1.01695e-07 -2.51222e-11 0)
(8.67301e-08 -3.6784e-11 0)
(7.01629e-08 -5.0758e-11 0)
(5.30429e-08 -5.13934e-11 0)
(3.62277e-08 -2.80725e-11 0)
(2.05228e-08 -7.2616e-12 0)
(6.28258e-09 2.53865e-12 0)
)
;
    }
    frontAndBack
    {
        type            empty;
    }
}


// ************************************************************************* //
