/*--------------------------------*- C++ -*----------------------------------*\
  =========                 |
  \\      /  F ield         | OpenFOAM: The Open Source CFD Toolbox
   \\    /   O peration     | Website:  https://openfoam.org
    \\  /    A nd           | Version:  7
     \\/     M anipulation  |
\*---------------------------------------------------------------------------*/
FoamFile
{
    version     2.0;
    format      ascii;
    class       volScalarField;
    location    "0.775";
    object      p_0;
}
// * * * * * * * * * * * * * * * * * * * * * * * * * * * * * * * * * * * * * //

dimensions      [1 -1 -2 0 0 0 0];

internalField   nonuniform List<scalar> 
7920
(
101007
100991
100998
100988
100994
100986
100991
100985
100989
100984
100987
100983
100985
100981
100983
100980
100982
100979
100980
100977
100991
100977
100985
100975
100981
100974
100979
100972
100976
100971
100974
100970
100972
100969
100971
100967
100969
100966
100967
100965
100999
100986
100993
100983
100989
100981
100986
100979
100984
100978
100981
100977
100980
100976
100978
100975
100976
100973
100975
100972
100991
100980
100987
100977
100983
100975
100980
100974
100978
100973
100976
100971
100974
100970
100972
100969
100970
100968
100969
100966
100995
100984
100991
100981
100987
100979
100984
100978
100982
100976
100980
100975
100978
100974
100976
100973
100974
100971
100973
100970
100993
100982
100989
100979
100985
100977
100982
100976
100980
100975
100978
100973
100976
100972
100974
100971
100972
100970
100971
100968
100993
100982
100989
100979
100985
100977
100982
100976
100980
100975
100978
100973
100976
100972
100974
100971
100972
100970
100971
100968
100995
100984
100991
100981
100987
100979
100984
100978
100982
100976
100980
100975
100978
100974
100976
100973
100974
100971
100973
100970
100991
100980
100987
100977
100983
100975
100980
100974
100978
100973
100976
100971
100974
100970
100972
100969
100970
100968
100969
100966
100999
100986
100993
100983
100989
100981
100986
100979
100984
100978
100981
100977
100980
100976
100978
100975
100976
100973
100975
100972
100991
100977
100985
100975
100981
100974
100979
100972
100976
100971
100974
100970
100972
100969
100971
100967
100969
100966
100967
100965
101007
100991
100998
100988
100994
100986
100991
100985
100989
100984
100987
100983
100985
100981
100983
100980
100982
100979
100980
100977
100973
100976
100969
100972
100967
100969
100966
100968
100965
100966
100965
100965
100964
100964
100963
100963
100962
100962
100961
100961
100984
100988
100981
100984
100979
100981
100978
100979
100977
100978
100976
100977
100975
100975
100975
100974
100974
100973
100973
100973
100975
100978
100972
100974
100970
100972
100969
100970
100968
100969
100967
100967
100966
100966
100965
100965
100965
100964
100964
100964
100981
100985
100979
100981
100977
100979
100976
100977
100975
100976
100974
100974
100973
100973
100972
100972
100972
100971
100971
100971
100977
100980
100974
100977
100972
100974
100971
100973
100970
100971
100969
100970
100969
100969
100968
100968
100967
100967
100966
100966
100979
100983
100977
100979
100975
100977
100974
100975
100973
100973
100972
100972
100971
100971
100970
100970
100969
100969
100969
100969
100979
100983
100977
100979
100975
100977
100974
100975
100973
100973
100972
100972
100971
100971
100970
100970
100969
100969
100969
100969
100977
100980
100974
100977
100972
100974
100971
100973
100970
100971
100969
100970
100969
100969
100968
100968
100967
100967
100966
100966
100981
100985
100979
100981
100977
100979
100976
100977
100975
100976
100974
100974
100973
100973
100972
100972
100972
100971
100971
100971
100975
100978
100972
100974
100970
100972
100969
100970
100968
100969
100967
100967
100966
100966
100965
100965
100965
100964
100964
100964
100984
100988
100981
100984
100979
100981
100978
100979
100977
100978
100976
100977
100975
100975
100975
100974
100974
100973
100973
100973
100973
100976
100969
100972
100967
100969
100966
100968
100965
100966
100965
100965
100964
100964
100963
100963
100962
100962
100961
100961
100966
100964
100964
100963
100962
100961
100961
100960
100959
100959
100958
100958
100958
100957
100957
100957
100956
100956
100955
100955
100965
100964
100964
100963
100962
100961
100961
100960
100959
100959
100959
100958
100958
100957
100957
100957
100956
100956
100955
100955
100965
100964
100964
100963
100962
100961
100961
100960
100959
100959
100959
100958
100958
100957
100957
100957
100956
100956
100955
100955
100965
100964
100964
100963
100962
100962
100961
100960
100960
100959
100959
100958
100958
100957
100957
100957
100956
100956
100955
100955
100965
100964
100964
100963
100962
100962
100961
100960
100960
100959
100959
100958
100958
100957
100957
100957
100956
100956
100955
100955
100965
100964
100964
100963
100962
100962
100961
100960
100960
100959
100959
100958
100958
100957
100957
100957
100956
100956
100955
100955
100965
100964
100964
100963
100962
100962
100961
100960
100960
100959
100959
100958
100958
100957
100957
100957
100956
100956
100955
100955
100965
100964
100964
100963
100962
100962
100961
100960
100960
100959
100959
100958
100958
100957
100957
100957
100956
100956
100955
100955
100965
100964
100964
100963
100962
100962
100961
100960
100960
100959
100959
100958
100958
100957
100957
100957
100956
100956
100955
100955
100965
100964
100964
100963
100962
100961
100961
100960
100959
100959
100959
100958
100958
100957
100957
100957
100956
100956
100955
100955
100965
100964
100964
100963
100962
100961
100961
100960
100959
100959
100959
100958
100958
100957
100957
100957
100956
100956
100955
100955
100966
100964
100964
100963
100962
100961
100961
100960
100959
100959
100958
100958
100958
100957
100957
100957
100956
100956
100955
100955
100966
100964
100964
100963
100962
100961
100961
100960
100959
100959
100958
100958
100958
100957
100957
100957
100956
100956
100955
100955
100965
100964
100964
100963
100962
100961
100961
100960
100959
100959
100959
100958
100958
100957
100957
100957
100956
100956
100955
100955
100965
100964
100964
100963
100962
100961
100961
100960
100959
100959
100959
100958
100958
100957
100957
100957
100956
100956
100955
100955
100965
100964
100964
100963
100962
100962
100961
100960
100960
100959
100959
100958
100958
100957
100957
100957
100956
100956
100955
100955
100965
100964
100964
100963
100962
100962
100961
100960
100960
100959
100959
100958
100958
100957
100957
100957
100956
100956
100955
100955
100965
100964
100964
100963
100962
100962
100961
100960
100960
100959
100959
100958
100958
100957
100957
100957
100956
100956
100955
100955
100965
100964
100964
100963
100962
100962
100961
100960
100960
100959
100959
100958
100958
100957
100957
100957
100956
100956
100955
100955
100965
100964
100964
100963
100962
100962
100961
100960
100960
100959
100959
100958
100958
100957
100957
100957
100956
100956
100955
100955
100965
100964
100964
100963
100962
100962
100961
100960
100960
100959
100959
100958
100958
100957
100957
100957
100956
100956
100955
100955
100965
100964
100964
100963
100962
100961
100961
100960
100959
100959
100959
100958
100958
100957
100957
100957
100956
100956
100955
100955
100965
100964
100964
100963
100962
100961
100961
100960
100959
100959
100959
100958
100958
100957
100957
100957
100956
100956
100955
100955
100966
100964
100964
100963
100962
100961
100961
100960
100959
100959
100958
100958
100958
100957
100957
100957
100956
100956
100955
100955
100973
100976
100969
100972
100967
100969
100966
100968
100965
100966
100965
100965
100964
100964
100963
100963
100962
100962
100961
100961
100984
100988
100981
100984
100979
100981
100978
100979
100977
100978
100976
100977
100975
100975
100975
100974
100974
100973
100973
100973
100975
100978
100972
100974
100970
100972
100969
100970
100968
100969
100967
100967
100966
100966
100965
100965
100965
100964
100964
100964
100981
100985
100979
100981
100977
100979
100976
100977
100975
100976
100974
100974
100973
100973
100972
100972
100972
100971
100971
100971
100977
100980
100974
100977
100972
100974
100971
100973
100970
100971
100969
100970
100969
100969
100968
100968
100967
100967
100966
100966
100979
100983
100977
100979
100975
100977
100974
100975
100973
100973
100972
100972
100971
100971
100970
100970
100969
100969
100969
100969
100979
100983
100977
100979
100975
100977
100974
100975
100973
100973
100972
100972
100971
100971
100970
100970
100969
100969
100969
100969
100977
100980
100974
100977
100972
100974
100971
100973
100970
100971
100969
100970
100969
100969
100968
100968
100967
100967
100966
100966
100981
100985
100979
100981
100977
100979
100976
100977
100975
100976
100974
100974
100973
100973
100972
100972
100972
100971
100971
100971
100975
100978
100972
100974
100970
100972
100969
100970
100968
100969
100967
100967
100966
100966
100965
100965
100965
100964
100964
100964
100984
100988
100981
100984
100979
100981
100978
100979
100977
100978
100976
100977
100975
100975
100975
100974
100974
100973
100973
100973
100973
100976
100969
100972
100967
100969
100966
100968
100965
100966
100965
100965
100964
100964
100963
100963
100962
100962
100961
100961
101007
100991
100998
100988
100994
100986
100991
100985
100989
100984
100987
100983
100985
100981
100983
100980
100982
100979
100980
100977
100991
100977
100985
100975
100981
100974
100979
100972
100976
100971
100974
100970
100972
100969
100971
100967
100969
100966
100967
100965
100999
100986
100993
100983
100989
100981
100986
100979
100984
100978
100981
100977
100980
100976
100978
100975
100976
100973
100975
100972
100991
100980
100987
100977
100983
100975
100980
100974
100978
100973
100976
100971
100974
100970
100972
100969
100970
100968
100969
100966
100995
100984
100991
100981
100987
100979
100984
100978
100982
100976
100980
100975
100978
100974
100976
100973
100974
100971
100973
100970
100993
100982
100989
100979
100985
100977
100982
100976
100980
100975
100978
100973
100976
100972
100974
100971
100972
100970
100971
100968
100993
100982
100989
100979
100985
100977
100982
100976
100980
100975
100978
100973
100976
100972
100974
100971
100972
100970
100971
100968
100995
100984
100991
100981
100987
100979
100984
100978
100982
100976
100980
100975
100978
100974
100976
100973
100974
100971
100973
100970
100991
100980
100987
100977
100983
100975
100980
100974
100978
100973
100976
100971
100974
100970
100972
100969
100970
100968
100969
100966
100999
100986
100993
100983
100989
100981
100986
100979
100984
100978
100981
100977
100980
100976
100978
100975
100976
100973
100975
100972
100991
100977
100985
100975
100981
100974
100979
100972
100976
100971
100974
100970
100972
100969
100971
100967
100969
100966
100967
100965
101007
100991
100998
100988
100994
100986
100991
100985
100989
100984
100987
100983
100985
100981
100983
100980
100982
100979
100980
100977
100999
100986
100987
100976
100976
100966
100965
100956
100955
100946
100944
100936
100934
100926
100923
100915
100913
100905
100902
100894
100891
100884
100880
100873
100869
100861
100857
100850
100845
100838
100833
100826
100821
100814
100809
100801
100796
100788
100782
100775
100769
100761
100755
100747
100741
100733
100726
100718
100711
100703
100696
100688
100680
100671
100663
100654
100646
100636
100628
100618
100609
100598
100589
100578
100567
100555
100544
100530
100518
100503
100489
100473
100457
100440
100423
100403
100385
100364
100344
100322
100301
100278
100255
100231
100207
100182
100156
100131
100105
100079
100964
100950
100951
100940
100940
100929
100929
100919
100918
100909
100908
100899
100897
100889
100887
100879
100876
100869
100866
100858
100855
100847
100844
100836
100832
100825
100821
100813
100809
100801
100797
100789
100785
100777
100772
100765
100759
100752
100746
100738
100732
100725
100719
100711
100704
100696
100690
100682
100675
100667
100660
100651
100644
100635
100627
100618
100610
100600
100592
100582
100573
100562
100552
100541
100531
100519
100508
100494
100482
100467
100453
100437
100421
100404
100387
100367
100349
100328
100308
100286
100265
100242
100219
100195
100171
100146
100120
100095
100069
100043
100983
100971
100972
100960
100960
100950
100950
100940
100939
100930
100929
100920
100918
100910
100908
100900
100897
100889
100886
100879
100875
100868
100864
100857
100853
100846
100841
100834
100830
100822
100818
100810
100805
100798
100793
100785
100780
100772
100767
100759
100753
100745
100739
100731
100725
100717
100711
100702
100696
100688
100680
100672
100665
100656
100648
100639
100630
100621
100612
100602
100593
100583
100573
100562
100551
100539
100528
100515
100502
100488
100474
100457
100442
100424
100407
100388
100369
100348
100329
100307
100285
100262
100239
100215
100191
100166
100141
100116
100089
100064
100968
100955
100956
100944
100944
100934
100933
100924
100923
100914
100912
100904
100902
100893
100891
100883
100880
100873
100870
100862
100859
100851
100848
100840
100837
100829
100825
100817
100813
100806
100801
100794
100789
100781
100776
100769
100764
100756
100750
100743
100737
100729
100723
100715
100709
100701
100694
100686
100679
100671
100664
100656
100648
100639
100631
100622
100614
100604
100596
100586
100577
100566
100557
100546
100535
100523
100512
100498
100486
100471
100457
100441
100426
100408
100391
100371
100353
100332
100312
100290
100269
100246
100223
100199
100175
100150
100125
100099
100073
100047
100978
100965
100966
100955
100955
100945
100944
100935
100933
100925
100923
100915
100912
100904
100902
100894
100891
100884
100881
100873
100870
100862
100859
100851
100847
100840
100836
100828
100824
100817
100812
100805
100800
100792
100787
100780
100774
100767
100761
100753
100748
100740
100734
100726
100719
100711
100705
100697
100690
100682
100675
100666
100659
100650
100642
100633
100625
100615
100607
100597
100588
100577
100567
100556
100546
100534
100522
100509
100497
100482
100468
100452
100436
100418
100401
100382
100364
100343
100323
100301
100280
100256
100234
100210
100186
100161
100135
100110
100083
100058
100973
100960
100961
100949
100949
100939
100938
100929
100928
100919
100917
100909
100907
100899
100896
100889
100886
100878
100875
100868
100864
100857
100853
100846
100842
100834
100830
100823
100818
100811
100806
100799
100794
100787
100782
100774
100769
100761
100756
100748
100742
100734
100728
100720
100714
100706
100699
100691
100685
100676
100669
100661
100653
100645
100637
100627
100619
100610
100601
100591
100582
100572
100562
100551
100540
100528
100517
100504
100491
100476
100462
100446
100431
100413
100396
100377
100358
100337
100318
100295
100274
100251
100228
100204
100180
100155
100130
100105
100078
100053
100973
100960
100961
100950
100950
100939
100939
100929
100928
100919
100918
100909
100907
100899
100897
100889
100886
100878
100875
100868
100865
100857
100854
100846
100842
100835
100831
100823
100819
100811
100807
100799
100795
100787
100782
100775
100769
100762
100756
100748
100742
100734
100728
100720
100714
100706
100700
100692
100685
100677
100670
100661
100654
100645
100637
100628
100620
100610
100601
100591
100582
100572
100562
100551
100541
100529
100517
100504
100491
100477
100463
100447
100431
100413
100396
100377
100359
100338
100318
100296
100275
100251
100229
100205
100180
100156
100130
100105
100078
100053
100978
100965
100966
100955
100955
100944
100944
100934
100933
100924
100923
100914
100912
100904
100902
100894
100891
100883
100880
100873
100869
100862
100858
100851
100847
100840
100835
100828
100824
100816
100812
100804
100799
100792
100787
100779
100774
100766
100761
100753
100747
100739
100733
100725
100719
100711
100705
100697
100690
100682
100675
100666
100659
100650
100642
100633
100624
100615
100606
100596
100587
100577
100567
100556
100546
100534
100522
100509
100496
100482
100468
100451
100436
100418
100401
100382
100363
100343
100323
100301
100279
100256
100233
100209
100185
100160
100135
100110
100083
100058
100968
100955
100956
100944
100944
100934
100933
100924
100923
100914
100912
100904
100902
100894
100891
100884
100881
100873
100870
100863
100859
100852
100848
100841
100837
100829
100825
100818
100813
100806
100801
100794
100789
100782
100777
100769
100764
100756
100751
100743
100737
100729
100723
100715
100709
100701
100695
100686
100680
100672
100665
100656
100649
100640
100632
100623
100614
100605
100596
100586
100577
100567
100557
100546
100536
100523
100512
100499
100486
100472
100458
100441
100426
100408
100391
100372
100353
100333
100313
100291
100269
100246
100223
100199
100175
100150
100125
100100
100073
100048
100983
100971
100972
100960
100960
100950
100949
100940
100939
100930
100928
100920
100918
100910
100907
100899
100897
100889
100886
100878
100875
100868
100864
100857
100853
100845
100841
100834
100829
100822
100817
100810
100805
100798
100792
100785
100780
100772
100766
100759
100753
100745
100739
100731
100725
100717
100710
100702
100695
100687
100680
100672
100664
100655
100647
100638
100630
100620
100612
100602
100593
100582
100573
100562
100551
100539
100528
100514
100502
100487
100473
100457
100441
100424
100407
100387
100369
100348
100328
100306
100285
100262
100239
100215
100191
100166
100140
100115
100089
100063
100964
100951
100952
100940
100940
100930
100929
100920
100919
100910
100908
100900
100898
100890
100887
100879
100877
100869
100866
100858
100855
100848
100844
100837
100833
100825
100821
100814
100809
100802
100797
100790
100785
100778
100773
100765
100760
100752
100747
100739
100733
100725
100719
100711
100705
100697
100690
100682
100676
100667
100660
100652
100644
100636
100628
100618
100610
100601
100592
100582
100573
100563
100553
100542
100531
100519
100508
100495
100482
100467
100453
100437
100422
100404
100387
100368
100349
100328
100309
100287
100265
100242
100219
100195
100171
100146
100121
100096
100069
100044
100999
100986
100987
100975
100975
100965
100965
100955
100954
100945
100944
100935
100933
100925
100923
100915
100912
100904
100901
100894
100891
100883
100879
100872
100868
100861
100857
100849
100845
100837
100833
100825
100820
100813
100808
100800
100795
100787
100782
100774
100768
100760
100754
100746
100740
100732
100726
100718
100711
100703
100696
100687
100680
100671
100663
100654
100646
100636
100627
100617
100608
100598
100588
100577
100567
100555
100543
100530
100517
100503
100489
100472
100457
100439
100422
100403
100384
100364
100344
100322
100300
100277
100254
100230
100206
100181
100156
100131
100104
100079
100944
100937
100936
100929
100928
100920
100919
100912
100910
100903
100901
100894
100891
100884
100882
100874
100872
100864
100861
100854
100851
100844
100840
100833
100829
100822
100817
100810
100806
100798
100794
100787
100782
100774
100769
100762
100757
100749
100743
100736
100730
100722
100716
100708
100702
100694
100687
100679
100673
100664
100657
100649
100641
100632
100625
100615
100607
100598
100589
100579
100570
100560
100550
100539
100528
100516
100505
100492
100479
100464
100450
100434
100419
100401
100384
100364
100346
100325
100305
100283
100262
100238
100216
100191
100167
100142
100117
100091
100064
100039
100977
100970
100970
100963
100962
100954
100953
100946
100944
100937
100935
100928
100926
100918
100916
100908
100906
100898
100895
100888
100885
100878
100874
100867
100863
100856
100852
100844
100840
100833
100828
100821
100816
100809
100804
100796
100791
100783
100777
100770
100764
100756
100750
100742
100736
100728
100721
100713
100707
100698
100691
100683
100675
100667
100659
100650
100641
100632
100623
100613
100604
100594
100584
100573
100562
100550
100539
100526
100513
100498
100484
100468
100453
100435
100418
100398
100380
100359
100339
100317
100296
100272
100249
100225
100201
100176
100150
100125
100098
100072
100952
100945
100944
100936
100936
100928
100927
100919
100918
100911
100909
100901
100899
100892
100889
100882
100879
100872
100869
100862
100859
100851
100848
100840
100837
100829
100825
100818
100813
100806
100802
100794
100789
100782
100777
100770
100764
100757
100751
100743
100737
100730
100724
100716
100709
100701
100695
100687
100680
100672
100665
100656
100649
100640
100632
100623
100615
100605
100597
100587
100578
100567
100558
100546
100536
100524
100513
100499
100487
100472
100458
100442
100426
100408
100391
100372
100354
100333
100313
100291
100269
100246
100223
100199
100175
100150
100124
100099
100072
100046
100971
100964
100963
100956
100955
100948
100947
100939
100938
100930
100928
100921
100919
100911
100909
100902
100899
100892
100889
100881
100878
100871
100867
100860
100856
100849
100845
100838
100833
100826
100821
100814
100809
100802
100797
100789
100784
100776
100771
100763
100757
100749
100743
100735
100729
100721
100715
100707
100700
100692
100685
100676
100669
100660
100652
100643
100635
100625
100616
100606
100597
100587
100577
100566
100556
100544
100532
100519
100506
100492
100478
100461
100446
100428
100411
100392
100373
100352
100332
100310
100289
100266
100243
100219
100194
100169
100144
100118
100091
100066
100959
100951
100950
100943
100942
100935
100934
100926
100925
100917
100915
100908
100906
100898
100896
100889
100886
100879
100876
100868
100865
100858
100854
100847
100843
100836
100832
100824
100820
100813
100808
100801
100796
100789
100784
100776
100771
100763
100758
100750
100744
100736
100730
100722
100716
100708
100702
100694
100687
100679
100672
100663
100656
100647
100639
100630
100621
100612
100603
100593
100584
100574
100564
100553
100543
100531
100519
100506
100493
100479
100465
100448
100433
100415
100398
100379
100360
100339
100319
100297
100276
100253
100230
100206
100181
100156
100131
100105
100078
100053
100965
100957
100957
100950
100949
100941
100940
100933
100931
100924
100922
100915
100912
100905
100903
100895
100893
100885
100882
100875
100872
100865
100861
100854
100850
100843
100838
100831
100827
100819
100815
100808
100803
100795
100790
100783
100778
100770
100764
100757
100751
100743
100737
100729
100723
100715
100708
100700
100694
100685
100678
100670
100662
100653
100646
100636
100628
100619
100610
100600
100591
100580
100571
100560
100549
100537
100526
100513
100500
100485
100471
100455
100439
100422
100405
100385
100367
100346
100326
100304
100282
100259
100236
100212
100188
100163
100137
100112
100085
100059
100965
100957
100957
100949
100949
100941
100940
100932
100931
100923
100922
100914
100912
100905
100902
100895
100892
100885
100882
100875
100871
100864
100861
100853
100850
100842
100838
100831
100826
100819
100814
100807
100802
100795
100790
100782
100777
100770
100764
100756
100750
100742
100736
100729
100722
100714
100708
100700
100693
100685
100678
100669
100662
100653
100645
100636
100628
100618
100610
100600
100591
100580
100570
100559
100549
100537
100525
100512
100500
100485
100471
100455
100439
100421
100404
100385
100366
100346
100326
100303
100282
100259
100236
100212
100188
100163
100137
100112
100085
100059
100959
100951
100951
100943
100943
100935
100934
100926
100925
100917
100916
100908
100906
100899
100896
100889
100886
100879
100876
100869
100865
100858
100855
100847
100844
100836
100832
100825
100820
100813
100809
100801
100796
100789
100784
100777
100771
100764
100758
100750
100744
100737
100731
100723
100716
100708
100702
100694
100687
100679
100672
100663
100656
100647
100639
100630
100622
100612
100604
100594
100585
100574
100564
100553
100543
100531
100519
100506
100494
100479
100465
100449
100433
100415
100398
100379
100360
100340
100320
100298
100276
100253
100230
100206
100182
100157
100131
100106
100079
100053
100971
100964
100963
100956
100955
100947
100946
100939
100937
100930
100928
100921
100918
100911
100909
100901
100899
100891
100888
100881
100878
100871
100867
100860
100856
100849
100844
100837
100833
100825
100821
100814
100809
100801
100796
100789
100784
100776
100770
100763
100757
100749
100743
100735
100729
100721
100714
100706
100700
100691
100684
100676
100668
100659
100652
100642
100634
100625
100616
100606
100597
100586
100577
100566
100555
100543
100532
100519
100506
100491
100477
100461
100445
100428
100411
100391
100373
100352
100332
100310
100288
100265
100242
100218
100194
100169
100143
100118
100091
100065
100953
100945
100944
100937
100936
100928
100927
100920
100918
100911
100909
100902
100900
100892
100890
100882
100880
100872
100869
100862
100859
100852
100848
100841
100837
100830
100826
100818
100814
100806
100802
100795
100790
100782
100777
100770
100765
100757
100751
100744
100738
100730
100724
100716
100710
100702
100695
100687
100681
100672
100665
100657
100649
100641
100633
100623
100615
100606
100597
100587
100578
100568
100558
100547
100536
100524
100513
100500
100487
100472
100458
100442
100427
100409
100392
100372
100354
100333
100313
100291
100270
100246
100224
100199
100175
100150
100124
100099
100072
100047
100977
100970
100970
100962
100962
100954
100953
100945
100944
100936
100935
100927
100925
100918
100915
100908
100905
100898
100895
100888
100884
100877
100874
100866
100863
100855
100851
100844
100839
100832
100828
100820
100815
100808
100803
100795
100790
100783
100777
100769
100763
100756
100749
100742
100735
100727
100721
100713
100706
100698
100691
100682
100675
100666
100658
100649
100641
100631
100623
100613
100604
100593
100583
100572
100562
100550
100538
100525
100513
100498
100484
100468
100452
100434
100417
100398
100379
100359
100339
100316
100295
100272
100249
100225
100200
100176
100150
100125
100097
100072
100944
100937
100936
100929
100928
100921
100920
100912
100911
100903
100901
100894
100892
100884
100882
100875
100872
100865
100862
100854
100851
100844
100840
100833
100829
100822
100818
100810
100806
100799
100794
100787
100782
100775
100770
100762
100757
100749
100744
100736
100730
100722
100716
100708
100702
100694
100688
100680
100673
100665
100658
100649
100642
100633
100625
100616
100608
100598
100589
100579
100570
100560
100550
100539
100529
100517
100505
100492
100479
100465
100451
100434
100419
100401
100384
100365
100346
100325
100305
100283
100262
100239
100216
100192
100167
100143
100117
100092
100064
100039
100953
100948
100946
100940
100938
100933
100931
100925
100923
100917
100915
100908
100906
100899
100897
100890
100887
100880
100878
100871
100867
100860
100857
100850
100846
100839
100835
100827
100823
100816
100811
100804
100799
100792
100787
100780
100774
100767
100761
100753
100748
100740
100734
100726
100720
100712
100705
100697
100691
100682
100675
100667
100659
100650
100643
100633
100625
100616
100607
100597
100588
100577
100568
100557
100546
100534
100523
100509
100497
100482
100468
100452
100436
100418
100401
100382
100363
100343
100323
100300
100279
100256
100233
100209
100184
100160
100134
100108
100082
100056
100953
100948
100946
100940
100938
100933
100931
100925
100923
100917
100915
100908
100906
100899
100897
100890
100887
100880
100878
100871
100867
100860
100857
100850
100846
100839
100835
100828
100823
100816
100811
100804
100799
100792
100787
100780
100774
100767
100761
100753
100748
100740
100734
100726
100720
100712
100705
100697
100691
100682
100675
100667
100659
100650
100643
100633
100625
100616
100607
100597
100588
100577
100568
100557
100546
100534
100523
100510
100497
100482
100468
100452
100436
100419
100401
100382
100363
100343
100323
100301
100279
100256
100233
100209
100184
100160
100134
100109
100082
100056
100953
100948
100946
100940
100938
100933
100931
100925
100923
100917
100915
100908
100906
100899
100897
100890
100887
100880
100877
100871
100867
100860
100857
100850
100846
100839
100835
100827
100823
100816
100811
100804
100799
100792
100787
100780
100774
100767
100761
100753
100748
100740
100734
100726
100720
100712
100705
100697
100690
100682
100675
100667
100659
100650
100643
100633
100625
100616
100607
100597
100588
100577
100568
100557
100546
100534
100523
100509
100497
100482
100468
100452
100436
100418
100401
100382
100363
100343
100323
100300
100279
100256
100233
100209
100184
100159
100134
100108
100081
100056
100953
100948
100946
100940
100938
100933
100931
100925
100923
100917
100915
100908
100906
100899
100897
100890
100887
100880
100878
100871
100867
100860
100857
100850
100846
100839
100835
100828
100823
100816
100811
100804
100799
100792
100787
100780
100774
100767
100761
100753
100748
100740
100734
100726
100720
100712
100705
100697
100691
100682
100675
100667
100659
100650
100643
100633
100625
100616
100607
100597
100588
100577
100568
100557
100546
100534
100523
100510
100497
100482
100468
100452
100436
100419
100401
100382
100364
100343
100323
100301
100279
100256
100233
100209
100184
100160
100134
100109
100082
100056
100953
100948
100946
100940
100938
100933
100931
100925
100923
100917
100915
100908
100906
100899
100897
100890
100887
100880
100878
100871
100867
100860
100857
100850
100846
100839
100835
100827
100823
100816
100811
100804
100799
100792
100787
100780
100774
100767
100761
100753
100748
100740
100734
100726
100720
100712
100705
100697
100691
100682
100675
100667
100659
100650
100643
100633
100625
100616
100607
100597
100588
100577
100568
100557
100546
100534
100523
100509
100497
100482
100468
100452
100436
100418
100401
100382
100363
100343
100323
100300
100279
100256
100233
100209
100184
100159
100134
100108
100081
100056
100953
100948
100946
100940
100938
100933
100931
100925
100923
100917
100915
100908
100906
100899
100897
100890
100887
100880
100878
100871
100867
100860
100857
100850
100846
100839
100835
100827
100823
100816
100811
100804
100799
100792
100787
100780
100774
100767
100761
100753
100748
100740
100734
100726
100720
100712
100705
100697
100691
100682
100675
100667
100659
100650
100643
100633
100625
100616
100607
100597
100588
100577
100568
100557
100546
100534
100523
100510
100497
100482
100468
100452
100436
100418
100401
100382
100363
100343
100323
100300
100279
100256
100233
100209
100184
100160
100134
100108
100082
100056
100953
100948
100946
100940
100938
100933
100931
100925
100923
100917
100915
100908
100906
100899
100897
100890
100887
100880
100878
100871
100867
100860
100857
100850
100846
100839
100835
100827
100823
100816
100811
100804
100799
100792
100787
100780
100774
100767
100761
100753
100748
100740
100734
100726
100720
100712
100705
100697
100691
100682
100675
100667
100659
100650
100643
100633
100625
100616
100607
100597
100588
100577
100568
100557
100546
100534
100523
100509
100497
100482
100468
100452
100436
100418
100401
100382
100363
100343
100323
100300
100279
100256
100233
100209
100184
100160
100134
100108
100082
100056
100953
100948
100946
100940
100938
100933
100931
100925
100923
100917
100915
100908
100906
100899
100897
100890
100887
100880
100878
100871
100867
100860
100857
100850
100846
100839
100835
100827
100823
100816
100811
100804
100799
100792
100787
100780
100774
100767
100761
100753
100748
100740
100734
100726
100720
100712
100705
100697
100691
100682
100675
100667
100659
100650
100643
100633
100625
100616
100607
100597
100588
100577
100568
100557
100546
100534
100523
100509
100497
100482
100468
100452
100436
100418
100401
100382
100363
100343
100323
100300
100279
100256
100233
100209
100184
100159
100134
100108
100081
100056
100953
100948
100946
100940
100938
100933
100931
100925
100923
100917
100915
100908
100906
100899
100897
100890
100887
100880
100878
100871
100867
100860
100857
100850
100846
100839
100835
100827
100823
100816
100811
100804
100799
100792
100787
100780
100774
100767
100761
100753
100748
100740
100734
100726
100720
100712
100705
100697
100691
100682
100675
100667
100659
100650
100643
100633
100625
100616
100607
100597
100588
100577
100568
100557
100546
100534
100523
100510
100497
100482
100468
100452
100436
100418
100401
100382
100363
100343
100323
100301
100279
100256
100233
100209
100184
100160
100134
100108
100082
100056
100953
100948
100946
100940
100938
100933
100931
100925
100923
100917
100915
100908
100906
100899
100897
100890
100887
100880
100877
100871
100867
100860
100857
100850
100846
100839
100835
100827
100823
100816
100811
100804
100799
100792
100787
100780
100774
100767
100761
100753
100748
100740
100734
100726
100720
100712
100705
100697
100690
100682
100675
100667
100659
100650
100643
100633
100625
100616
100607
100597
100588
100577
100568
100557
100546
100534
100523
100509
100497
100482
100468
100452
100436
100418
100401
100382
100363
100343
100323
100300
100279
100256
100233
100209
100184
100159
100134
100108
100081
100056
100953
100948
100946
100940
100938
100933
100931
100925
100923
100917
100915
100908
100906
100899
100897
100890
100887
100880
100878
100871
100867
100860
100857
100850
100846
100839
100835
100827
100823
100816
100811
100804
100799
100792
100787
100780
100774
100767
100761
100753
100748
100740
100734
100726
100720
100712
100705
100697
100691
100682
100675
100667
100659
100650
100643
100633
100625
100616
100607
100597
100588
100577
100568
100557
100546
100534
100523
100510
100497
100482
100468
100452
100436
100418
100401
100382
100363
100343
100323
100301
100279
100256
100233
100209
100184
100160
100134
100108
100082
100056
100953
100948
100946
100940
100938
100933
100931
100925
100923
100917
100915
100908
100906
100899
100897
100890
100887
100880
100878
100871
100867
100860
100857
100850
100846
100839
100835
100827
100823
100816
100811
100804
100799
100792
100787
100780
100774
100767
100761
100753
100748
100740
100734
100726
100720
100712
100705
100697
100691
100682
100675
100667
100659
100650
100643
100633
100625
100616
100607
100597
100588
100577
100568
100557
100546
100534
100523
100509
100497
100482
100468
100452
100436
100418
100401
100382
100363
100343
100323
100300
100279
100256
100233
100209
100184
100160
100134
100108
100082
100056
100953
100948
100946
100940
100938
100933
100931
100925
100923
100917
100915
100908
100906
100899
100897
100890
100887
100880
100878
100871
100867
100860
100857
100850
100846
100839
100835
100827
100823
100816
100811
100804
100799
100792
100787
100780
100774
100767
100761
100753
100748
100740
100734
100726
100720
100712
100705
100697
100691
100682
100675
100667
100659
100650
100643
100633
100625
100616
100607
100597
100588
100577
100568
100557
100546
100534
100523
100509
100497
100482
100468
100452
100436
100418
100401
100382
100363
100343
100323
100300
100279
100256
100233
100209
100184
100160
100134
100108
100082
100056
100953
100948
100946
100940
100938
100933
100931
100925
100923
100917
100915
100908
100906
100899
100897
100890
100887
100880
100878
100871
100867
100860
100857
100850
100846
100839
100835
100828
100823
100816
100811
100804
100799
100792
100787
100780
100774
100767
100761
100753
100748
100740
100734
100726
100720
100712
100705
100697
100691
100682
100675
100667
100659
100650
100643
100633
100625
100616
100607
100597
100588
100577
100568
100557
100546
100534
100523
100510
100497
100482
100468
100452
100436
100419
100401
100382
100363
100343
100323
100301
100279
100256
100233
100209
100184
100160
100134
100109
100082
100056
100953
100948
100946
100940
100938
100933
100931
100925
100923
100917
100915
100908
100906
100899
100897
100890
100887
100880
100877
100871
100867
100860
100857
100850
100846
100839
100835
100827
100823
100816
100811
100804
100799
100792
100787
100780
100774
100767
100761
100753
100748
100740
100734
100726
100720
100712
100705
100697
100690
100682
100675
100667
100659
100650
100643
100633
100625
100616
100607
100597
100588
100577
100568
100557
100546
100534
100523
100509
100497
100482
100468
100452
100436
100418
100401
100382
100363
100343
100323
100300
100279
100256
100233
100209
100184
100159
100134
100108
100081
100056
100953
100948
100946
100940
100938
100933
100931
100925
100923
100917
100915
100908
100906
100899
100897
100890
100887
100880
100878
100871
100867
100860
100857
100850
100846
100839
100835
100828
100823
100816
100811
100804
100799
100792
100787
100780
100774
100767
100761
100753
100748
100740
100734
100726
100720
100712
100705
100697
100691
100682
100675
100667
100659
100650
100643
100633
100625
100616
100607
100597
100588
100577
100568
100557
100546
100534
100523
100510
100497
100482
100468
100452
100436
100419
100401
100382
100364
100343
100323
100301
100279
100256
100233
100209
100184
100160
100134
100109
100082
100056
100953
100948
100946
100940
100938
100933
100931
100925
100923
100917
100915
100908
100906
100899
100897
100890
100887
100880
100878
100871
100867
100860
100857
100850
100846
100839
100835
100827
100823
100816
100811
100804
100799
100792
100787
100780
100774
100767
100761
100753
100748
100740
100734
100726
100720
100712
100705
100697
100691
100682
100675
100667
100659
100650
100643
100633
100625
100616
100607
100597
100588
100577
100568
100557
100546
100534
100523
100509
100497
100482
100468
100452
100436
100418
100401
100382
100363
100343
100323
100300
100279
100256
100233
100209
100184
100159
100134
100108
100081
100056
100953
100948
100946
100940
100938
100933
100931
100925
100923
100917
100915
100908
100906
100899
100897
100890
100887
100880
100878
100871
100867
100860
100857
100850
100846
100839
100835
100827
100823
100816
100811
100804
100799
100792
100787
100780
100774
100767
100761
100753
100748
100740
100734
100726
100720
100712
100705
100697
100691
100682
100675
100667
100659
100650
100643
100633
100625
100616
100607
100597
100588
100577
100568
100557
100546
100534
100523
100510
100497
100482
100468
100452
100436
100418
100401
100382
100363
100343
100323
100300
100279
100256
100233
100209
100184
100160
100134
100108
100082
100056
100953
100948
100946
100940
100938
100933
100931
100925
100923
100917
100915
100908
100906
100899
100897
100890
100887
100880
100878
100871
100867
100860
100857
100850
100846
100839
100835
100827
100823
100816
100811
100804
100799
100792
100787
100780
100774
100767
100761
100753
100748
100740
100734
100726
100720
100712
100705
100697
100691
100682
100675
100667
100659
100650
100643
100633
100625
100616
100607
100597
100588
100577
100568
100557
100546
100534
100523
100509
100497
100482
100468
100452
100436
100418
100401
100382
100363
100343
100323
100300
100279
100256
100233
100209
100184
100160
100134
100108
100082
100056
100953
100948
100946
100940
100938
100933
100931
100925
100923
100917
100915
100908
100906
100899
100897
100890
100887
100880
100878
100871
100867
100860
100857
100850
100846
100839
100835
100827
100823
100816
100811
100804
100799
100792
100787
100780
100774
100767
100761
100753
100748
100740
100734
100726
100720
100712
100705
100697
100691
100682
100675
100667
100659
100650
100643
100633
100625
100616
100607
100597
100588
100577
100568
100557
100546
100534
100523
100509
100497
100482
100468
100452
100436
100418
100401
100382
100363
100343
100323
100300
100279
100256
100233
100209
100184
100159
100134
100108
100081
100056
100953
100948
100946
100940
100938
100933
100931
100925
100923
100917
100915
100908
100906
100899
100897
100890
100887
100880
100878
100871
100867
100860
100857
100850
100846
100839
100835
100827
100823
100816
100811
100804
100799
100792
100787
100780
100774
100767
100761
100753
100748
100740
100734
100726
100720
100712
100705
100697
100691
100682
100675
100667
100659
100650
100643
100633
100625
100616
100607
100597
100588
100577
100568
100557
100546
100534
100523
100510
100497
100482
100468
100452
100436
100418
100401
100382
100363
100343
100323
100301
100279
100256
100233
100209
100184
100160
100134
100108
100082
100056
100953
100948
100946
100940
100938
100933
100931
100925
100923
100917
100915
100908
100906
100899
100897
100890
100887
100880
100877
100871
100867
100860
100857
100850
100846
100839
100835
100827
100823
100816
100811
100804
100799
100792
100787
100780
100774
100767
100761
100753
100748
100740
100734
100726
100720
100712
100705
100697
100690
100682
100675
100667
100659
100650
100643
100633
100625
100616
100607
100597
100588
100577
100568
100557
100546
100534
100523
100509
100497
100482
100468
100452
100436
100418
100401
100382
100363
100343
100323
100300
100279
100256
100233
100209
100184
100159
100134
100108
100081
100056
100953
100948
100946
100940
100938
100933
100931
100925
100923
100917
100915
100908
100906
100899
100897
100890
100887
100880
100878
100871
100867
100860
100857
100850
100846
100839
100835
100827
100823
100816
100811
100804
100799
100792
100787
100780
100774
100767
100761
100753
100748
100740
100734
100726
100720
100712
100705
100697
100691
100682
100675
100667
100659
100650
100643
100633
100625
100616
100607
100597
100588
100577
100568
100557
100546
100534
100523
100510
100497
100482
100468
100452
100436
100418
100401
100382
100363
100343
100323
100301
100279
100256
100233
100209
100184
100160
100134
100108
100082
100056
100953
100948
100946
100940
100938
100933
100931
100925
100923
100917
100915
100908
100906
100899
100897
100890
100887
100880
100878
100871
100867
100860
100857
100850
100846
100839
100835
100827
100823
100816
100811
100804
100799
100792
100787
100780
100774
100767
100761
100753
100748
100740
100734
100726
100720
100712
100705
100697
100691
100682
100675
100667
100659
100650
100643
100633
100625
100616
100607
100597
100588
100577
100568
100557
100546
100534
100523
100509
100497
100482
100468
100452
100436
100418
100401
100382
100363
100343
100323
100300
100279
100256
100233
100209
100184
100160
100134
100108
100082
100056
100944
100937
100936
100929
100928
100920
100919
100912
100910
100903
100901
100894
100891
100884
100882
100874
100872
100864
100861
100854
100851
100844
100840
100833
100829
100822
100817
100810
100806
100798
100794
100787
100782
100774
100769
100762
100757
100749
100743
100736
100730
100722
100716
100708
100702
100694
100687
100679
100673
100664
100657
100649
100641
100632
100625
100615
100607
100598
100589
100579
100570
100560
100550
100539
100528
100516
100505
100492
100479
100464
100450
100434
100419
100401
100384
100364
100346
100325
100305
100283
100262
100238
100216
100191
100167
100142
100117
100091
100064
100039
100977
100970
100970
100963
100962
100954
100953
100946
100944
100937
100935
100928
100926
100918
100916
100908
100906
100898
100895
100888
100885
100878
100874
100867
100863
100856
100852
100844
100840
100833
100828
100821
100816
100809
100804
100796
100791
100783
100777
100770
100764
100756
100750
100742
100736
100728
100721
100713
100707
100698
100691
100683
100675
100667
100659
100650
100641
100632
100623
100613
100604
100594
100584
100573
100562
100550
100539
100526
100513
100498
100484
100468
100453
100435
100418
100398
100380
100359
100339
100317
100296
100272
100249
100225
100201
100176
100150
100125
100098
100072
100952
100945
100944
100936
100936
100928
100927
100919
100918
100911
100909
100901
100899
100892
100889
100882
100879
100872
100869
100862
100859
100851
100848
100840
100837
100829
100825
100818
100813
100806
100802
100794
100789
100782
100777
100770
100764
100757
100751
100743
100737
100730
100724
100716
100709
100701
100695
100687
100680
100672
100665
100656
100649
100640
100632
100623
100615
100605
100597
100587
100578
100567
100558
100546
100536
100524
100513
100499
100487
100472
100458
100442
100426
100408
100391
100372
100354
100333
100313
100291
100269
100246
100223
100199
100175
100150
100124
100099
100072
100046
100971
100964
100963
100956
100955
100948
100947
100939
100938
100930
100928
100921
100919
100911
100909
100902
100899
100892
100889
100881
100878
100871
100867
100860
100856
100849
100845
100838
100833
100826
100821
100814
100809
100802
100797
100789
100784
100776
100771
100763
100757
100749
100743
100735
100729
100721
100715
100707
100700
100692
100685
100676
100669
100660
100652
100643
100635
100625
100616
100606
100597
100587
100577
100566
100556
100544
100532
100519
100506
100492
100478
100461
100446
100428
100411
100392
100373
100352
100332
100310
100289
100266
100243
100219
100194
100169
100144
100118
100091
100066
100959
100951
100950
100943
100942
100935
100934
100926
100925
100917
100915
100908
100906
100898
100896
100889
100886
100879
100876
100868
100865
100858
100854
100847
100843
100836
100832
100824
100820
100813
100808
100801
100796
100789
100784
100776
100771
100763
100758
100750
100744
100736
100730
100722
100716
100708
100702
100694
100687
100679
100672
100663
100656
100647
100639
100630
100621
100612
100603
100593
100584
100574
100564
100553
100543
100531
100519
100506
100493
100479
100465
100448
100433
100415
100398
100379
100360
100339
100319
100297
100276
100253
100230
100206
100181
100156
100131
100105
100078
100053
100965
100957
100957
100950
100949
100941
100940
100933
100931
100924
100922
100915
100912
100905
100903
100895
100893
100885
100882
100875
100872
100865
100861
100854
100850
100843
100838
100831
100827
100819
100815
100808
100803
100795
100790
100783
100778
100770
100764
100757
100751
100743
100737
100729
100723
100715
100708
100700
100694
100685
100678
100670
100662
100653
100646
100636
100628
100619
100610
100600
100591
100580
100571
100560
100549
100537
100526
100513
100500
100485
100471
100455
100439
100422
100405
100385
100367
100346
100326
100304
100282
100259
100236
100212
100188
100163
100137
100112
100085
100059
100965
100957
100957
100949
100949
100941
100940
100932
100931
100923
100922
100914
100912
100905
100902
100895
100892
100885
100882
100875
100871
100864
100861
100853
100850
100842
100838
100831
100826
100819
100814
100807
100802
100795
100790
100782
100777
100770
100764
100756
100750
100742
100736
100729
100722
100714
100708
100700
100693
100685
100678
100669
100662
100653
100645
100636
100628
100618
100610
100600
100591
100580
100570
100559
100549
100537
100525
100512
100500
100485
100471
100455
100439
100421
100404
100385
100366
100346
100326
100303
100282
100259
100236
100212
100188
100163
100137
100112
100085
100059
100959
100951
100951
100943
100943
100935
100934
100926
100925
100917
100916
100908
100906
100899
100896
100889
100886
100879
100876
100869
100865
100858
100855
100847
100844
100836
100832
100825
100820
100813
100809
100801
100796
100789
100784
100777
100771
100764
100758
100750
100744
100737
100731
100723
100716
100708
100702
100694
100687
100679
100672
100663
100656
100647
100639
100630
100622
100612
100604
100594
100585
100574
100564
100553
100543
100531
100519
100506
100494
100479
100465
100449
100433
100415
100398
100379
100360
100340
100320
100298
100276
100253
100230
100206
100182
100157
100131
100106
100079
100053
100971
100964
100963
100956
100955
100947
100946
100939
100937
100930
100928
100921
100918
100911
100909
100901
100899
100891
100888
100881
100878
100871
100867
100860
100856
100849
100844
100837
100833
100825
100821
100814
100809
100801
100796
100789
100784
100776
100770
100763
100757
100749
100743
100735
100729
100721
100714
100706
100700
100691
100684
100676
100668
100659
100652
100642
100634
100625
100616
100606
100597
100586
100577
100566
100555
100543
100532
100519
100506
100491
100477
100461
100445
100428
100411
100391
100373
100352
100332
100310
100288
100265
100242
100218
100194
100169
100143
100118
100091
100065
100953
100945
100944
100937
100936
100928
100927
100920
100918
100911
100909
100902
100900
100892
100890
100882
100880
100872
100869
100862
100859
100852
100848
100841
100837
100830
100826
100818
100814
100806
100802
100795
100790
100782
100777
100770
100765
100757
100751
100744
100738
100730
100724
100716
100710
100702
100695
100687
100681
100672
100665
100657
100649
100641
100633
100623
100615
100606
100597
100587
100578
100568
100558
100547
100536
100524
100513
100500
100487
100472
100458
100442
100427
100409
100392
100372
100354
100333
100313
100291
100270
100246
100224
100199
100175
100150
100124
100099
100072
100047
100977
100970
100970
100962
100962
100954
100953
100945
100944
100936
100935
100927
100925
100918
100915
100908
100905
100898
100895
100888
100884
100877
100874
100866
100863
100855
100851
100844
100839
100832
100828
100820
100815
100808
100803
100795
100790
100783
100777
100769
100763
100756
100749
100742
100735
100727
100721
100713
100706
100698
100691
100682
100675
100666
100658
100649
100641
100631
100623
100613
100604
100593
100583
100572
100562
100550
100538
100525
100513
100498
100484
100468
100452
100434
100417
100398
100379
100359
100339
100316
100295
100272
100249
100225
100200
100176
100150
100125
100097
100072
100944
100937
100936
100929
100928
100921
100920
100912
100911
100903
100901
100894
100892
100884
100882
100875
100872
100865
100862
100854
100851
100844
100840
100833
100829
100822
100818
100810
100806
100799
100794
100787
100782
100775
100770
100762
100757
100749
100744
100736
100730
100722
100716
100708
100702
100694
100688
100680
100673
100665
100658
100649
100642
100633
100625
100616
100608
100598
100589
100579
100570
100560
100550
100539
100529
100517
100505
100492
100479
100465
100451
100434
100419
100401
100384
100365
100346
100325
100305
100283
100262
100239
100216
100192
100167
100143
100117
100092
100064
100039
100999
100986
100987
100976
100976
100966
100965
100956
100955
100946
100944
100936
100934
100926
100923
100915
100913
100905
100902
100894
100891
100884
100880
100873
100869
100861
100857
100850
100845
100838
100833
100826
100821
100814
100809
100801
100796
100788
100782
100775
100769
100761
100755
100747
100741
100733
100726
100718
100711
100703
100696
100688
100680
100671
100663
100654
100646
100636
100628
100618
100609
100598
100589
100578
100567
100555
100544
100530
100518
100503
100489
100473
100457
100440
100423
100403
100385
100364
100344
100322
100301
100278
100255
100231
100207
100182
100156
100131
100105
100079
100964
100950
100951
100940
100940
100929
100929
100919
100918
100909
100908
100899
100897
100889
100887
100879
100876
100869
100866
100858
100855
100847
100844
100836
100832
100825
100821
100813
100809
100801
100797
100789
100785
100777
100772
100765
100759
100752
100746
100738
100732
100725
100719
100711
100704
100696
100690
100682
100675
100667
100660
100651
100644
100635
100627
100618
100610
100600
100592
100582
100573
100562
100552
100541
100531
100519
100508
100494
100482
100467
100453
100437
100421
100404
100387
100367
100349
100328
100308
100286
100265
100242
100219
100195
100171
100146
100120
100095
100069
100043
100983
100971
100972
100960
100960
100950
100950
100940
100939
100930
100929
100920
100918
100910
100908
100900
100897
100889
100886
100879
100875
100868
100864
100857
100853
100846
100841
100834
100830
100822
100818
100810
100805
100798
100793
100785
100780
100772
100767
100759
100753
100745
100739
100731
100725
100717
100711
100702
100696
100688
100680
100672
100665
100656
100648
100639
100630
100621
100612
100602
100593
100583
100573
100562
100551
100539
100528
100515
100502
100488
100474
100457
100442
100424
100407
100388
100369
100348
100329
100307
100285
100262
100239
100215
100191
100166
100141
100116
100089
100064
100968
100955
100956
100944
100944
100934
100933
100924
100923
100914
100912
100904
100902
100893
100891
100883
100880
100873
100870
100862
100859
100851
100848
100840
100837
100829
100825
100817
100813
100806
100801
100794
100789
100781
100776
100769
100764
100756
100750
100743
100737
100729
100723
100715
100709
100701
100694
100686
100679
100671
100664
100656
100648
100639
100631
100622
100614
100604
100596
100586
100577
100566
100557
100546
100535
100523
100512
100498
100486
100471
100457
100441
100426
100408
100391
100371
100353
100332
100312
100290
100269
100246
100223
100199
100175
100150
100125
100099
100073
100047
100978
100965
100966
100955
100955
100945
100944
100935
100933
100925
100923
100915
100912
100904
100902
100894
100891
100884
100881
100873
100870
100862
100859
100851
100847
100840
100836
100828
100824
100817
100812
100805
100800
100792
100787
100780
100774
100767
100761
100753
100748
100740
100734
100726
100719
100711
100705
100697
100690
100682
100675
100666
100659
100650
100642
100633
100625
100615
100607
100597
100588
100577
100567
100556
100546
100534
100522
100509
100497
100482
100468
100452
100436
100418
100401
100382
100364
100343
100323
100301
100280
100256
100234
100210
100186
100161
100135
100110
100083
100058
100973
100960
100961
100949
100949
100939
100938
100929
100928
100919
100917
100909
100907
100899
100896
100889
100886
100878
100875
100868
100864
100857
100853
100846
100842
100834
100830
100823
100818
100811
100806
100799
100794
100787
100782
100774
100769
100761
100756
100748
100742
100734
100728
100720
100714
100706
100699
100691
100685
100676
100669
100661
100653
100645
100637
100627
100619
100610
100601
100591
100582
100572
100562
100551
100540
100528
100517
100504
100491
100476
100462
100446
100431
100413
100396
100377
100358
100337
100318
100295
100274
100251
100228
100204
100180
100155
100130
100105
100078
100053
100973
100960
100961
100950
100950
100939
100939
100929
100928
100919
100918
100909
100907
100899
100897
100889
100886
100878
100875
100868
100865
100857
100854
100846
100842
100835
100831
100823
100819
100811
100807
100799
100795
100787
100782
100775
100769
100762
100756
100748
100742
100734
100728
100720
100714
100706
100700
100692
100685
100677
100670
100661
100654
100645
100637
100628
100620
100610
100601
100591
100582
100572
100562
100551
100541
100529
100517
100504
100491
100477
100463
100447
100431
100413
100396
100377
100359
100338
100318
100296
100275
100251
100229
100205
100180
100156
100130
100105
100078
100053
100978
100965
100966
100955
100955
100944
100944
100934
100933
100924
100923
100914
100912
100904
100902
100894
100891
100883
100880
100873
100869
100862
100858
100851
100847
100840
100835
100828
100824
100816
100812
100804
100799
100792
100787
100779
100774
100766
100761
100753
100747
100739
100733
100725
100719
100711
100705
100697
100690
100682
100675
100666
100659
100650
100642
100633
100624
100615
100606
100596
100587
100577
100567
100556
100546
100534
100522
100509
100496
100482
100468
100451
100436
100418
100401
100382
100363
100343
100323
100301
100279
100256
100233
100209
100185
100160
100135
100110
100083
100058
100968
100955
100956
100944
100944
100934
100933
100924
100923
100914
100912
100904
100902
100894
100891
100884
100881
100873
100870
100863
100859
100852
100848
100841
100837
100829
100825
100818
100813
100806
100801
100794
100789
100782
100777
100769
100764
100756
100751
100743
100737
100729
100723
100715
100709
100701
100695
100686
100680
100672
100665
100656
100649
100640
100632
100623
100614
100605
100596
100586
100577
100567
100557
100546
100536
100523
100512
100499
100486
100472
100458
100441
100426
100408
100391
100372
100353
100333
100313
100291
100269
100246
100223
100199
100175
100150
100125
100100
100073
100048
100983
100971
100972
100960
100960
100950
100949
100940
100939
100930
100928
100920
100918
100910
100907
100899
100897
100889
100886
100878
100875
100868
100864
100857
100853
100845
100841
100834
100829
100822
100817
100810
100805
100798
100793
100785
100780
100772
100766
100759
100753
100745
100739
100731
100725
100717
100710
100702
100695
100687
100680
100672
100664
100655
100647
100638
100630
100620
100612
100602
100593
100582
100573
100562
100551
100539
100528
100514
100502
100487
100473
100457
100441
100424
100407
100387
100369
100348
100328
100306
100285
100262
100239
100215
100191
100166
100140
100115
100089
100063
100964
100951
100952
100940
100940
100930
100929
100920
100919
100910
100908
100900
100898
100890
100887
100879
100877
100869
100866
100858
100855
100848
100844
100837
100833
100825
100821
100814
100809
100802
100797
100790
100785
100778
100773
100765
100760
100752
100747
100739
100733
100725
100719
100711
100705
100697
100690
100682
100676
100667
100660
100652
100644
100636
100628
100618
100610
100601
100592
100582
100573
100563
100553
100542
100531
100519
100508
100495
100482
100467
100453
100437
100422
100404
100387
100368
100349
100328
100309
100287
100265
100242
100219
100195
100171
100146
100121
100096
100069
100044
100999
100986
100987
100975
100975
100965
100965
100955
100954
100945
100944
100935
100933
100925
100923
100915
100912
100904
100901
100894
100891
100883
100879
100872
100868
100861
100857
100849
100845
100837
100833
100825
100820
100813
100808
100800
100795
100787
100782
100774
100768
100760
100754
100746
100740
100732
100726
100718
100711
100703
100696
100687
100680
100671
100663
100654
100646
100636
100627
100617
100608
100598
100588
100577
100567
100555
100543
100530
100517
100503
100489
100472
100457
100439
100422
100403
100384
100364
100344
100322
100300
100277
100254
100230
100206
100181
100156
100131
100104
100079
)
;

boundaryField
{
    upperWall
    {
        type            zeroGradient;
    }
    lowerWall
    {
        type            zeroGradient;
    }
    heatedWall
    {
        type            zeroGradient;
    }
    inlet
    {
        type            zeroGradient;
    }
    outlet
    {
        type            waveTransmissive;
        gamma           1.3;
        fieldInf        100000;
        lInf            0.3;
        value           nonuniform List<scalar> 
72
(
100059
100033
100048
100036
100044
100040
100040
100043
100036
100047
100033
100059
100029
100054
100035
100049
100040
100045
100044
100040
100049
100035
100054
100029
100042
100042
100042
100042
100042
100042
100042
100042
100042
100042
100042
100042
100042
100042
100042
100042
100042
100042
100042
100042
100042
100042
100042
100042
100029
100054
100035
100049
100040
100045
100044
100040
100049
100035
100054
100029
100059
100033
100048
100036
100044
100040
100040
100043
100036
100047
100033
100059
)
;
    }
    frontAndBack
    {
        type            empty;
    }
}


// ************************************************************************* //
