/*--------------------------------*- C++ -*----------------------------------*\
  =========                 |
  \\      /  F ield         | OpenFOAM: The Open Source CFD Toolbox
   \\    /   O peration     | Website:  https://openfoam.org
    \\  /    A nd           | Version:  7
     \\/     M anipulation  |
\*---------------------------------------------------------------------------*/
FoamFile
{
    version     2.0;
    format      ascii;
    class       volScalarField;
    location    "0.1475";
    object      nut;
}
// * * * * * * * * * * * * * * * * * * * * * * * * * * * * * * * * * * * * * //

dimensions      [0 2 -1 0 0 0 0];

internalField   nonuniform List<scalar> 
7920
(
0.00875296
0.00911848
0.00912136
0.00913405
0.00913706
0.00914712
0.00914749
0.00915367
0.00915211
0.00915542
0.00915343
0.00915574
0.00915409
0.00915595
0.00915467
0.00915616
0.00915573
0.00915514
0.00916228
0.00917055
0.0045151
0.00454145
0.004442
0.00434176
0.00429517
0.00428881
0.00428744
0.00429088
0.0042899
0.00429176
0.00429031
0.00429156
0.00429024
0.00429127
0.00429012
0.00429115
0.00428993
0.00429111
0.00431228
0.0043301
0.00345177
0.00368625
0.00370509
0.00369887
0.00368864
0.00368967
0.00368993
0.00369346
0.00369342
0.00369519
0.00369409
0.00369498
0.00369372
0.00369439
0.00369324
0.00369383
0.0036927
0.00369361
0.00369385
0.00370138
0.00332056
0.00359123
0.00364078
0.00365638
0.00365798
0.0036627
0.00366395
0.0036685
0.00366885
0.00367092
0.00366998
0.0036709
0.00366965
0.00367026
0.00366913
0.00366955
0.00366875
0.00366877
0.00366929
0.00367279
0.0033062
0.00358006
0.00363336
0.00365246
0.00365561
0.00366182
0.00366324
0.00366796
0.00366842
0.00367063
0.0036697
0.00367065
0.00366937
0.00367001
0.0036688
0.00366927
0.00366848
0.00366795
0.00366902
0.00367211
0.00330781
0.0035793
0.00363242
0.00365199
0.0036558
0.00366264
0.00366431
0.00366934
0.00366989
0.00367217
0.00367126
0.00367222
0.00367094
0.00367157
0.00367039
0.0036708
0.0036702
0.00366945
0.00367103
0.00367337
0.00330781
0.0035793
0.00363242
0.00365199
0.0036558
0.00366264
0.00366431
0.00366934
0.00366989
0.00367217
0.00367126
0.00367222
0.00367094
0.00367157
0.00367039
0.0036708
0.00367019
0.00366947
0.00367102
0.00367339
0.0033062
0.00358006
0.00363336
0.00365246
0.00365561
0.00366182
0.00366324
0.00366796
0.00366842
0.00367063
0.0036697
0.00367065
0.00366937
0.00367001
0.0036688
0.00366929
0.00366845
0.00366801
0.00366899
0.00367217
0.00332056
0.00359123
0.00364078
0.00365638
0.00365798
0.0036627
0.00366395
0.0036685
0.00366885
0.00367092
0.00366998
0.0036709
0.00366965
0.00367026
0.00366911
0.00366959
0.00366867
0.00366889
0.00366918
0.00367296
0.00345177
0.00368625
0.00370509
0.00369887
0.00368864
0.00368967
0.00368993
0.00369346
0.00369342
0.00369519
0.00369409
0.00369498
0.00369372
0.0036944
0.00369321
0.00369391
0.00369254
0.00369393
0.00369334
0.00370189
0.0045151
0.00454145
0.004442
0.00434176
0.00429517
0.00428881
0.00428744
0.00429088
0.0042899
0.00429176
0.00429031
0.00429156
0.00429024
0.00429128
0.00429009
0.00429124
0.00428969
0.00429156
0.00431087
0.00433161
0.00875296
0.00911848
0.00912136
0.00913405
0.00913706
0.00914712
0.00914749
0.00915367
0.00915211
0.00915543
0.00915343
0.00915575
0.00915408
0.00915597
0.00915461
0.00915636
0.0091552
0.00915637
0.00915949
0.00917603
0.00336214
0.0037728
0.00379157
0.00377455
0.00377689
0.00377231
0.00377731
0.00377409
0.00377736
0.0037745
0.00377675
0.00377448
0.00377612
0.00377432
0.00377557
0.00377396
0.00377515
0.00377336
0.00377174
0.00378549
0.00297761
0.00348471
0.003554
0.00356248
0.00356392
0.00356629
0.00356789
0.00356944
0.00356996
0.00357032
0.00357038
0.00357042
0.00357045
0.00357043
0.00357047
0.00357044
0.00357039
0.00357054
0.00357162
0.00357386
0.00289771
0.00341144
0.00348543
0.00349967
0.003502
0.00350696
0.00350959
0.00351336
0.00351425
0.00351563
0.00351552
0.00351601
0.00351583
0.00351615
0.00351606
0.00351622
0.00351636
0.00351592
0.00351656
0.00352106
0.00289537
0.00340967
0.00348336
0.00349711
0.00349853
0.00350276
0.00350528
0.00350949
0.00351079
0.00351256
0.00351254
0.0035131
0.00351292
0.00351325
0.00351316
0.00351334
0.00351356
0.00351355
0.00351407
0.00351852
0.0028924
0.00340631
0.00348019
0.0034942
0.00349544
0.00349959
0.00350222
0.00350672
0.00350809
0.00350999
0.00350997
0.00351059
0.00351037
0.00351075
0.00351061
0.00351087
0.0035108
0.00351087
0.00351099
0.00351556
0.00289407
0.00340809
0.00348174
0.00349558
0.00349675
0.00350082
0.00350336
0.00350778
0.00350915
0.00351106
0.00351105
0.00351167
0.00351146
0.00351184
0.00351168
0.00351198
0.00351195
0.00351215
0.00351228
0.00351696
0.00289407
0.00340809
0.00348174
0.00349558
0.00349675
0.00350082
0.00350336
0.00350778
0.00350915
0.00351106
0.00351105
0.00351167
0.00351146
0.00351184
0.00351168
0.00351199
0.00351194
0.00351216
0.00351227
0.00351697
0.0028924
0.00340631
0.00348019
0.0034942
0.00349544
0.00349959
0.00350222
0.00350672
0.00350809
0.00350999
0.00350997
0.00351059
0.00351037
0.00351075
0.0035106
0.00351089
0.00351077
0.00351092
0.00351094
0.0035156
0.00289537
0.00340967
0.00348336
0.00349711
0.00349853
0.00350276
0.00350527
0.00350949
0.00351079
0.00351256
0.00351254
0.0035131
0.00351292
0.00351326
0.00351314
0.00351339
0.00351346
0.00351366
0.00351395
0.00351867
0.00289771
0.00341144
0.00348543
0.00349967
0.003502
0.00350696
0.00350959
0.00351336
0.00351425
0.00351563
0.00351552
0.00351601
0.00351583
0.00351616
0.00351603
0.0035163
0.00351619
0.00351621
0.00351619
0.00352148
0.00297761
0.00348471
0.003554
0.00356248
0.00356392
0.00356628
0.00356789
0.00356944
0.00356996
0.00357032
0.00357038
0.00357042
0.00357045
0.00357044
0.00357044
0.0035705
0.0035702
0.003571
0.00357085
0.00357493
0.00336214
0.0037728
0.00379157
0.00377455
0.00377689
0.00377231
0.00377731
0.00377409
0.00377736
0.0037745
0.00377675
0.00377449
0.00377612
0.00377433
0.00377556
0.00377402
0.00377499
0.00377383
0.00377073
0.00378742
0.000844136
0.00120534
0.00125427
0.0012511
0.00124221
0.00124118
0.00124064
0.0012428
0.00124399
0.00124657
0.00124781
0.00125017
0.00125149
0.00125377
0.00125495
0.00125775
0.00125704
0.00126339
0.00125128
0.00127186
0.000401813
0.000728704
0.000810703
0.000824947
0.000821904
0.000819465
0.000816809
0.000817208
0.000816877
0.000817265
0.000817084
0.000817331
0.000817276
0.000817482
0.000817524
0.000817861
0.00081779
0.00082016
0.000819659
0.000825893
0.000351355
0.000655729
0.00073502
0.000761987
0.000764416
0.000767709
0.000766891
0.000767896
0.000767181
0.000767587
0.00076699
0.000767124
0.000766753
0.000766779
0.000766643
0.000766643
0.000766644
0.000766579
0.000766527
0.000768593
0.000356817
0.000660256
0.000740065
0.00076761
0.000771179
0.000774622
0.000774103
0.000774944
0.000774376
0.000774632
0.000774143
0.000774169
0.000773889
0.000773854
0.000773721
0.000773526
0.000773484
0.000773119
0.000773245
0.000775186
0.000353557
0.000655935
0.000734975
0.000762491
0.000765585
0.000768972
0.000768338
0.000769264
0.000768641
0.000768959
0.000768399
0.000768444
0.000768132
0.000768117
0.000767946
0.000767873
0.000767817
0.000767635
0.000767461
0.000769357
0.000355453
0.000658255
0.000737617
0.000765086
0.000768406
0.000771796
0.000771235
0.00077211
0.000771526
0.000771806
0.00077129
0.000771319
0.000771023
0.000770993
0.000770837
0.000770694
0.000770637
0.000770315
0.000770347
0.000772236
0.000355453
0.000658255
0.000737617
0.000765086
0.000768406
0.000771796
0.000771235
0.00077211
0.000771526
0.000771806
0.00077129
0.000771319
0.000771023
0.000770993
0.000770836
0.000770695
0.000770637
0.000770317
0.000770343
0.000772233
0.000353557
0.000655935
0.000734975
0.000762491
0.000765585
0.000768972
0.000768338
0.000769264
0.000768641
0.000768959
0.000768399
0.000768444
0.000768132
0.000768117
0.000767947
0.000767871
0.000767814
0.000767634
0.00076746
0.000769356
0.000356817
0.000660256
0.000740065
0.00076761
0.000771179
0.000774622
0.000774103
0.000774944
0.000774376
0.000774632
0.000774143
0.000774169
0.000773889
0.000773854
0.000773719
0.000773529
0.00077348
0.000773127
0.000773238
0.000775185
0.000351355
0.000655729
0.00073502
0.000761987
0.000764416
0.000767709
0.000766891
0.000767896
0.000767181
0.000767587
0.00076699
0.000767124
0.000766753
0.00076678
0.00076664
0.00076664
0.000766637
0.00076659
0.000766488
0.000768586
0.000401813
0.000728704
0.000810703
0.000824947
0.000821904
0.000819465
0.000816809
0.000817208
0.000816877
0.000817265
0.000817084
0.000817331
0.000817276
0.000817481
0.000817517
0.000817854
0.000817767
0.000820161
0.000819569
0.000825806
0.000844136
0.00120534
0.00125427
0.0012511
0.00124221
0.00124118
0.00124064
0.0012428
0.00124399
0.00124657
0.00124781
0.00125017
0.00125149
0.00125377
0.00125495
0.00125779
0.00125699
0.00126357
0.0012511
0.00127226
0.000844136
0.00120534
0.00125427
0.0012511
0.00124221
0.00124118
0.00124064
0.0012428
0.00124399
0.00124657
0.00124781
0.00125017
0.00125149
0.00125377
0.00125495
0.00125775
0.00125704
0.00126339
0.00125128
0.00127186
0.000401813
0.000728704
0.000810703
0.000824948
0.000821904
0.000819465
0.00081681
0.000817208
0.000816877
0.000817265
0.000817084
0.000817332
0.000817276
0.000817482
0.000817524
0.000817861
0.00081779
0.00082016
0.00081966
0.000825893
0.000351355
0.00065573
0.00073502
0.000761987
0.000764417
0.00076771
0.000766891
0.000767897
0.000767181
0.000767588
0.000766991
0.000767125
0.000766754
0.000766779
0.000766643
0.000766643
0.000766645
0.000766579
0.000766527
0.000768593
0.000356817
0.000660256
0.000740065
0.00076761
0.000771179
0.000774623
0.000774104
0.000774945
0.000774377
0.000774632
0.000774143
0.000774169
0.00077389
0.000773854
0.000773721
0.000773526
0.000773484
0.000773118
0.000773244
0.000775185
0.000353557
0.000655936
0.000734975
0.000762491
0.000765586
0.000768972
0.000768339
0.000769264
0.000768642
0.000768959
0.0007684
0.000768444
0.000768133
0.000768118
0.000767947
0.000767874
0.000767817
0.000767635
0.000767461
0.000769358
0.000355454
0.000658255
0.000737618
0.000765086
0.000768407
0.000771797
0.000771236
0.000772111
0.000771527
0.000771806
0.00077129
0.00077132
0.000771023
0.000770993
0.000770837
0.000770695
0.000770637
0.000770314
0.000770346
0.000772236
0.000355454
0.000658255
0.000737618
0.000765086
0.000768407
0.000771797
0.000771236
0.000772111
0.000771527
0.000771806
0.00077129
0.00077132
0.000771023
0.000770993
0.000770837
0.000770696
0.000770637
0.000770317
0.000770343
0.000772234
0.000353557
0.000655936
0.000734975
0.000762491
0.000765586
0.000768972
0.000768339
0.000769264
0.000768642
0.000768959
0.0007684
0.000768444
0.000768132
0.000768117
0.000767948
0.000767872
0.000767815
0.000767634
0.000767461
0.000769357
0.000356817
0.000660256
0.000740065
0.00076761
0.000771179
0.000774623
0.000774104
0.000774945
0.000774377
0.000774632
0.000774143
0.000774169
0.00077389
0.000773854
0.00077372
0.000773529
0.00077348
0.000773128
0.000773239
0.000775185
0.000351355
0.00065573
0.00073502
0.000761987
0.000764417
0.00076771
0.000766891
0.000767897
0.000767181
0.000767588
0.000766991
0.000767125
0.000766754
0.00076678
0.00076664
0.00076664
0.000766638
0.00076659
0.000766489
0.000768586
0.000401813
0.000728704
0.000810703
0.000824948
0.000821904
0.000819465
0.00081681
0.000817208
0.000816877
0.000817265
0.000817084
0.000817331
0.000817276
0.000817481
0.000817517
0.000817854
0.000817767
0.000820161
0.000819569
0.000825806
0.000844136
0.00120534
0.00125427
0.0012511
0.00124221
0.00124118
0.00124064
0.0012428
0.00124399
0.00124657
0.00124781
0.00125017
0.00125149
0.00125377
0.00125495
0.00125779
0.00125699
0.00126357
0.0012511
0.00127226
0.00336214
0.0037728
0.00379157
0.00377455
0.00377689
0.00377231
0.00377731
0.00377409
0.00377736
0.0037745
0.00377675
0.00377449
0.00377612
0.00377432
0.00377557
0.00377396
0.00377515
0.00377336
0.00377174
0.00378549
0.00297761
0.00348471
0.003554
0.00356248
0.00356392
0.00356628
0.00356789
0.00356944
0.00356996
0.00357032
0.00357038
0.00357042
0.00357046
0.00357043
0.00357047
0.00357044
0.00357039
0.00357054
0.00357162
0.00357386
0.00289771
0.00341144
0.00348543
0.00349967
0.003502
0.00350696
0.00350959
0.00351336
0.00351425
0.00351563
0.00351552
0.00351601
0.00351583
0.00351615
0.00351606
0.00351622
0.00351636
0.00351592
0.00351656
0.00352106
0.00289537
0.00340967
0.00348336
0.00349711
0.00349853
0.00350276
0.00350528
0.00350949
0.00351079
0.00351256
0.00351254
0.0035131
0.00351292
0.00351325
0.00351316
0.00351334
0.00351356
0.00351355
0.00351407
0.00351851
0.00289241
0.00340631
0.00348019
0.0034942
0.00349544
0.00349959
0.00350222
0.00350672
0.00350809
0.00350999
0.00350997
0.00351059
0.00351037
0.00351075
0.00351061
0.00351087
0.0035108
0.00351087
0.00351099
0.00351556
0.00289407
0.00340809
0.00348174
0.00349558
0.00349675
0.00350082
0.00350336
0.00350778
0.00350915
0.00351106
0.00351105
0.00351167
0.00351146
0.00351184
0.00351168
0.00351198
0.00351195
0.00351215
0.00351228
0.00351696
0.00289407
0.00340809
0.00348174
0.00349558
0.00349675
0.00350082
0.00350336
0.00350778
0.00350915
0.00351106
0.00351105
0.00351167
0.00351146
0.00351184
0.00351168
0.00351199
0.00351194
0.00351216
0.00351227
0.00351697
0.0028924
0.00340631
0.00348019
0.0034942
0.00349544
0.00349959
0.00350222
0.00350672
0.00350809
0.00350999
0.00350997
0.00351059
0.00351037
0.00351075
0.0035106
0.00351089
0.00351077
0.00351092
0.00351094
0.0035156
0.00289537
0.00340967
0.00348336
0.00349711
0.00349853
0.00350276
0.00350528
0.00350949
0.00351079
0.00351256
0.00351254
0.0035131
0.00351292
0.00351326
0.00351314
0.00351339
0.00351346
0.00351366
0.00351395
0.00351867
0.00289771
0.00341144
0.00348543
0.00349967
0.003502
0.00350696
0.00350959
0.00351336
0.00351425
0.00351563
0.00351552
0.00351601
0.00351583
0.00351616
0.00351603
0.0035163
0.00351619
0.00351621
0.00351619
0.00352148
0.00297761
0.00348471
0.003554
0.00356248
0.00356392
0.00356629
0.00356789
0.00356944
0.00356996
0.00357032
0.00357038
0.00357042
0.00357045
0.00357044
0.00357044
0.0035705
0.0035702
0.003571
0.00357085
0.00357493
0.00336214
0.0037728
0.00379157
0.00377455
0.00377689
0.00377231
0.00377731
0.00377409
0.00377736
0.0037745
0.00377675
0.00377449
0.00377612
0.00377433
0.00377556
0.00377402
0.00377499
0.00377383
0.00377073
0.00378742
0.00875296
0.00911848
0.00912136
0.00913405
0.00913706
0.00914711
0.00914749
0.00915367
0.00915211
0.00915543
0.00915343
0.00915574
0.00915409
0.00915595
0.00915467
0.00915617
0.00915573
0.00915514
0.00916228
0.00917055
0.0045151
0.00454145
0.004442
0.00434176
0.00429517
0.00428881
0.00428744
0.00429088
0.0042899
0.00429176
0.00429031
0.00429156
0.00429024
0.00429127
0.00429012
0.00429115
0.00428993
0.00429111
0.00431228
0.0043301
0.00345177
0.00368625
0.00370509
0.00369887
0.00368864
0.00368967
0.00368993
0.00369346
0.00369342
0.00369519
0.00369409
0.00369498
0.00369372
0.00369439
0.00369324
0.00369383
0.0036927
0.00369361
0.00369385
0.00370138
0.00332056
0.00359123
0.00364078
0.00365638
0.00365798
0.0036627
0.00366395
0.0036685
0.00366885
0.00367092
0.00366998
0.0036709
0.00366965
0.00367026
0.00366913
0.00366955
0.00366875
0.00366877
0.00366929
0.00367279
0.0033062
0.00358006
0.00363336
0.00365246
0.00365561
0.00366182
0.00366324
0.00366796
0.00366842
0.00367063
0.0036697
0.00367065
0.00366937
0.00367001
0.0036688
0.00366927
0.00366848
0.00366795
0.00366902
0.00367211
0.00330781
0.0035793
0.00363242
0.00365199
0.0036558
0.00366264
0.00366431
0.00366934
0.00366989
0.00367217
0.00367126
0.00367222
0.00367094
0.00367157
0.00367039
0.0036708
0.0036702
0.00366945
0.00367103
0.00367337
0.00330781
0.0035793
0.00363242
0.00365199
0.0036558
0.00366264
0.00366431
0.00366934
0.00366989
0.00367217
0.00367126
0.00367222
0.00367094
0.00367157
0.00367039
0.0036708
0.00367019
0.00366947
0.00367102
0.00367339
0.0033062
0.00358006
0.00363336
0.00365246
0.00365561
0.00366182
0.00366324
0.00366796
0.00366842
0.00367063
0.0036697
0.00367065
0.00366937
0.00367001
0.0036688
0.00366929
0.00366845
0.00366801
0.00366899
0.00367217
0.00332056
0.00359123
0.00364078
0.00365638
0.00365798
0.0036627
0.00366395
0.0036685
0.00366885
0.00367092
0.00366998
0.0036709
0.00366965
0.00367026
0.00366911
0.00366959
0.00366867
0.00366889
0.00366918
0.00367296
0.00345177
0.00368625
0.00370509
0.00369887
0.00368864
0.00368967
0.00368993
0.00369346
0.00369342
0.00369519
0.00369409
0.00369498
0.00369372
0.0036944
0.00369321
0.0036939
0.00369254
0.00369393
0.00369334
0.00370189
0.0045151
0.00454145
0.004442
0.00434176
0.00429517
0.00428881
0.00428744
0.00429088
0.0042899
0.00429176
0.00429031
0.00429156
0.00429024
0.00429128
0.00429009
0.00429124
0.00428969
0.00429156
0.00431087
0.00433161
0.00875296
0.00911848
0.00912136
0.00913405
0.00913706
0.00914712
0.00914749
0.00915367
0.00915211
0.00915543
0.00915343
0.00915574
0.00915408
0.00915597
0.0091546
0.00915635
0.0091552
0.00915637
0.00915949
0.00917603
0.0266795
0.0268083
0.0268167
0.0268208
0.0268187
0.0268214
0.0268198
0.0268218
0.0268206
0.0268222
0.0268212
0.0268226
0.0268218
0.0268231
0.0268227
0.0268242
0.0268243
0.0268263
0.0268274
0.0268306
0.0268334
0.0268385
0.0268436
0.0268515
0.0268594
0.0268701
0.0268798
0.026892
0.0269021
0.0269133
0.0269208
0.0269283
0.0269318
0.026935
0.0269347
0.0269346
0.0269328
0.0269326
0.0269316
0.0269328
0.026933
0.0269355
0.0269361
0.0269375
0.026936
0.0269349
0.0269323
0.0269307
0.0269285
0.0269279
0.0269264
0.0269271
0.0269263
0.0269261
0.026924
0.026922
0.0269195
0.0269183
0.0269166
0.0269161
0.0269141
0.0269136
0.026912
0.0269107
0.0269087
0.026907
0.0269053
0.0269055
0.0269045
0.0269043
0.0269025
0.0269007
0.0268996
0.0268995
0.0268989
0.0268991
0.0268972
0.026896
0.0268954
0.026895
0.0268948
0.0268948
0.0268928
0.026892
0.0268915
0.0268911
0.0268913
0.0268911
0.0268866
0.0268807
0.0152813
0.0155496
0.0155487
0.0155536
0.0155487
0.015553
0.015549
0.0155526
0.0155492
0.0155524
0.0155496
0.0155527
0.0155505
0.0155536
0.0155521
0.0155556
0.0155551
0.0155594
0.0155604
0.0155662
0.0155693
0.0155775
0.0155834
0.0155948
0.0156043
0.0156192
0.0156322
0.0156505
0.0156658
0.0156856
0.0157011
0.01572
0.0157338
0.0157504
0.0157615
0.0157753
0.0157845
0.0157971
0.0158058
0.0158185
0.0158275
0.0158405
0.0158493
0.0158611
0.0158681
0.0158776
0.0158827
0.0158907
0.0158951
0.0159027
0.015907
0.0159149
0.015919
0.0159259
0.0159286
0.0159336
0.0159355
0.0159402
0.0159421
0.0159468
0.0159484
0.015953
0.0159544
0.0159579
0.0159586
0.0159615
0.0159623
0.015966
0.0159671
0.0159702
0.0159705
0.0159726
0.0159731
0.0159757
0.0159763
0.0159789
0.0159787
0.0159804
0.0159807
0.0159825
0.0159829
0.0159846
0.015984
0.0159854
0.0159854
0.0159866
0.0159868
0.0159879
0.0159846
0.015982
0.0122713
0.0126717
0.0126738
0.0126819
0.0126732
0.0126794
0.012672
0.0126775
0.0126711
0.0126761
0.0126707
0.0126755
0.0126711
0.012676
0.0126727
0.0126783
0.0126764
0.0126831
0.0126834
0.0126921
0.0126953
0.0127069
0.0127138
0.0127293
0.0127404
0.01276
0.012775
0.0127983
0.012816
0.0128411
0.0128591
0.0128834
0.0128999
0.0129218
0.0129359
0.0129554
0.0129682
0.0129872
0.0130003
0.0130201
0.0130341
0.0130547
0.0130687
0.013088
0.0131001
0.0131168
0.0131271
0.0131425
0.0131523
0.0131675
0.0131775
0.0131931
0.0132029
0.013217
0.0132249
0.0132368
0.0132439
0.0132555
0.0132625
0.013274
0.0132804
0.0132914
0.0132974
0.0133069
0.0133119
0.0133205
0.0133254
0.0133349
0.0133398
0.0133483
0.0133518
0.0133587
0.0133625
0.0133699
0.0133735
0.0133805
0.0133826
0.0133883
0.013391
0.0133965
0.013399
0.0134041
0.013405
0.0134094
0.0134109
0.0134149
0.0134165
0.0134197
0.0134192
0.0134158
0.011798
0.0122814
0.0122941
0.0123047
0.0122936
0.0123002
0.0122907
0.0122967
0.0122884
0.0122939
0.0122869
0.0122923
0.0122863
0.012292
0.0122874
0.0122938
0.012291
0.0122988
0.0122985
0.0123087
0.0123118
0.0123253
0.0123327
0.0123505
0.0123626
0.012385
0.0124014
0.0124277
0.012447
0.012475
0.0124944
0.0125213
0.0125389
0.012563
0.0125778
0.0125991
0.0126124
0.0126331
0.0126469
0.0126684
0.0126832
0.0127056
0.0127204
0.0127415
0.0127541
0.0127723
0.0127831
0.0127999
0.0128103
0.012827
0.0128376
0.0128549
0.0128653
0.012881
0.0128894
0.0129027
0.0129104
0.0129234
0.0129311
0.0129441
0.0129512
0.0129637
0.0129704
0.0129813
0.012987
0.0129969
0.0130026
0.0130136
0.0130193
0.0130291
0.0130333
0.0130414
0.013046
0.0130548
0.0130591
0.0130674
0.0130701
0.0130769
0.0130803
0.013087
0.0130902
0.0130964
0.0130977
0.0131032
0.0131052
0.0131102
0.0131124
0.0131163
0.0131169
0.0131138
0.0117443
0.0122563
0.0122767
0.0122888
0.0122762
0.0122831
0.0122724
0.0122785
0.0122691
0.0122748
0.0122667
0.0122722
0.0122654
0.0122712
0.0122658
0.0122724
0.0122691
0.0122771
0.0122765
0.0122871
0.0122901
0.0123043
0.0123118
0.0123306
0.0123432
0.0123667
0.0123837
0.0124113
0.0124312
0.0124605
0.0124805
0.0125085
0.0125264
0.0125514
0.0125663
0.0125882
0.0126015
0.0126228
0.0126365
0.0126586
0.0126733
0.0126962
0.0127109
0.0127323
0.0127447
0.0127631
0.0127736
0.0127905
0.0128005
0.0128173
0.0128276
0.0128449
0.012855
0.0128707
0.0128787
0.0128919
0.0128992
0.0129121
0.0129194
0.0129323
0.012939
0.0129514
0.0129578
0.0129685
0.0129739
0.0129836
0.0129891
0.013
0.0130054
0.0130151
0.0130191
0.0130271
0.0130315
0.0130402
0.0130444
0.0130527
0.0130553
0.0130621
0.0130654
0.0130721
0.0130753
0.0130815
0.0130828
0.0130883
0.0130904
0.0130954
0.0130977
0.0131016
0.0131029
0.0130985
0.0117475
0.0122767
0.0122996
0.0123123
0.012299
0.0123057
0.0122944
0.0123004
0.0122905
0.012296
0.0122874
0.0122929
0.0122856
0.0122913
0.0122855
0.0122921
0.0122884
0.0122965
0.0122956
0.0123063
0.0123092
0.0123235
0.012331
0.01235
0.0123626
0.0123865
0.0124036
0.0124316
0.0124517
0.0124813
0.0125014
0.0125297
0.0125476
0.0125728
0.0125876
0.0126097
0.0126228
0.0126441
0.0126577
0.0126798
0.0126943
0.0127172
0.0127318
0.0127531
0.0127653
0.0127835
0.0127938
0.0128105
0.0128202
0.0128368
0.0128469
0.012864
0.0128738
0.0128892
0.0128969
0.0129098
0.0129168
0.0129294
0.0129364
0.012949
0.0129555
0.0129676
0.0129736
0.0129841
0.0129891
0.0129986
0.0130038
0.0130144
0.0130196
0.0130291
0.0130328
0.0130406
0.0130447
0.0130533
0.0130573
0.0130654
0.0130678
0.0130744
0.0130776
0.0130842
0.0130872
0.0130934
0.0130945
0.0131
0.013102
0.013107
0.0131093
0.0131131
0.0131146
0.0131101
0.0117472
0.0122753
0.0122977
0.0123103
0.012297
0.0123038
0.0122925
0.0122985
0.0122885
0.0122941
0.0122855
0.0122909
0.0122836
0.0122893
0.0122836
0.0122901
0.0122864
0.0122945
0.0122936
0.0123043
0.0123072
0.0123215
0.012329
0.012348
0.0123606
0.0123845
0.0124016
0.0124296
0.0124496
0.0124793
0.0124993
0.0125276
0.0125456
0.0125708
0.0125856
0.0126076
0.0126207
0.012642
0.0126556
0.0126777
0.0126922
0.0127151
0.0127296
0.012751
0.0127631
0.0127814
0.0127916
0.0128083
0.0128181
0.0128347
0.0128447
0.0128618
0.0128716
0.012887
0.0128947
0.0129076
0.0129146
0.0129272
0.0129342
0.0129468
0.0129532
0.0129654
0.0129714
0.0129818
0.0129869
0.0129964
0.0130015
0.0130122
0.0130173
0.0130268
0.0130306
0.0130383
0.0130425
0.013051
0.013055
0.0130631
0.0130655
0.0130721
0.0130753
0.0130819
0.0130849
0.0130911
0.0130922
0.0130977
0.0130997
0.0131047
0.013107
0.0131108
0.0131123
0.0131079
0.0117429
0.012251
0.0122698
0.0122815
0.0122688
0.0122757
0.012265
0.0122711
0.0122617
0.0122674
0.0122593
0.0122648
0.012258
0.0122637
0.0122584
0.012265
0.0122616
0.0122697
0.012269
0.0122797
0.0122827
0.0122968
0.0123043
0.0123231
0.0123356
0.0123592
0.0123761
0.0124037
0.0124236
0.0124528
0.0124728
0.0125008
0.0125187
0.0125437
0.0125586
0.0125805
0.0125938
0.012615
0.0126287
0.0126508
0.0126654
0.0126883
0.012703
0.0127244
0.0127368
0.0127551
0.0127657
0.0127825
0.0127925
0.0128093
0.0128196
0.0128369
0.012847
0.0128626
0.0128707
0.0128838
0.0128911
0.012904
0.0129113
0.0129241
0.0129309
0.0129433
0.0129496
0.0129603
0.0129656
0.0129754
0.0129808
0.0129917
0.0129971
0.0130069
0.0130108
0.0130188
0.0130232
0.0130319
0.0130361
0.0130443
0.0130469
0.0130537
0.013057
0.0130637
0.0130669
0.0130731
0.0130743
0.0130799
0.0130819
0.013087
0.0130893
0.0130932
0.0130944
0.0130902
0.0117925
0.0122663
0.0122761
0.0122862
0.0122751
0.0122817
0.0122722
0.0122781
0.0122698
0.0122753
0.0122682
0.0122736
0.0122677
0.0122733
0.0122687
0.0122751
0.0122723
0.01228
0.0122798
0.0122899
0.012293
0.0123064
0.0123138
0.0123316
0.0123437
0.0123661
0.0123824
0.0124087
0.0124279
0.0124559
0.0124752
0.0125021
0.0125197
0.0125438
0.0125585
0.0125798
0.012593
0.0126137
0.0126274
0.012649
0.0126637
0.0126861
0.0127009
0.0127219
0.0127345
0.0127526
0.0127634
0.0127802
0.0127906
0.0128072
0.0128179
0.0128351
0.0128455
0.0128611
0.0128696
0.0128828
0.0128905
0.0129035
0.0129112
0.0129241
0.0129312
0.0129437
0.0129504
0.0129612
0.0129669
0.0129768
0.0129825
0.0129935
0.0129991
0.013009
0.0130132
0.0130212
0.0130258
0.0130346
0.0130389
0.0130472
0.0130499
0.0130567
0.0130601
0.0130668
0.01307
0.0130761
0.0130774
0.0130829
0.0130849
0.0130899
0.0130921
0.013096
0.0130965
0.0130939
0.0122519
0.0126333
0.0126312
0.0126386
0.01263
0.0126362
0.0126287
0.0126341
0.0126277
0.0126327
0.0126273
0.0126321
0.0126276
0.0126326
0.0126292
0.0126348
0.0126329
0.0126396
0.0126398
0.0126485
0.0126516
0.0126632
0.01267
0.0126855
0.0126965
0.0127161
0.012731
0.0127542
0.0127719
0.0127968
0.0128148
0.012839
0.0128555
0.0128773
0.0128914
0.0129108
0.0129235
0.0129425
0.0129556
0.0129753
0.0129893
0.0130098
0.0130238
0.0130431
0.0130551
0.0130718
0.0130822
0.0130975
0.0131073
0.0131225
0.0131325
0.0131481
0.0131578
0.013172
0.0131798
0.0131918
0.0131988
0.0132105
0.0132174
0.0132289
0.0132353
0.0132464
0.0132523
0.0132619
0.0132669
0.0132755
0.0132804
0.01329
0.0132948
0.0133033
0.0133069
0.0133138
0.0133176
0.013325
0.0133286
0.0133356
0.0133377
0.0133434
0.0133461
0.0133517
0.0133542
0.0133593
0.0133602
0.0133647
0.0133661
0.0133701
0.0133718
0.013375
0.0133744
0.0133715
0.0152258
0.015459
0.0154525
0.0154569
0.015452
0.0154563
0.0154521
0.0154558
0.0154523
0.0154555
0.0154527
0.0154557
0.0154535
0.0154566
0.015455
0.0154585
0.015458
0.0154623
0.0154632
0.015469
0.0154721
0.0154802
0.0154861
0.0154974
0.0155069
0.0155217
0.0155345
0.0155526
0.0155678
0.0155875
0.0156029
0.0156218
0.0156355
0.0156521
0.0156632
0.015677
0.0156862
0.0156988
0.0157076
0.0157202
0.0157293
0.0157423
0.0157511
0.015763
0.01577
0.0157795
0.0157847
0.0157927
0.0157971
0.0158048
0.0158091
0.0158171
0.0158212
0.0158281
0.0158308
0.0158359
0.0158379
0.0158426
0.0158445
0.0158493
0.0158509
0.0158554
0.0158569
0.0158604
0.0158612
0.0158641
0.0158649
0.0158686
0.0158697
0.0158729
0.0158731
0.0158752
0.0158757
0.0158784
0.015879
0.0158815
0.0158813
0.015883
0.0158833
0.0158851
0.0158854
0.0158871
0.0158865
0.0158879
0.0158879
0.0158891
0.0158893
0.0158904
0.015887
0.015885
0.0265472
0.0266105
0.0266094
0.0266128
0.0266108
0.0266134
0.0266118
0.0266137
0.0266124
0.0266139
0.0266129
0.0266142
0.0266135
0.0266147
0.0266142
0.0266156
0.0266158
0.0266177
0.0266187
0.0266219
0.0266246
0.0266297
0.0266347
0.0266425
0.0266504
0.0266609
0.0266707
0.0266828
0.0266928
0.026704
0.0267114
0.026719
0.0267224
0.0267256
0.0267253
0.0267253
0.0267234
0.0267232
0.0267222
0.0267235
0.0267236
0.0267261
0.0267266
0.026728
0.0267265
0.0267253
0.0267228
0.0267212
0.0267189
0.0267183
0.0267168
0.0267174
0.0267166
0.0267164
0.0267142
0.0267121
0.0267097
0.0267084
0.0267066
0.0267061
0.0267041
0.0267035
0.0267019
0.0267006
0.0266985
0.0266968
0.026695
0.0266951
0.0266941
0.0266938
0.026692
0.0266902
0.026689
0.0266889
0.0266882
0.0266883
0.0266864
0.0266851
0.0266844
0.026684
0.0266837
0.0266836
0.0266816
0.0266808
0.0266802
0.0266797
0.0266799
0.0266796
0.0266752
0.02667
0.0122145
0.0123508
0.0123541
0.0123552
0.0123543
0.0123555
0.0123541
0.0123555
0.0123541
0.0123558
0.0123544
0.0123564
0.0123554
0.0123578
0.0123575
0.0123608
0.0123616
0.0123662
0.0123689
0.0123759
0.0123815
0.012392
0.0124017
0.0124168
0.0124313
0.0124514
0.0124701
0.0124939
0.0125149
0.0125396
0.0125592
0.0125809
0.0125964
0.0126132
0.0126237
0.0126358
0.0126432
0.0126539
0.0126611
0.0126724
0.0126804
0.0126925
0.0127003
0.0127106
0.0127153
0.0127219
0.0127241
0.012729
0.0127306
0.0127356
0.0127376
0.0127436
0.0127458
0.0127502
0.0127503
0.0127522
0.0127515
0.0127534
0.0127531
0.0127556
0.012755
0.0127573
0.0127567
0.0127577
0.0127564
0.0127567
0.0127556
0.0127578
0.0127574
0.0127589
0.0127574
0.0127572
0.0127564
0.0127577
0.0127573
0.0127587
0.0127571
0.0127572
0.0127566
0.0127574
0.0127572
0.0127582
0.0127565
0.012757
0.0127566
0.0127574
0.0127577
0.012759
0.0127561
0.0127548
0.0117142
0.0120226
0.0120322
0.0120343
0.0120333
0.0120349
0.0120337
0.0120352
0.0120338
0.0120351
0.0120336
0.0120348
0.0120333
0.0120342
0.0120326
0.0120333
0.0120315
0.0120321
0.0120302
0.0120305
0.0120286
0.012029
0.0120274
0.0120281
0.0120271
0.0120286
0.0120286
0.0120313
0.0120329
0.0120371
0.0120401
0.0120456
0.0120498
0.0120561
0.0120607
0.012067
0.0120713
0.0120773
0.0120814
0.0120874
0.0120916
0.0120979
0.0121028
0.0121097
0.0121149
0.0121216
0.0121265
0.0121327
0.012137
0.0121429
0.0121469
0.0121528
0.0121572
0.0121632
0.0121676
0.0121731
0.0121768
0.0121819
0.0121853
0.0121902
0.0121935
0.0121983
0.0122016
0.0122062
0.0122092
0.0122132
0.0122156
0.0122195
0.0122221
0.012226
0.0122284
0.0122317
0.0122334
0.0122366
0.0122384
0.0122416
0.0122432
0.0122458
0.012247
0.0122494
0.0122505
0.0122531
0.0122539
0.0122558
0.0122564
0.0122582
0.0122587
0.0122607
0.0122612
0.0122615
0.0112516
0.0116592
0.0116815
0.011684
0.0116834
0.0116842
0.0116834
0.011684
0.0116831
0.0116836
0.0116826
0.0116829
0.0116817
0.0116818
0.0116804
0.0116802
0.0116786
0.0116781
0.0116761
0.0116753
0.011673
0.0116719
0.0116695
0.0116682
0.0116659
0.0116648
0.0116628
0.0116623
0.0116611
0.0116613
0.011661
0.0116619
0.0116622
0.0116636
0.0116642
0.0116654
0.0116657
0.0116667
0.0116668
0.0116678
0.011668
0.0116694
0.0116703
0.0116723
0.0116737
0.0116756
0.0116769
0.0116787
0.0116797
0.0116814
0.0116823
0.0116842
0.0116857
0.011688
0.0116897
0.0116917
0.011693
0.0116949
0.0116962
0.0116982
0.0116995
0.0117015
0.0117031
0.0117052
0.0117066
0.0117084
0.0117093
0.0117112
0.0117125
0.0117145
0.0117159
0.0117175
0.0117183
0.01172
0.011721
0.0117228
0.0117238
0.0117251
0.0117258
0.0117272
0.0117279
0.0117294
0.01173
0.0117309
0.0117313
0.0117323
0.0117326
0.0117338
0.0117341
0.0117285
0.0111518
0.0115687
0.0115927
0.0115953
0.0115947
0.0115953
0.0115946
0.011595
0.0115943
0.0115945
0.0115937
0.0115938
0.0115929
0.0115927
0.0115916
0.0115912
0.0115898
0.0115891
0.0115874
0.0115863
0.0115843
0.0115829
0.0115807
0.0115792
0.011577
0.0115757
0.0115739
0.011573
0.0115719
0.0115718
0.0115714
0.0115719
0.0115721
0.011573
0.0115733
0.011574
0.0115739
0.0115741
0.0115738
0.011574
0.0115738
0.0115743
0.0115746
0.0115756
0.0115764
0.0115774
0.0115779
0.0115786
0.0115789
0.0115795
0.0115796
0.0115804
0.0115811
0.0115822
0.011583
0.0115839
0.0115844
0.0115851
0.0115855
0.0115864
0.0115868
0.0115877
0.0115884
0.0115894
0.01159
0.0115907
0.0115908
0.0115916
0.0115922
0.0115932
0.0115939
0.0115945
0.0115946
0.0115953
0.0115957
0.0115967
0.0115971
0.0115976
0.0115978
0.0115984
0.0115986
0.0115994
0.0115996
0.0115999
0.0116
0.0116004
0.0116005
0.0116011
0.0116012
0.0115957
0.0111002
0.0115241
0.0115502
0.0115536
0.0115529
0.0115535
0.0115528
0.0115532
0.0115525
0.0115527
0.0115519
0.011552
0.0115511
0.0115509
0.0115498
0.0115493
0.0115481
0.0115472
0.0115457
0.0115445
0.0115427
0.0115413
0.0115392
0.0115377
0.0115357
0.0115344
0.0115327
0.0115319
0.0115309
0.0115308
0.0115306
0.0115312
0.0115315
0.0115324
0.0115328
0.0115335
0.0115335
0.0115339
0.0115336
0.0115339
0.0115337
0.0115342
0.0115346
0.0115356
0.0115364
0.0115374
0.0115379
0.0115386
0.0115389
0.0115394
0.0115396
0.0115403
0.0115409
0.011542
0.0115427
0.0115436
0.0115439
0.0115446
0.0115449
0.0115456
0.011546
0.0115468
0.0115474
0.0115482
0.0115487
0.0115493
0.0115493
0.01155
0.0115504
0.0115513
0.0115518
0.0115523
0.0115524
0.0115529
0.0115532
0.011554
0.0115543
0.0115546
0.0115548
0.0115552
0.0115553
0.011556
0.0115561
0.0115563
0.0115563
0.0115565
0.0115566
0.0115571
0.0115571
0.0115509
0.0111048
0.0115242
0.0115488
0.011552
0.0115513
0.0115518
0.0115511
0.0115513
0.0115506
0.0115507
0.0115499
0.0115499
0.011549
0.0115488
0.0115478
0.0115473
0.0115461
0.0115453
0.0115437
0.0115426
0.0115408
0.0115394
0.0115374
0.0115359
0.011534
0.0115327
0.011531
0.0115303
0.0115293
0.0115293
0.0115291
0.0115297
0.01153
0.011531
0.0115315
0.0115322
0.0115323
0.0115327
0.0115325
0.0115327
0.0115326
0.0115332
0.0115336
0.0115347
0.0115355
0.0115365
0.011537
0.0115378
0.011538
0.0115386
0.0115388
0.0115395
0.0115402
0.0115413
0.011542
0.0115429
0.0115432
0.0115439
0.0115442
0.0115449
0.0115453
0.0115461
0.0115467
0.0115475
0.011548
0.0115485
0.0115486
0.0115492
0.0115497
0.0115505
0.011551
0.0115515
0.0115515
0.0115521
0.0115523
0.0115531
0.0115534
0.0115537
0.0115538
0.0115542
0.0115543
0.011555
0.0115551
0.0115552
0.0115553
0.0115554
0.0115555
0.011556
0.011556
0.0115498
0.0111044
0.0115227
0.0115468
0.0115499
0.0115492
0.0115497
0.011549
0.0115492
0.0115485
0.0115486
0.0115478
0.0115478
0.011547
0.0115467
0.0115457
0.0115453
0.011544
0.0115432
0.0115417
0.0115406
0.0115387
0.0115374
0.0115353
0.0115338
0.0115319
0.0115306
0.011529
0.0115282
0.0115272
0.0115272
0.011527
0.0115276
0.0115279
0.0115289
0.0115294
0.0115301
0.0115302
0.0115305
0.0115304
0.0115306
0.0115305
0.011531
0.0115315
0.0115325
0.0115333
0.0115343
0.0115349
0.0115357
0.0115359
0.0115365
0.0115367
0.0115374
0.011538
0.0115391
0.0115399
0.0115407
0.0115411
0.0115418
0.0115421
0.0115428
0.0115432
0.0115439
0.0115446
0.0115454
0.0115458
0.0115464
0.0115464
0.0115471
0.0115475
0.0115484
0.0115489
0.0115493
0.0115494
0.0115499
0.0115502
0.0115509
0.0115512
0.0115515
0.0115516
0.011552
0.0115522
0.0115528
0.0115529
0.011553
0.0115531
0.0115533
0.0115533
0.0115538
0.0115538
0.0115477
0.0110987
0.0115186
0.0115433
0.0115463
0.0115456
0.0115462
0.0115455
0.0115459
0.0115452
0.0115454
0.0115446
0.0115447
0.0115438
0.0115436
0.0115425
0.011542
0.0115408
0.0115399
0.0115384
0.0115372
0.0115354
0.011534
0.0115319
0.0115304
0.0115284
0.0115271
0.0115254
0.0115246
0.0115236
0.0115236
0.0115233
0.0115239
0.0115242
0.0115251
0.0115256
0.0115263
0.0115263
0.0115266
0.0115264
0.0115266
0.0115264
0.0115269
0.0115273
0.0115284
0.0115291
0.0115301
0.0115306
0.0115313
0.0115316
0.0115321
0.0115323
0.011533
0.0115336
0.0115347
0.0115354
0.0115362
0.0115366
0.0115373
0.0115375
0.0115383
0.0115387
0.0115394
0.0115401
0.0115409
0.0115413
0.0115419
0.0115419
0.0115426
0.0115431
0.0115439
0.0115444
0.0115449
0.0115449
0.0115455
0.0115458
0.0115465
0.0115469
0.0115472
0.0115473
0.0115477
0.0115479
0.0115486
0.0115486
0.0115488
0.0115488
0.0115491
0.0115491
0.0115496
0.0115496
0.0115434
0.0111463
0.0115539
0.011575
0.0115773
0.0115766
0.0115772
0.0115766
0.0115769
0.0115762
0.0115764
0.0115756
0.0115757
0.0115748
0.0115746
0.0115735
0.0115731
0.0115717
0.011571
0.0115693
0.0115682
0.0115662
0.0115648
0.0115626
0.0115611
0.0115589
0.0115576
0.0115558
0.0115549
0.0115538
0.0115537
0.0115533
0.0115538
0.011554
0.0115548
0.0115552
0.0115558
0.0115557
0.011556
0.0115556
0.0115558
0.0115556
0.0115561
0.0115564
0.0115574
0.0115581
0.0115591
0.0115596
0.0115604
0.0115606
0.0115612
0.0115613
0.0115621
0.0115628
0.0115639
0.0115647
0.0115656
0.011566
0.0115668
0.0115671
0.011568
0.0115684
0.0115693
0.01157
0.011571
0.0115715
0.0115722
0.0115724
0.0115731
0.0115737
0.0115747
0.0115754
0.011576
0.0115761
0.0115768
0.0115772
0.0115781
0.0115786
0.011579
0.0115793
0.0115798
0.01158
0.0115809
0.011581
0.0115813
0.0115814
0.0115818
0.0115819
0.0115825
0.0115825
0.0115771
0.0112358
0.0116263
0.0116447
0.0116466
0.011646
0.0116468
0.011646
0.0116466
0.0116457
0.0116461
0.0116451
0.0116454
0.0116442
0.0116443
0.0116429
0.0116427
0.0116411
0.0116406
0.0116386
0.0116377
0.0116355
0.0116344
0.011632
0.0116307
0.0116284
0.0116274
0.0116254
0.0116249
0.0116237
0.011624
0.0116236
0.0116246
0.0116249
0.0116262
0.0116268
0.011628
0.0116283
0.0116293
0.0116294
0.0116303
0.0116306
0.0116319
0.0116329
0.0116348
0.0116362
0.0116381
0.0116393
0.0116411
0.0116421
0.0116438
0.0116448
0.0116466
0.0116481
0.0116504
0.011652
0.011654
0.0116553
0.0116572
0.0116585
0.0116604
0.0116618
0.0116637
0.0116653
0.0116673
0.0116687
0.0116705
0.0116714
0.0116732
0.0116746
0.0116766
0.0116779
0.0116795
0.0116803
0.0116819
0.0116829
0.0116847
0.0116857
0.0116869
0.0116877
0.011689
0.0116897
0.0116912
0.0116917
0.0116926
0.0116931
0.011694
0.0116944
0.0116955
0.0116959
0.0116904
0.0116767
0.0119593
0.0119645
0.0119663
0.0119654
0.0119669
0.0119657
0.0119671
0.0119657
0.011967
0.0119655
0.0119667
0.0119651
0.0119661
0.0119644
0.0119652
0.0119634
0.0119639
0.011962
0.0119624
0.0119605
0.0119609
0.0119592
0.0119599
0.0119589
0.0119604
0.0119605
0.0119632
0.0119647
0.0119689
0.011972
0.0119774
0.0119816
0.0119878
0.0119924
0.0119986
0.0120029
0.0120088
0.0120129
0.0120188
0.012023
0.0120293
0.0120342
0.012041
0.0120462
0.0120529
0.0120577
0.0120639
0.0120682
0.012074
0.0120781
0.0120839
0.0120883
0.0120943
0.0120986
0.0121041
0.0121078
0.0121129
0.0121163
0.0121212
0.0121245
0.0121292
0.0121326
0.0121372
0.0121401
0.0121442
0.0121465
0.0121504
0.012153
0.0121569
0.0121593
0.0121626
0.0121643
0.0121675
0.0121692
0.0121724
0.0121741
0.0121766
0.0121778
0.0121803
0.0121813
0.0121838
0.0121847
0.0121865
0.0121872
0.0121889
0.0121894
0.0121914
0.0121918
0.0121925
0.0121493
0.0122557
0.0122551
0.0122561
0.0122552
0.0122564
0.012255
0.0122564
0.0122549
0.0122566
0.0122552
0.0122572
0.0122562
0.0122586
0.0122582
0.0122614
0.0122622
0.0122668
0.0122694
0.0122763
0.0122819
0.0122923
0.0123018
0.0123169
0.0123312
0.0123511
0.0123696
0.0123933
0.012414
0.0124386
0.012458
0.0124797
0.012495
0.0125118
0.0125223
0.0125344
0.0125419
0.0125525
0.0125598
0.0125711
0.0125791
0.0125912
0.012599
0.0126093
0.0126141
0.0126207
0.012623
0.0126279
0.0126295
0.0126346
0.0126367
0.0126426
0.0126448
0.0126494
0.0126495
0.0126514
0.0126507
0.0126528
0.0126524
0.012655
0.0126544
0.0126568
0.0126562
0.0126573
0.0126559
0.0126563
0.0126552
0.0126574
0.012657
0.0126585
0.0126571
0.0126569
0.012656
0.0126573
0.0126569
0.0126584
0.0126568
0.0126569
0.0126563
0.012657
0.0126569
0.0126579
0.0126561
0.0126567
0.0126562
0.012657
0.0126573
0.0126586
0.0126556
0.012655
0.00438965
0.00449315
0.00449263
0.00450084
0.0045035
0.00451216
0.00451227
0.00452152
0.00452025
0.00452998
0.00452792
0.00453813
0.0045359
0.00454678
0.00454523
0.00455745
0.00455764
0.00457215
0.00457559
0.00459403
0.00460252
0.00462664
0.004642
0.00467378
0.00469741
0.00473753
0.004769
0.00481643
0.00485348
0.0049045
0.00494235
0.0049921
0.00502709
0.00507244
0.00510283
0.00514363
0.00517159
0.00521146
0.00524014
0.0052814
0.00531157
0.0053541
0.00538394
0.00542376
0.00544945
0.00548414
0.00550646
0.0055384
0.00555951
0.00559096
0.00561209
0.00564393
0.0056641
0.00569284
0.00570928
0.00573382
0.00574859
0.0057722
0.00578646
0.00580962
0.00582257
0.00584455
0.00585623
0.0058752
0.00588488
0.00590203
0.00591153
0.00592991
0.00593881
0.00595503
0.00596142
0.00597475
0.00598143
0.00599547
0.00600152
0.00601453
0.00601796
0.00602879
0.00603298
0.00604339
0.00604722
0.00605675
0.0060578
0.00606637
0.0060684
0.006076
0.00607839
0.00608446
0.00608374
0.00608788
0.0039869
0.00437271
0.00439796
0.00440137
0.00440036
0.00440268
0.00440095
0.0044033
0.00440094
0.00440323
0.00440042
0.00440259
0.00439948
0.00440148
0.00439817
0.00439998
0.00439657
0.00439818
0.00439474
0.00439619
0.00439284
0.0043942
0.00439106
0.00439247
0.00438973
0.00439138
0.00438922
0.0043913
0.00438991
0.00439259
0.00439206
0.00439536
0.00439563
0.00439949
0.00440039
0.00440462
0.00440597
0.00441051
0.00441231
0.00441725
0.00441958
0.00442504
0.00442802
0.00443406
0.00443761
0.00444405
0.00444795
0.00445464
0.0044588
0.00446574
0.00447022
0.00447748
0.00448239
0.00448999
0.00449522
0.00450295
0.00450827
0.00451609
0.00452156
0.0045295
0.00453513
0.00454319
0.00454896
0.00455707
0.00456281
0.00457083
0.00457645
0.00458444
0.00459009
0.00459808
0.00460362
0.00461141
0.00461665
0.00462432
0.00462937
0.00463694
0.00464176
0.00464905
0.00465348
0.00466058
0.00466463
0.00467154
0.00467519
0.00468173
0.00468489
0.00469109
0.0046937
0.0046993
0.00470193
0.00470621
0.00362482
0.00405727
0.00409749
0.00410067
0.00410007
0.00410044
0.00409965
0.00409994
0.00409895
0.00409915
0.00409801
0.00409813
0.00409689
0.0040969
0.00409557
0.00409547
0.00409401
0.00409376
0.00409219
0.0040918
0.00409015
0.00408964
0.00408792
0.00408732
0.0040856
0.00408498
0.00408333
0.00408276
0.00408126
0.00408082
0.00407951
0.00407919
0.00407804
0.00407778
0.00407672
0.00407642
0.00407533
0.00407496
0.00407389
0.00407353
0.00407255
0.00407228
0.00407152
0.00407142
0.00407084
0.00407078
0.00407025
0.0040702
0.00406971
0.00406969
0.00406927
0.00406934
0.00406914
0.00406937
0.00406929
0.00406953
0.00406946
0.00406974
0.00406976
0.00407013
0.00407025
0.0040707
0.00407097
0.00407152
0.00407183
0.00407238
0.00407266
0.00407329
0.00407374
0.00407448
0.00407499
0.00407571
0.00407615
0.00407694
0.00407747
0.00407837
0.00407892
0.00407975
0.00408028
0.00408117
0.0040817
0.00408269
0.00408317
0.00408403
0.00408447
0.00408535
0.00408576
0.00408666
0.00408705
0.00408634
0.00356472
0.00398645
0.00403095
0.00403192
0.00403251
0.00403061
0.00403051
0.00402883
0.00402848
0.00402706
0.00402658
0.00402542
0.00402481
0.00402388
0.00402316
0.00402239
0.00402159
0.00402089
0.00402002
0.00401936
0.00401845
0.00401781
0.00401687
0.00401626
0.00401536
0.00401482
0.00401399
0.00401355
0.00401286
0.00401257
0.00401203
0.00401184
0.0040114
0.00401124
0.00401081
0.00401059
0.00401006
0.00400974
0.00400917
0.00400882
0.00400829
0.00400801
0.00400761
0.00400744
0.00400713
0.00400696
0.00400661
0.00400638
0.00400599
0.00400574
0.00400536
0.00400517
0.00400492
0.00400482
0.00400462
0.00400447
0.00400421
0.00400405
0.0040038
0.00400369
0.00400349
0.0040034
0.00400328
0.00400322
0.00400308
0.00400299
0.0040028
0.00400274
0.00400266
0.00400267
0.00400264
0.00400259
0.00400247
0.00400245
0.0040024
0.00400246
0.00400245
0.00400242
0.00400238
0.0040024
0.00400238
0.0040025
0.00400247
0.00400247
0.00400244
0.00400246
0.00400239
0.00400251
0.00400229
0.00400078
0.00352599
0.00394859
0.00399417
0.00399565
0.00399622
0.00399447
0.00399435
0.00399286
0.00399256
0.00399131
0.00399094
0.0039901
0.00398966
0.00398939
0.00398893
0.00398865
0.00398815
0.00398781
0.00398724
0.00398684
0.0039862
0.00398574
0.00398505
0.00398456
0.00398387
0.00398341
0.00398278
0.00398241
0.0039819
0.00398167
0.00398131
0.00398117
0.0039809
0.00398082
0.00398058
0.00398045
0.00398012
0.00397991
0.00397953
0.00397929
0.00397893
0.00397875
0.00397853
0.00397847
0.00397833
0.00397827
0.0039781
0.00397799
0.00397777
0.00397763
0.0039774
0.00397731
0.0039772
0.0039772
0.00397714
0.00397709
0.00397695
0.00397688
0.00397675
0.00397671
0.00397661
0.00397659
0.00397655
0.00397655
0.0039765
0.00397646
0.00397633
0.00397631
0.00397629
0.00397633
0.00397633
0.0039763
0.00397621
0.0039762
0.00397617
0.00397624
0.00397623
0.00397619
0.00397615
0.00397615
0.00397611
0.0039762
0.00397615
0.00397611
0.00397607
0.00397606
0.00397599
0.00397607
0.00397593
0.00397442
0.00353328
0.0039545
0.00400004
0.00400134
0.00400192
0.00399991
0.00399978
0.00399795
0.00399762
0.00399609
0.00399567
0.00399445
0.00399396
0.00399298
0.00399243
0.00399163
0.00399102
0.00399034
0.00398967
0.00398905
0.00398836
0.00398779
0.00398709
0.00398657
0.0039859
0.00398545
0.00398486
0.00398453
0.00398407
0.00398389
0.00398359
0.00398352
0.00398331
0.00398328
0.00398308
0.00398298
0.00398268
0.00398249
0.00398214
0.00398194
0.0039816
0.00398146
0.00398125
0.00398122
0.0039811
0.00398105
0.00398087
0.00398077
0.00398054
0.00398042
0.00398018
0.0039801
0.00397999
0.00397998
0.00397991
0.00397986
0.00397971
0.00397963
0.00397948
0.00397944
0.00397932
0.0039793
0.00397924
0.00397923
0.00397916
0.0039791
0.00397896
0.00397893
0.00397888
0.00397891
0.0039789
0.00397885
0.00397875
0.00397873
0.00397868
0.00397873
0.00397872
0.00397867
0.00397863
0.00397862
0.00397857
0.00397865
0.00397861
0.00397856
0.00397851
0.00397849
0.00397838
0.00397844
0.00397817
0.00397657
0.0035331
0.00395414
0.00399959
0.00400087
0.00400145
0.00399944
0.00399931
0.00399748
0.00399715
0.00399562
0.0039952
0.00399398
0.00399349
0.00399252
0.00399196
0.00399116
0.00399055
0.00398987
0.0039892
0.00398859
0.0039879
0.00398733
0.00398662
0.0039861
0.00398543
0.00398499
0.0039844
0.00398407
0.00398361
0.00398343
0.00398313
0.00398306
0.00398285
0.00398282
0.00398262
0.00398253
0.00398222
0.00398204
0.00398168
0.00398148
0.00398115
0.00398101
0.0039808
0.00398077
0.00398065
0.0039806
0.00398042
0.00398032
0.00398009
0.00397996
0.00397973
0.00397965
0.00397953
0.00397953
0.00397946
0.00397941
0.00397925
0.00397918
0.00397903
0.00397899
0.00397887
0.00397884
0.00397879
0.00397878
0.0039787
0.00397865
0.00397851
0.00397848
0.00397843
0.00397846
0.00397844
0.0039784
0.00397829
0.00397828
0.00397823
0.00397828
0.00397827
0.00397822
0.00397817
0.00397817
0.00397812
0.0039782
0.00397815
0.0039781
0.00397805
0.00397803
0.00397792
0.00397799
0.00397771
0.00397612
0.00352565
0.00394754
0.00399289
0.00399433
0.0039949
0.00399314
0.00399302
0.00399152
0.00399122
0.00398998
0.00398962
0.00398872
0.00398828
0.00398798
0.00398752
0.00398724
0.00398674
0.0039864
0.00398583
0.00398543
0.00398479
0.00398434
0.00398364
0.00398315
0.00398247
0.00398201
0.00398139
0.00398101
0.00398051
0.00398028
0.00397992
0.00397978
0.00397951
0.00397943
0.0039792
0.00397906
0.00397874
0.00397852
0.00397814
0.0039779
0.00397755
0.00397737
0.00397714
0.00397708
0.00397695
0.00397688
0.00397671
0.0039766
0.00397638
0.00397624
0.00397602
0.00397592
0.00397582
0.00397581
0.00397575
0.0039757
0.00397556
0.00397549
0.00397536
0.00397532
0.00397522
0.00397519
0.00397516
0.00397516
0.00397511
0.00397506
0.00397493
0.00397492
0.00397489
0.00397493
0.00397493
0.0039749
0.00397481
0.0039748
0.00397476
0.00397483
0.00397482
0.00397478
0.00397474
0.00397474
0.0039747
0.00397479
0.00397474
0.0039747
0.00397466
0.00397465
0.00397458
0.00397465
0.00397452
0.00397301
0.00356309
0.00398292
0.00402692
0.00402782
0.0040284
0.0040265
0.00402641
0.00402472
0.00402438
0.00402295
0.00402247
0.00402131
0.0040207
0.00401978
0.00401906
0.00401828
0.00401748
0.00401679
0.00401592
0.00401527
0.00401436
0.00401373
0.00401279
0.00401218
0.00401128
0.00401074
0.00400992
0.00400948
0.0040088
0.00400851
0.00400798
0.00400779
0.00400735
0.0040072
0.00400677
0.00400655
0.00400603
0.0040057
0.00400513
0.0040048
0.00400426
0.00400398
0.00400358
0.00400342
0.00400311
0.00400294
0.00400259
0.00400236
0.00400198
0.00400173
0.00400135
0.00400115
0.0040009
0.0040008
0.0040006
0.00400046
0.00400019
0.00400003
0.00399978
0.00399967
0.00399947
0.00399937
0.00399925
0.00399919
0.00399905
0.00399896
0.00399876
0.00399871
0.00399863
0.00399863
0.0039986
0.00399854
0.00399842
0.00399841
0.00399835
0.00399841
0.0039984
0.00399836
0.00399832
0.00399834
0.00399832
0.00399843
0.0039984
0.0039984
0.00399837
0.00399839
0.00399831
0.00399843
0.00399821
0.00399669
0.00362035
0.00404891
0.00408827
0.00409137
0.00409077
0.00409114
0.00409035
0.00409064
0.00408966
0.00408986
0.00408873
0.00408885
0.00408761
0.00408763
0.0040863
0.0040862
0.00408475
0.0040845
0.00408294
0.00408256
0.00408092
0.00408041
0.0040787
0.00407811
0.00407641
0.0040758
0.00407417
0.00407361
0.00407213
0.00407171
0.00407042
0.00407011
0.00406897
0.00406873
0.00406767
0.00406739
0.0040663
0.00406595
0.00406489
0.00406453
0.00406357
0.00406331
0.00406255
0.00406246
0.00406188
0.00406183
0.0040613
0.00406125
0.00406077
0.00406074
0.00406033
0.0040604
0.0040602
0.00406042
0.00406034
0.00406058
0.00406051
0.00406079
0.00406079
0.00406116
0.00406128
0.00406172
0.00406199
0.00406252
0.00406282
0.00406337
0.00406364
0.00406426
0.0040647
0.00406544
0.00406593
0.00406664
0.00406707
0.00406785
0.00406837
0.00406926
0.0040698
0.00407062
0.00407113
0.00407201
0.00407254
0.00407352
0.00407399
0.00407484
0.00407527
0.00407614
0.00407654
0.00407743
0.00407782
0.00407708
0.00397663
0.00435557
0.00437971
0.00438303
0.00438201
0.00438435
0.0043826
0.00438497
0.00438258
0.00438488
0.00438204
0.00438423
0.00438109
0.00438311
0.00437978
0.0043816
0.00437818
0.0043798
0.00437636
0.00437783
0.00437449
0.00437589
0.00437277
0.00437422
0.00437151
0.00437322
0.0043711
0.00437324
0.00437189
0.00437463
0.00437412
0.00437747
0.00437774
0.00438163
0.00438253
0.00438678
0.00438811
0.00439267
0.00439445
0.0043994
0.00440172
0.00440717
0.00441014
0.00441617
0.0044197
0.00442611
0.00442997
0.00443664
0.00444077
0.00444767
0.00445212
0.00445935
0.00446422
0.00447179
0.00447696
0.00448465
0.00448993
0.0044977
0.00450312
0.00451103
0.00451661
0.00452462
0.00453035
0.00453841
0.0045441
0.00455207
0.00455764
0.0045656
0.0045712
0.00457915
0.00458464
0.00459239
0.00459759
0.00460522
0.00461024
0.00461777
0.00462255
0.0046298
0.0046342
0.00464127
0.00464529
0.00465217
0.0046558
0.00466231
0.00466544
0.00467162
0.00467421
0.00467984
0.00468225
0.00468696
0.00437076
0.00446389
0.00446214
0.0044703
0.00447293
0.00448161
0.00448166
0.00449092
0.00448958
0.00449931
0.00449718
0.00450738
0.00450507
0.00451594
0.00451429
0.00452646
0.00452654
0.00454098
0.00454426
0.00456256
0.00457083
0.00459474
0.00460981
0.00464127
0.0046645
0.0047042
0.00473517
0.0047821
0.0048186
0.00486907
0.0049064
0.00495564
0.00499018
0.00503511
0.00506514
0.0051056
0.00513326
0.00517281
0.0052012
0.00524215
0.00527202
0.00531422
0.00534379
0.00538334
0.00540884
0.00544335
0.00546553
0.00549734
0.00551834
0.00554965
0.00557069
0.00560239
0.00562248
0.00565114
0.00566756
0.00569208
0.00570685
0.00573045
0.00574471
0.00576787
0.00578085
0.00580282
0.00581455
0.00583355
0.0058433
0.0058605
0.00587007
0.00588848
0.00589744
0.00591371
0.00592019
0.0059336
0.00594034
0.00595445
0.00596057
0.00597364
0.00597715
0.00598808
0.00599232
0.00600282
0.0060067
0.00601631
0.00601744
0.0060261
0.00602817
0.00603585
0.00603826
0.00604454
0.00604336
0.00604955
0.00438965
0.00449315
0.00449263
0.00450084
0.0045035
0.00451216
0.00451227
0.00452152
0.00452025
0.00452998
0.00452792
0.00453813
0.0045359
0.00454678
0.00454523
0.00455745
0.00455764
0.00457215
0.00457559
0.00459403
0.00460252
0.00462664
0.004642
0.00467378
0.00469741
0.00473753
0.004769
0.00481643
0.00485348
0.0049045
0.00494235
0.0049921
0.00502709
0.00507244
0.00510283
0.00514363
0.00517159
0.00521146
0.00524014
0.0052814
0.00531157
0.0053541
0.00538394
0.00542376
0.00544945
0.00548414
0.00550646
0.0055384
0.00555951
0.00559096
0.00561209
0.00564392
0.0056641
0.00569284
0.00570928
0.00573382
0.00574858
0.0057722
0.00578646
0.00580962
0.00582257
0.00584455
0.00585623
0.0058752
0.00588488
0.00590203
0.00591153
0.00592991
0.00593881
0.00595503
0.00596142
0.00597475
0.00598143
0.00599547
0.00600152
0.00601453
0.00601796
0.00602879
0.00603298
0.00604339
0.00604722
0.00605675
0.0060578
0.00606637
0.0060684
0.006076
0.00607839
0.00608446
0.00608374
0.00608788
0.0039869
0.00437271
0.00439796
0.00440137
0.00440036
0.00440268
0.00440095
0.0044033
0.00440094
0.00440323
0.00440042
0.00440259
0.00439948
0.00440148
0.00439817
0.00439998
0.00439657
0.00439818
0.00439474
0.00439619
0.00439284
0.0043942
0.00439106
0.00439247
0.00438973
0.00439138
0.00438922
0.0043913
0.00438991
0.00439259
0.00439205
0.00439536
0.00439563
0.00439949
0.00440038
0.00440462
0.00440597
0.00441051
0.00441231
0.00441725
0.00441958
0.00442504
0.00442802
0.00443406
0.00443761
0.00444405
0.00444794
0.00445464
0.0044588
0.00446574
0.00447022
0.00447748
0.00448239
0.00448999
0.00449521
0.00450294
0.00450827
0.00451609
0.00452155
0.0045295
0.00453513
0.00454319
0.00454896
0.00455707
0.00456281
0.00457083
0.00457644
0.00458444
0.00459009
0.00459808
0.00460362
0.00461141
0.00461665
0.00462431
0.00462937
0.00463694
0.00464175
0.00464905
0.00465348
0.00466058
0.00466463
0.00467154
0.00467519
0.00468173
0.00468489
0.00469109
0.0046937
0.0046993
0.00470193
0.00470621
0.00362482
0.00405727
0.00409749
0.00410067
0.00410007
0.00410044
0.00409965
0.00409993
0.00409895
0.00409915
0.00409801
0.00409813
0.00409689
0.0040969
0.00409557
0.00409547
0.00409401
0.00409376
0.00409219
0.0040918
0.00409015
0.00408964
0.00408792
0.00408731
0.0040856
0.00408498
0.00408332
0.00408276
0.00408126
0.00408082
0.00407951
0.00407919
0.00407804
0.00407778
0.00407672
0.00407642
0.00407533
0.00407496
0.00407389
0.00407353
0.00407255
0.00407228
0.00407152
0.00407142
0.00407084
0.00407078
0.00407025
0.0040702
0.00406971
0.00406968
0.00406927
0.00406934
0.00406914
0.00406936
0.00406929
0.00406953
0.00406946
0.00406974
0.00406975
0.00407013
0.00407025
0.0040707
0.00407097
0.00407152
0.00407182
0.00407238
0.00407266
0.00407329
0.00407374
0.00407448
0.00407499
0.00407571
0.00407615
0.00407694
0.00407747
0.00407837
0.00407892
0.00407975
0.00408027
0.00408117
0.0040817
0.00408269
0.00408317
0.00408403
0.00408447
0.00408535
0.00408576
0.00408666
0.00408705
0.00408633
0.00356472
0.00398645
0.00403095
0.00403192
0.00403251
0.0040306
0.00403051
0.00402882
0.00402848
0.00402706
0.00402658
0.00402542
0.00402481
0.00402388
0.00402316
0.00402239
0.00402159
0.00402089
0.00402002
0.00401936
0.00401845
0.00401781
0.00401687
0.00401626
0.00401536
0.00401482
0.00401399
0.00401355
0.00401286
0.00401257
0.00401203
0.00401184
0.0040114
0.00401124
0.00401081
0.00401058
0.00401006
0.00400974
0.00400917
0.00400882
0.00400828
0.00400801
0.0040076
0.00400744
0.00400713
0.00400696
0.00400661
0.00400638
0.00400599
0.00400574
0.00400536
0.00400517
0.00400492
0.00400482
0.00400462
0.00400447
0.00400421
0.00400405
0.0040038
0.00400369
0.00400349
0.0040034
0.00400328
0.00400322
0.00400308
0.00400299
0.0040028
0.00400274
0.00400266
0.00400267
0.00400264
0.00400259
0.00400247
0.00400245
0.0040024
0.00400246
0.00400245
0.00400242
0.00400238
0.0040024
0.00400238
0.0040025
0.00400247
0.00400247
0.00400244
0.00400246
0.00400239
0.00400251
0.00400229
0.00400078
0.00352599
0.00394859
0.00399417
0.00399565
0.00399622
0.00399447
0.00399435
0.00399286
0.00399256
0.00399131
0.00399094
0.0039901
0.00398966
0.00398939
0.00398893
0.00398865
0.00398815
0.00398781
0.00398724
0.00398684
0.0039862
0.00398574
0.00398505
0.00398456
0.00398387
0.00398341
0.00398278
0.00398241
0.0039819
0.00398167
0.0039813
0.00398117
0.0039809
0.00398082
0.00398058
0.00398045
0.00398012
0.00397991
0.00397953
0.00397929
0.00397893
0.00397875
0.00397853
0.00397847
0.00397833
0.00397827
0.0039781
0.00397799
0.00397777
0.00397763
0.0039774
0.00397731
0.0039772
0.0039772
0.00397714
0.00397709
0.00397695
0.00397688
0.00397675
0.00397671
0.00397661
0.00397659
0.00397655
0.00397655
0.0039765
0.00397646
0.00397633
0.00397631
0.00397629
0.00397633
0.00397633
0.0039763
0.00397621
0.0039762
0.00397617
0.00397624
0.00397623
0.00397619
0.00397615
0.00397615
0.00397611
0.0039762
0.00397615
0.00397611
0.00397607
0.00397606
0.00397599
0.00397607
0.00397593
0.00397442
0.00353328
0.0039545
0.00400004
0.00400134
0.00400192
0.00399991
0.00399978
0.00399795
0.00399762
0.00399609
0.00399567
0.00399445
0.00399396
0.00399298
0.00399243
0.00399163
0.00399102
0.00399034
0.00398967
0.00398906
0.00398836
0.00398779
0.00398709
0.00398657
0.0039859
0.00398545
0.00398486
0.00398453
0.00398407
0.00398389
0.00398359
0.00398352
0.00398331
0.00398328
0.00398308
0.00398298
0.00398268
0.00398249
0.00398214
0.00398194
0.0039816
0.00398146
0.00398125
0.00398122
0.0039811
0.00398105
0.00398087
0.00398077
0.00398054
0.00398042
0.00398018
0.0039801
0.00397999
0.00397998
0.00397991
0.00397986
0.00397971
0.00397963
0.00397948
0.00397944
0.00397932
0.0039793
0.00397924
0.00397923
0.00397916
0.0039791
0.00397896
0.00397893
0.00397888
0.00397891
0.0039789
0.00397885
0.00397875
0.00397873
0.00397868
0.00397873
0.00397872
0.00397867
0.00397863
0.00397862
0.00397857
0.00397865
0.00397861
0.00397856
0.00397851
0.00397849
0.00397838
0.00397844
0.00397817
0.00397658
0.0035331
0.00395414
0.00399959
0.00400087
0.00400145
0.00399944
0.00399931
0.00399748
0.00399715
0.00399562
0.0039952
0.00399398
0.0039935
0.00399252
0.00399196
0.00399116
0.00399055
0.00398987
0.0039892
0.00398859
0.0039879
0.00398733
0.00398662
0.0039861
0.00398543
0.00398499
0.0039844
0.00398407
0.00398361
0.00398343
0.00398313
0.00398306
0.00398285
0.00398282
0.00398262
0.00398253
0.00398222
0.00398204
0.00398168
0.00398148
0.00398115
0.00398101
0.0039808
0.00398077
0.00398065
0.0039806
0.00398042
0.00398032
0.00398009
0.00397996
0.00397973
0.00397965
0.00397954
0.00397953
0.00397946
0.00397941
0.00397926
0.00397918
0.00397903
0.00397899
0.00397887
0.00397884
0.00397879
0.00397878
0.0039787
0.00397865
0.00397851
0.00397848
0.00397843
0.00397846
0.00397844
0.0039784
0.00397829
0.00397828
0.00397823
0.00397828
0.00397827
0.00397822
0.00397817
0.00397817
0.00397812
0.0039782
0.00397815
0.0039781
0.00397805
0.00397803
0.00397792
0.00397799
0.00397771
0.00397612
0.00352565
0.00394754
0.00399289
0.00399433
0.0039949
0.00399314
0.00399302
0.00399152
0.00399122
0.00398998
0.00398962
0.00398872
0.00398828
0.00398798
0.00398752
0.00398724
0.00398674
0.0039864
0.00398583
0.00398543
0.00398479
0.00398434
0.00398364
0.00398315
0.00398247
0.00398201
0.00398139
0.00398101
0.00398051
0.00398028
0.00397992
0.00397978
0.00397951
0.00397943
0.0039792
0.00397906
0.00397874
0.00397852
0.00397814
0.0039779
0.00397755
0.00397737
0.00397714
0.00397708
0.00397695
0.00397688
0.00397671
0.0039766
0.00397638
0.00397624
0.00397602
0.00397592
0.00397582
0.00397581
0.00397575
0.0039757
0.00397556
0.00397549
0.00397536
0.00397532
0.00397522
0.00397519
0.00397516
0.00397516
0.00397511
0.00397506
0.00397493
0.00397492
0.00397489
0.00397493
0.00397493
0.0039749
0.00397481
0.0039748
0.00397476
0.00397483
0.00397482
0.00397478
0.00397474
0.00397474
0.0039747
0.00397479
0.00397474
0.0039747
0.00397466
0.00397465
0.00397458
0.00397465
0.00397452
0.00397301
0.00356309
0.00398292
0.00402692
0.00402782
0.0040284
0.0040265
0.00402641
0.00402472
0.00402438
0.00402295
0.00402247
0.00402131
0.0040207
0.00401978
0.00401906
0.00401828
0.00401749
0.00401679
0.00401592
0.00401527
0.00401436
0.00401373
0.00401279
0.00401218
0.00401128
0.00401074
0.00400992
0.00400948
0.0040088
0.00400851
0.00400798
0.00400779
0.00400735
0.0040072
0.00400677
0.00400655
0.00400603
0.0040057
0.00400514
0.0040048
0.00400426
0.00400398
0.00400358
0.00400342
0.00400311
0.00400294
0.00400259
0.00400236
0.00400198
0.00400173
0.00400135
0.00400115
0.0040009
0.0040008
0.0040006
0.00400046
0.00400019
0.00400003
0.00399978
0.00399967
0.00399947
0.00399937
0.00399925
0.00399919
0.00399905
0.00399896
0.00399876
0.00399871
0.00399863
0.00399863
0.0039986
0.00399854
0.00399842
0.00399841
0.00399835
0.00399841
0.0039984
0.00399836
0.00399832
0.00399834
0.00399832
0.00399843
0.0039984
0.0039984
0.00399837
0.00399839
0.00399831
0.00399843
0.00399821
0.00399669
0.00362035
0.00404891
0.00408827
0.00409137
0.00409077
0.00409114
0.00409035
0.00409064
0.00408966
0.00408986
0.00408873
0.00408885
0.00408761
0.00408763
0.0040863
0.0040862
0.00408475
0.0040845
0.00408294
0.00408256
0.00408092
0.00408041
0.0040787
0.00407811
0.00407641
0.0040758
0.00407417
0.00407361
0.00407213
0.00407171
0.00407042
0.00407011
0.00406897
0.00406873
0.00406767
0.00406739
0.0040663
0.00406595
0.00406489
0.00406453
0.00406357
0.00406331
0.00406255
0.00406246
0.00406188
0.00406183
0.0040613
0.00406125
0.00406077
0.00406074
0.00406033
0.0040604
0.0040602
0.00406042
0.00406034
0.00406058
0.00406051
0.00406079
0.00406079
0.00406117
0.00406128
0.00406172
0.00406199
0.00406252
0.00406282
0.00406337
0.00406364
0.00406426
0.0040647
0.00406544
0.00406593
0.00406664
0.00406707
0.00406785
0.00406838
0.00406926
0.0040698
0.00407062
0.00407113
0.00407201
0.00407254
0.00407352
0.00407399
0.00407484
0.00407527
0.00407614
0.00407654
0.00407743
0.00407782
0.00407708
0.00397663
0.00435557
0.00437971
0.00438303
0.00438201
0.00438435
0.0043826
0.00438497
0.00438258
0.00438488
0.00438204
0.00438423
0.00438109
0.00438311
0.00437978
0.0043816
0.00437818
0.0043798
0.00437636
0.00437783
0.00437449
0.00437589
0.00437277
0.00437422
0.00437151
0.00437322
0.0043711
0.00437324
0.00437189
0.00437463
0.00437412
0.00437747
0.00437774
0.00438163
0.00438253
0.00438678
0.00438811
0.00439267
0.00439445
0.0043994
0.00440172
0.00440717
0.00441014
0.00441617
0.0044197
0.00442611
0.00442997
0.00443664
0.00444077
0.00444767
0.00445212
0.00445935
0.00446422
0.00447179
0.00447696
0.00448465
0.00448993
0.0044977
0.00450312
0.00451103
0.00451661
0.00452462
0.00453035
0.00453841
0.0045441
0.00455207
0.00455764
0.0045656
0.0045712
0.00457915
0.00458464
0.00459239
0.00459759
0.00460522
0.00461024
0.00461777
0.00462255
0.0046298
0.0046342
0.00464127
0.00464529
0.00465217
0.0046558
0.00466231
0.00466544
0.00467162
0.00467421
0.00467984
0.00468225
0.00468696
0.00437076
0.00446389
0.00446214
0.0044703
0.00447293
0.00448161
0.00448166
0.00449092
0.00448958
0.00449931
0.00449718
0.00450738
0.00450507
0.00451594
0.00451429
0.00452646
0.00452654
0.00454098
0.00454426
0.00456256
0.00457083
0.00459474
0.00460981
0.00464127
0.0046645
0.0047042
0.00473517
0.0047821
0.0048186
0.00486907
0.00490639
0.00495564
0.00499018
0.00503511
0.00506514
0.0051056
0.00513326
0.00517281
0.0052012
0.00524215
0.00527202
0.00531422
0.00534379
0.00538334
0.00540884
0.00544335
0.00546553
0.00549734
0.00551834
0.00554965
0.00557069
0.00560239
0.00562248
0.00565114
0.00566756
0.00569208
0.00570685
0.00573045
0.00574471
0.00576787
0.00578085
0.00580283
0.00581455
0.00583355
0.0058433
0.0058605
0.00587007
0.00588848
0.00589744
0.00591371
0.00592019
0.0059336
0.00594034
0.00595445
0.00596057
0.00597364
0.00597715
0.00598808
0.00599232
0.00600282
0.0060067
0.00601632
0.00601744
0.0060261
0.00602817
0.00603585
0.00603826
0.00604454
0.00604336
0.00604955
0.0122145
0.0123508
0.0123541
0.0123552
0.0123543
0.0123555
0.0123541
0.0123555
0.0123541
0.0123558
0.0123544
0.0123564
0.0123554
0.0123578
0.0123575
0.0123608
0.0123616
0.0123662
0.0123689
0.0123759
0.0123815
0.012392
0.0124017
0.0124168
0.0124313
0.0124514
0.01247
0.0124939
0.0125149
0.0125396
0.0125592
0.0125809
0.0125964
0.0126132
0.0126237
0.0126358
0.0126432
0.0126539
0.0126611
0.0126724
0.0126804
0.0126925
0.0127003
0.0127106
0.0127153
0.0127219
0.0127241
0.0127289
0.0127306
0.0127356
0.0127376
0.0127436
0.0127458
0.0127502
0.0127503
0.0127522
0.0127515
0.0127534
0.0127531
0.0127556
0.012755
0.0127573
0.0127567
0.0127577
0.0127564
0.0127567
0.0127556
0.0127578
0.0127574
0.0127589
0.0127574
0.0127572
0.0127564
0.0127577
0.0127573
0.0127587
0.0127571
0.0127572
0.0127566
0.0127574
0.0127572
0.0127582
0.0127565
0.012757
0.0127566
0.0127574
0.0127577
0.012759
0.0127561
0.0127548
0.0117142
0.0120226
0.0120322
0.0120343
0.0120333
0.0120349
0.0120337
0.0120351
0.0120338
0.0120351
0.0120336
0.0120348
0.0120333
0.0120342
0.0120326
0.0120333
0.0120315
0.0120321
0.0120302
0.0120305
0.0120286
0.012029
0.0120274
0.0120281
0.0120271
0.0120286
0.0120286
0.0120313
0.0120329
0.0120371
0.0120401
0.0120456
0.0120498
0.0120561
0.0120607
0.012067
0.0120713
0.0120773
0.0120814
0.0120874
0.0120916
0.0120979
0.0121028
0.0121097
0.0121149
0.0121216
0.0121265
0.0121327
0.012137
0.0121429
0.0121469
0.0121528
0.0121572
0.0121632
0.0121676
0.0121731
0.0121768
0.0121819
0.0121853
0.0121902
0.0121935
0.0121983
0.0122016
0.0122062
0.0122092
0.0122132
0.0122156
0.0122195
0.0122221
0.012226
0.0122284
0.0122317
0.0122334
0.0122366
0.0122384
0.0122416
0.0122432
0.0122458
0.012247
0.0122494
0.0122505
0.0122531
0.0122539
0.0122558
0.0122564
0.0122582
0.0122587
0.0122607
0.0122612
0.0122615
0.0112516
0.0116592
0.0116815
0.011684
0.0116834
0.0116842
0.0116834
0.011684
0.0116831
0.0116836
0.0116826
0.0116829
0.0116817
0.0116818
0.0116804
0.0116802
0.0116786
0.0116781
0.0116761
0.0116753
0.011673
0.0116719
0.0116694
0.0116682
0.0116658
0.0116648
0.0116628
0.0116623
0.0116611
0.0116613
0.011661
0.0116619
0.0116622
0.0116636
0.0116642
0.0116654
0.0116657
0.0116667
0.0116668
0.0116678
0.011668
0.0116694
0.0116703
0.0116723
0.0116737
0.0116756
0.0116769
0.0116787
0.0116797
0.0116814
0.0116823
0.0116842
0.0116857
0.011688
0.0116897
0.0116917
0.011693
0.0116949
0.0116962
0.0116982
0.0116995
0.0117015
0.0117031
0.0117052
0.0117066
0.0117084
0.0117093
0.0117111
0.0117125
0.0117145
0.0117159
0.0117175
0.0117183
0.01172
0.011721
0.0117228
0.0117238
0.0117251
0.0117258
0.0117272
0.0117279
0.0117294
0.0117299
0.0117309
0.0117313
0.0117323
0.0117326
0.0117338
0.0117341
0.0117285
0.0111518
0.0115686
0.0115927
0.0115953
0.0115947
0.0115953
0.0115946
0.011595
0.0115943
0.0115945
0.0115937
0.0115938
0.0115929
0.0115927
0.0115916
0.0115912
0.0115898
0.0115891
0.0115874
0.0115863
0.0115843
0.0115829
0.0115807
0.0115792
0.011577
0.0115757
0.0115739
0.011573
0.0115719
0.0115718
0.0115714
0.0115719
0.0115721
0.011573
0.0115733
0.0115739
0.0115739
0.0115741
0.0115738
0.011574
0.0115738
0.0115743
0.0115746
0.0115756
0.0115764
0.0115774
0.0115779
0.0115786
0.0115789
0.0115795
0.0115796
0.0115804
0.0115811
0.0115822
0.011583
0.0115839
0.0115843
0.0115851
0.0115855
0.0115864
0.0115868
0.0115877
0.0115884
0.0115894
0.01159
0.0115907
0.0115908
0.0115916
0.0115922
0.0115932
0.0115939
0.0115944
0.0115946
0.0115953
0.0115957
0.0115967
0.0115971
0.0115976
0.0115978
0.0115984
0.0115986
0.0115994
0.0115996
0.0115999
0.0116
0.0116004
0.0116005
0.0116011
0.0116012
0.0115957
0.0111002
0.0115241
0.0115502
0.0115536
0.0115529
0.0115535
0.0115528
0.0115532
0.0115525
0.0115527
0.0115519
0.011552
0.0115511
0.0115509
0.0115498
0.0115493
0.0115481
0.0115472
0.0115456
0.0115445
0.0115427
0.0115413
0.0115392
0.0115377
0.0115357
0.0115344
0.0115327
0.0115319
0.0115309
0.0115308
0.0115306
0.0115312
0.0115315
0.0115324
0.0115328
0.0115335
0.0115335
0.0115339
0.0115336
0.0115339
0.0115337
0.0115342
0.0115346
0.0115356
0.0115364
0.0115374
0.0115379
0.0115386
0.0115389
0.0115394
0.0115396
0.0115403
0.0115409
0.011542
0.0115427
0.0115436
0.0115439
0.0115446
0.0115449
0.0115456
0.011546
0.0115468
0.0115474
0.0115482
0.0115487
0.0115493
0.0115493
0.01155
0.0115504
0.0115513
0.0115518
0.0115523
0.0115523
0.0115529
0.0115532
0.011554
0.0115543
0.0115546
0.0115548
0.0115552
0.0115553
0.011556
0.0115561
0.0115563
0.0115563
0.0115565
0.0115566
0.0115571
0.0115571
0.0115509
0.0111048
0.0115242
0.0115488
0.011552
0.0115513
0.0115518
0.0115511
0.0115513
0.0115506
0.0115507
0.0115499
0.0115499
0.011549
0.0115488
0.0115478
0.0115473
0.0115461
0.0115453
0.0115437
0.0115426
0.0115408
0.0115394
0.0115374
0.0115359
0.011534
0.0115327
0.011531
0.0115303
0.0115293
0.0115293
0.0115291
0.0115297
0.01153
0.011531
0.0115315
0.0115322
0.0115323
0.0115327
0.0115325
0.0115327
0.0115326
0.0115331
0.0115336
0.0115347
0.0115355
0.0115365
0.011537
0.0115378
0.011538
0.0115386
0.0115388
0.0115395
0.0115402
0.0115413
0.011542
0.0115429
0.0115432
0.0115439
0.0115442
0.0115449
0.0115453
0.0115461
0.0115467
0.0115475
0.011548
0.0115485
0.0115486
0.0115492
0.0115497
0.0115505
0.011551
0.0115515
0.0115515
0.0115521
0.0115523
0.0115531
0.0115534
0.0115537
0.0115538
0.0115542
0.0115543
0.011555
0.0115551
0.0115552
0.0115553
0.0115554
0.0115555
0.011556
0.011556
0.0115498
0.0111044
0.0115227
0.0115468
0.0115499
0.0115492
0.0115497
0.011549
0.0115492
0.0115485
0.0115486
0.0115478
0.0115478
0.011547
0.0115467
0.0115457
0.0115453
0.011544
0.0115432
0.0115417
0.0115406
0.0115387
0.0115374
0.0115353
0.0115338
0.0115319
0.0115306
0.011529
0.0115282
0.0115272
0.0115272
0.011527
0.0115276
0.0115279
0.0115289
0.0115294
0.0115301
0.0115302
0.0115305
0.0115304
0.0115306
0.0115305
0.011531
0.0115315
0.0115325
0.0115333
0.0115343
0.0115349
0.0115357
0.0115359
0.0115365
0.0115367
0.0115374
0.011538
0.0115391
0.0115399
0.0115407
0.0115411
0.0115418
0.0115421
0.0115428
0.0115432
0.0115439
0.0115446
0.0115454
0.0115458
0.0115464
0.0115464
0.0115471
0.0115475
0.0115484
0.0115489
0.0115493
0.0115494
0.0115499
0.0115502
0.0115509
0.0115512
0.0115515
0.0115516
0.011552
0.0115522
0.0115528
0.0115529
0.011553
0.0115531
0.0115533
0.0115533
0.0115538
0.0115538
0.0115477
0.0110987
0.0115186
0.0115433
0.0115463
0.0115456
0.0115462
0.0115455
0.0115459
0.0115452
0.0115454
0.0115446
0.0115447
0.0115438
0.0115436
0.0115425
0.011542
0.0115408
0.0115399
0.0115384
0.0115372
0.0115354
0.011534
0.0115319
0.0115304
0.0115284
0.0115271
0.0115254
0.0115246
0.0115236
0.0115236
0.0115233
0.0115239
0.0115242
0.0115251
0.0115256
0.0115263
0.0115263
0.0115266
0.0115264
0.0115266
0.0115264
0.0115269
0.0115273
0.0115284
0.0115291
0.0115301
0.0115306
0.0115313
0.0115316
0.0115321
0.0115323
0.011533
0.0115336
0.0115347
0.0115354
0.0115362
0.0115366
0.0115373
0.0115375
0.0115383
0.0115387
0.0115394
0.0115401
0.0115409
0.0115413
0.0115419
0.0115419
0.0115426
0.0115431
0.0115439
0.0115444
0.0115449
0.0115449
0.0115455
0.0115458
0.0115465
0.0115469
0.0115472
0.0115473
0.0115477
0.0115479
0.0115486
0.0115486
0.0115488
0.0115488
0.0115491
0.0115491
0.0115496
0.0115496
0.0115434
0.0111463
0.0115539
0.011575
0.0115773
0.0115766
0.0115772
0.0115766
0.0115769
0.0115762
0.0115764
0.0115756
0.0115757
0.0115748
0.0115746
0.0115735
0.0115731
0.0115717
0.011571
0.0115693
0.0115682
0.0115662
0.0115648
0.0115626
0.0115611
0.0115589
0.0115576
0.0115558
0.0115549
0.0115538
0.0115537
0.0115533
0.0115538
0.011554
0.0115548
0.0115552
0.0115558
0.0115557
0.011556
0.0115556
0.0115558
0.0115556
0.0115561
0.0115564
0.0115574
0.0115581
0.0115591
0.0115596
0.0115604
0.0115606
0.0115612
0.0115613
0.0115621
0.0115628
0.0115639
0.0115647
0.0115656
0.011566
0.0115668
0.0115671
0.011568
0.0115684
0.0115693
0.01157
0.011571
0.0115715
0.0115722
0.0115724
0.0115731
0.0115737
0.0115747
0.0115754
0.011576
0.0115761
0.0115768
0.0115772
0.0115781
0.0115786
0.011579
0.0115793
0.0115798
0.01158
0.0115809
0.011581
0.0115813
0.0115814
0.0115818
0.0115819
0.0115825
0.0115825
0.0115771
0.0112358
0.0116263
0.0116447
0.0116466
0.011646
0.0116468
0.011646
0.0116466
0.0116457
0.0116461
0.0116451
0.0116454
0.0116442
0.0116443
0.0116429
0.0116427
0.0116411
0.0116406
0.0116386
0.0116377
0.0116355
0.0116344
0.011632
0.0116307
0.0116284
0.0116274
0.0116254
0.0116249
0.0116237
0.011624
0.0116236
0.0116246
0.0116249
0.0116262
0.0116268
0.011628
0.0116283
0.0116293
0.0116294
0.0116303
0.0116306
0.0116319
0.0116329
0.0116348
0.0116362
0.0116381
0.0116393
0.0116411
0.0116421
0.0116438
0.0116448
0.0116466
0.0116481
0.0116504
0.011652
0.011654
0.0116553
0.0116572
0.0116585
0.0116604
0.0116618
0.0116637
0.0116653
0.0116673
0.0116687
0.0116705
0.0116714
0.0116732
0.0116746
0.0116766
0.0116779
0.0116795
0.0116803
0.0116819
0.0116829
0.0116847
0.0116857
0.0116869
0.0116877
0.011689
0.0116897
0.0116912
0.0116917
0.0116926
0.0116931
0.011694
0.0116944
0.0116955
0.0116959
0.0116904
0.0116767
0.0119593
0.0119645
0.0119663
0.0119654
0.0119669
0.0119657
0.0119671
0.0119657
0.011967
0.0119655
0.0119667
0.0119651
0.0119661
0.0119644
0.0119652
0.0119634
0.0119639
0.011962
0.0119624
0.0119605
0.0119609
0.0119592
0.0119599
0.0119589
0.0119604
0.0119605
0.0119632
0.0119647
0.0119689
0.011972
0.0119774
0.0119816
0.0119878
0.0119924
0.0119986
0.0120029
0.0120088
0.0120129
0.0120188
0.012023
0.0120293
0.0120342
0.012041
0.0120462
0.0120529
0.0120577
0.0120639
0.0120682
0.012074
0.0120781
0.0120839
0.0120883
0.0120943
0.0120986
0.0121041
0.0121078
0.0121129
0.0121163
0.0121212
0.0121245
0.0121293
0.0121326
0.0121372
0.0121401
0.0121442
0.0121465
0.0121504
0.012153
0.0121569
0.0121593
0.0121626
0.0121643
0.0121675
0.0121692
0.0121724
0.0121741
0.0121766
0.0121778
0.0121803
0.0121813
0.0121838
0.0121847
0.0121865
0.0121872
0.0121889
0.0121894
0.0121914
0.0121918
0.0121925
0.0121493
0.0122557
0.0122551
0.0122561
0.0122552
0.0122564
0.012255
0.0122564
0.0122549
0.0122566
0.0122552
0.0122572
0.0122562
0.0122586
0.0122582
0.0122614
0.0122622
0.0122668
0.0122694
0.0122763
0.0122819
0.0122923
0.0123018
0.0123169
0.0123312
0.0123511
0.0123696
0.0123933
0.012414
0.0124386
0.012458
0.0124797
0.012495
0.0125118
0.0125223
0.0125344
0.0125419
0.0125525
0.0125598
0.0125711
0.0125791
0.0125912
0.012599
0.0126093
0.0126141
0.0126207
0.012623
0.0126279
0.0126295
0.0126346
0.0126367
0.0126426
0.0126448
0.0126494
0.0126495
0.0126514
0.0126507
0.0126528
0.0126524
0.012655
0.0126544
0.0126568
0.0126562
0.0126573
0.0126559
0.0126563
0.0126552
0.0126574
0.012657
0.0126585
0.0126571
0.0126569
0.012656
0.0126573
0.0126569
0.0126584
0.0126568
0.0126569
0.0126563
0.012657
0.0126569
0.0126579
0.0126561
0.0126567
0.0126562
0.012657
0.0126573
0.0126586
0.0126556
0.012655
0.0266795
0.0268083
0.0268167
0.0268208
0.0268187
0.0268214
0.0268198
0.0268218
0.0268206
0.0268222
0.0268212
0.0268226
0.0268218
0.0268231
0.0268227
0.0268242
0.0268243
0.0268263
0.0268274
0.0268306
0.0268334
0.0268385
0.0268436
0.0268515
0.0268594
0.0268701
0.0268798
0.026892
0.0269021
0.0269133
0.0269208
0.0269283
0.0269318
0.026935
0.0269347
0.0269346
0.0269327
0.0269326
0.0269316
0.0269328
0.026933
0.0269355
0.0269361
0.0269375
0.026936
0.0269349
0.0269323
0.0269307
0.0269285
0.0269279
0.0269264
0.0269271
0.0269263
0.0269261
0.026924
0.0269219
0.0269195
0.0269183
0.0269166
0.0269161
0.0269141
0.0269136
0.026912
0.0269107
0.0269087
0.026907
0.0269053
0.0269055
0.0269045
0.0269042
0.0269025
0.0269007
0.0268996
0.0268995
0.0268989
0.026899
0.0268972
0.026896
0.0268954
0.026895
0.0268948
0.0268948
0.0268928
0.026892
0.0268915
0.0268911
0.0268913
0.0268911
0.0268866
0.0268807
0.0152813
0.0155496
0.0155487
0.0155536
0.0155487
0.015553
0.015549
0.0155526
0.0155492
0.0155524
0.0155496
0.0155527
0.0155505
0.0155536
0.0155521
0.0155556
0.0155551
0.0155594
0.0155604
0.0155662
0.0155693
0.0155775
0.0155834
0.0155948
0.0156043
0.0156192
0.0156322
0.0156505
0.0156658
0.0156856
0.0157011
0.01572
0.0157338
0.0157504
0.0157615
0.0157753
0.0157845
0.0157971
0.0158058
0.0158185
0.0158275
0.0158405
0.0158493
0.0158611
0.0158681
0.0158776
0.0158827
0.0158907
0.0158951
0.0159027
0.015907
0.0159149
0.015919
0.0159259
0.0159286
0.0159336
0.0159355
0.0159402
0.0159421
0.0159468
0.0159484
0.015953
0.0159544
0.0159579
0.0159586
0.0159615
0.0159623
0.015966
0.0159671
0.0159702
0.0159705
0.0159726
0.0159731
0.0159757
0.0159763
0.0159789
0.0159787
0.0159804
0.0159807
0.0159825
0.0159829
0.0159846
0.015984
0.0159854
0.0159854
0.0159866
0.0159868
0.0159879
0.0159846
0.015982
0.0122713
0.0126717
0.0126738
0.0126819
0.0126732
0.0126794
0.012672
0.0126775
0.0126711
0.0126761
0.0126707
0.0126755
0.0126711
0.012676
0.0126727
0.0126783
0.0126764
0.0126831
0.0126834
0.0126921
0.0126953
0.0127069
0.0127138
0.0127293
0.0127403
0.01276
0.012775
0.0127983
0.012816
0.0128411
0.0128591
0.0128834
0.0128999
0.0129218
0.0129359
0.0129554
0.0129682
0.0129872
0.0130003
0.0130201
0.0130341
0.0130547
0.0130687
0.013088
0.0131001
0.0131168
0.0131271
0.0131425
0.0131523
0.0131675
0.0131775
0.0131931
0.0132029
0.013217
0.0132249
0.0132368
0.0132439
0.0132555
0.0132625
0.013274
0.0132804
0.0132914
0.0132974
0.0133069
0.0133119
0.0133205
0.0133254
0.0133349
0.0133398
0.0133483
0.0133518
0.0133587
0.0133625
0.0133699
0.0133735
0.0133805
0.0133826
0.0133883
0.013391
0.0133965
0.013399
0.0134041
0.013405
0.0134094
0.0134109
0.0134149
0.0134165
0.0134197
0.0134192
0.0134158
0.011798
0.0122814
0.0122941
0.0123047
0.0122936
0.0123002
0.0122907
0.0122967
0.0122884
0.0122939
0.0122869
0.0122923
0.0122863
0.012292
0.0122874
0.0122938
0.012291
0.0122988
0.0122985
0.0123087
0.0123118
0.0123253
0.0123327
0.0123505
0.0123626
0.012385
0.0124014
0.0124277
0.012447
0.012475
0.0124944
0.0125213
0.0125389
0.012563
0.0125778
0.0125991
0.0126124
0.0126331
0.0126469
0.0126684
0.0126832
0.0127056
0.0127204
0.0127415
0.0127541
0.0127723
0.0127831
0.0127999
0.0128103
0.012827
0.0128376
0.0128549
0.0128653
0.012881
0.0128894
0.0129027
0.0129104
0.0129234
0.0129311
0.0129441
0.0129512
0.0129637
0.0129704
0.0129813
0.012987
0.0129969
0.0130026
0.0130136
0.0130192
0.0130291
0.0130333
0.0130414
0.013046
0.0130548
0.0130591
0.0130674
0.0130701
0.0130769
0.0130803
0.013087
0.0130902
0.0130964
0.0130977
0.0131032
0.0131052
0.0131102
0.0131124
0.0131163
0.0131169
0.0131138
0.0117443
0.0122563
0.0122767
0.0122888
0.0122762
0.0122831
0.0122724
0.0122785
0.0122691
0.0122748
0.0122667
0.0122722
0.0122654
0.0122712
0.0122658
0.0122724
0.0122691
0.0122771
0.0122765
0.0122871
0.0122901
0.0123043
0.0123118
0.0123306
0.0123432
0.0123667
0.0123837
0.0124113
0.0124312
0.0124605
0.0124805
0.0125085
0.0125264
0.0125514
0.0125663
0.0125882
0.0126015
0.0126228
0.0126365
0.0126586
0.0126733
0.0126962
0.0127109
0.0127323
0.0127447
0.0127631
0.0127736
0.0127905
0.0128005
0.0128173
0.0128276
0.0128449
0.012855
0.0128707
0.0128787
0.0128919
0.0128992
0.0129121
0.0129194
0.0129323
0.012939
0.0129514
0.0129578
0.0129685
0.0129738
0.0129836
0.0129891
0.013
0.0130054
0.0130151
0.0130191
0.0130271
0.0130315
0.0130402
0.0130444
0.0130527
0.0130553
0.0130621
0.0130654
0.0130721
0.0130753
0.0130815
0.0130828
0.0130883
0.0130904
0.0130955
0.0130977
0.0131016
0.0131029
0.0130985
0.0117475
0.0122767
0.0122996
0.0123123
0.012299
0.0123057
0.0122944
0.0123004
0.0122905
0.012296
0.0122874
0.0122929
0.0122856
0.0122913
0.0122855
0.0122921
0.0122884
0.0122965
0.0122956
0.0123063
0.0123092
0.0123235
0.012331
0.01235
0.0123626
0.0123865
0.0124036
0.0124316
0.0124517
0.0124813
0.0125014
0.0125297
0.0125476
0.0125728
0.0125876
0.0126097
0.0126228
0.0126441
0.0126577
0.0126798
0.0126943
0.0127172
0.0127318
0.0127531
0.0127653
0.0127835
0.0127938
0.0128105
0.0128202
0.0128368
0.0128469
0.012864
0.0128738
0.0128892
0.0128969
0.0129098
0.0129168
0.0129294
0.0129364
0.012949
0.0129554
0.0129676
0.0129736
0.0129841
0.0129891
0.0129986
0.0130038
0.0130144
0.0130196
0.0130291
0.0130328
0.0130406
0.0130447
0.0130533
0.0130573
0.0130654
0.0130678
0.0130744
0.0130776
0.0130842
0.0130872
0.0130934
0.0130945
0.0131
0.013102
0.013107
0.0131093
0.0131131
0.0131146
0.0131101
0.0117472
0.0122753
0.0122977
0.0123103
0.012297
0.0123037
0.0122925
0.0122985
0.0122885
0.0122941
0.0122855
0.0122909
0.0122836
0.0122893
0.0122836
0.0122901
0.0122864
0.0122945
0.0122936
0.0123043
0.0123072
0.0123215
0.012329
0.012348
0.0123606
0.0123845
0.0124016
0.0124296
0.0124496
0.0124793
0.0124993
0.0125276
0.0125456
0.0125708
0.0125856
0.0126076
0.0126207
0.012642
0.0126556
0.0126777
0.0126922
0.0127151
0.0127296
0.012751
0.0127631
0.0127814
0.0127916
0.0128083
0.0128181
0.0128347
0.0128447
0.0128618
0.0128716
0.012887
0.0128947
0.0129076
0.0129146
0.0129272
0.0129342
0.0129468
0.0129532
0.0129654
0.0129714
0.0129818
0.0129869
0.0129964
0.0130015
0.0130122
0.0130173
0.0130268
0.0130306
0.0130383
0.0130425
0.013051
0.013055
0.0130631
0.0130655
0.0130721
0.0130753
0.0130819
0.0130849
0.0130911
0.0130922
0.0130977
0.0130997
0.0131047
0.013107
0.0131108
0.0131123
0.0131079
0.0117429
0.012251
0.0122698
0.0122815
0.0122688
0.0122757
0.012265
0.0122711
0.0122617
0.0122674
0.0122593
0.0122648
0.012258
0.0122637
0.0122584
0.012265
0.0122616
0.0122697
0.012269
0.0122797
0.0122827
0.0122968
0.0123043
0.0123231
0.0123356
0.0123592
0.0123761
0.0124037
0.0124236
0.0124528
0.0124728
0.0125008
0.0125187
0.0125437
0.0125586
0.0125805
0.0125938
0.012615
0.0126287
0.0126508
0.0126654
0.0126883
0.012703
0.0127244
0.0127368
0.0127551
0.0127657
0.0127825
0.0127925
0.0128093
0.0128196
0.0128369
0.012847
0.0128626
0.0128707
0.0128838
0.0128911
0.012904
0.0129113
0.0129241
0.0129309
0.0129433
0.0129496
0.0129603
0.0129656
0.0129754
0.0129808
0.0129917
0.0129971
0.0130069
0.0130108
0.0130188
0.0130232
0.0130319
0.0130361
0.0130444
0.0130469
0.0130537
0.013057
0.0130637
0.0130669
0.0130731
0.0130743
0.0130799
0.013082
0.013087
0.0130893
0.0130932
0.0130944
0.0130902
0.0117925
0.0122663
0.0122761
0.0122862
0.0122751
0.0122817
0.0122722
0.0122781
0.0122698
0.0122753
0.0122682
0.0122736
0.0122677
0.0122733
0.0122687
0.0122751
0.0122723
0.01228
0.0122798
0.0122899
0.012293
0.0123064
0.0123138
0.0123316
0.0123437
0.0123661
0.0123824
0.0124087
0.0124279
0.0124559
0.0124752
0.0125021
0.0125197
0.0125438
0.0125585
0.0125798
0.012593
0.0126137
0.0126274
0.012649
0.0126637
0.0126861
0.0127009
0.0127219
0.0127345
0.0127526
0.0127634
0.0127802
0.0127906
0.0128072
0.0128179
0.0128351
0.0128455
0.0128611
0.0128696
0.0128828
0.0128905
0.0129035
0.0129112
0.0129241
0.0129312
0.0129437
0.0129504
0.0129612
0.0129669
0.0129768
0.0129825
0.0129935
0.0129991
0.013009
0.0130132
0.0130212
0.0130258
0.0130346
0.0130389
0.0130472
0.0130499
0.0130567
0.0130601
0.0130668
0.01307
0.0130762
0.0130774
0.0130829
0.0130849
0.0130899
0.0130921
0.013096
0.0130966
0.0130939
0.0122519
0.0126333
0.0126312
0.0126386
0.01263
0.0126362
0.0126287
0.0126341
0.0126277
0.0126327
0.0126273
0.0126321
0.0126276
0.0126326
0.0126292
0.0126348
0.0126329
0.0126396
0.0126398
0.0126485
0.0126516
0.0126632
0.01267
0.0126855
0.0126965
0.0127161
0.012731
0.0127542
0.0127719
0.0127968
0.0128148
0.012839
0.0128555
0.0128773
0.0128914
0.0129108
0.0129235
0.0129425
0.0129556
0.0129753
0.0129893
0.0130098
0.0130238
0.0130431
0.0130551
0.0130718
0.0130822
0.0130975
0.0131073
0.0131225
0.0131325
0.0131481
0.0131578
0.013172
0.0131798
0.0131918
0.0131988
0.0132105
0.0132174
0.0132289
0.0132353
0.0132464
0.0132523
0.0132619
0.0132669
0.0132755
0.0132804
0.01329
0.0132948
0.0133033
0.0133069
0.0133138
0.0133176
0.013325
0.0133286
0.0133356
0.0133377
0.0133434
0.0133461
0.0133517
0.0133542
0.0133593
0.0133602
0.0133647
0.0133661
0.0133701
0.0133718
0.013375
0.0133744
0.0133715
0.0152258
0.015459
0.0154525
0.0154569
0.015452
0.0154563
0.0154521
0.0154558
0.0154523
0.0154555
0.0154527
0.0154557
0.0154535
0.0154566
0.015455
0.0154585
0.015458
0.0154623
0.0154632
0.015469
0.0154721
0.0154802
0.0154861
0.0154974
0.0155069
0.0155217
0.0155345
0.0155526
0.0155678
0.0155875
0.0156029
0.0156218
0.0156355
0.0156521
0.0156632
0.015677
0.0156862
0.0156988
0.0157076
0.0157202
0.0157293
0.0157423
0.0157511
0.015763
0.01577
0.0157795
0.0157847
0.0157927
0.0157971
0.0158048
0.0158091
0.0158171
0.0158212
0.0158281
0.0158308
0.0158359
0.0158379
0.0158426
0.0158445
0.0158493
0.0158509
0.0158555
0.0158569
0.0158604
0.0158612
0.0158641
0.0158649
0.0158686
0.0158697
0.0158729
0.0158731
0.0158752
0.0158757
0.0158784
0.015879
0.0158815
0.0158813
0.015883
0.0158833
0.0158851
0.0158855
0.0158871
0.0158865
0.0158879
0.0158879
0.0158891
0.0158893
0.0158904
0.015887
0.015885
0.0265472
0.0266105
0.0266094
0.0266128
0.0266108
0.0266134
0.0266118
0.0266137
0.0266124
0.0266139
0.0266129
0.0266142
0.0266135
0.0266147
0.0266142
0.0266156
0.0266158
0.0266177
0.0266187
0.0266219
0.0266246
0.0266297
0.0266347
0.0266425
0.0266504
0.0266609
0.0266707
0.0266828
0.0266928
0.026704
0.0267114
0.026719
0.0267224
0.0267256
0.0267254
0.0267253
0.0267234
0.0267232
0.0267222
0.0267235
0.0267236
0.0267261
0.0267266
0.026728
0.0267265
0.0267254
0.0267228
0.0267212
0.0267189
0.0267183
0.0267168
0.0267174
0.0267166
0.0267164
0.0267142
0.0267121
0.0267097
0.0267084
0.0267066
0.0267061
0.0267041
0.0267035
0.0267019
0.0267006
0.0266985
0.0266968
0.026695
0.0266951
0.0266941
0.0266938
0.026692
0.0266902
0.026689
0.0266889
0.0266882
0.0266883
0.0266864
0.0266851
0.0266844
0.026684
0.0266837
0.0266836
0.0266816
0.0266808
0.0266802
0.0266797
0.0266799
0.0266796
0.0266752
0.02667
)
;

boundaryField
{
    upperWall
    {
        type            zeroGradient;
    }
    lowerWall
    {
        type            zeroGradient;
    }
    heatedWall
    {
        type            zeroGradient;
    }
    inlet
    {
        type            zeroGradient;
    }
    outlet
    {
        type            zeroGradient;
    }
    frontAndBack
    {
        type            empty;
    }
}


// ************************************************************************* //
