/*--------------------------------*- C++ -*----------------------------------*\
  =========                 |
  \\      /  F ield         | OpenFOAM: The Open Source CFD Toolbox
   \\    /   O peration     | Website:  https://openfoam.org
    \\  /    A nd           | Version:  7
     \\/     M anipulation  |
\*---------------------------------------------------------------------------*/
FoamFile
{
    version     2.0;
    format      ascii;
    class       volScalarField;
    location    "1.2975";
    object      pMean;
}
// * * * * * * * * * * * * * * * * * * * * * * * * * * * * * * * * * * * * * //

dimensions      [1 -1 -2 0 0 0 0];

internalField   nonuniform List<scalar> 
4950
(
100690
100676
100681
100672
100677
100669
100673
100667
100670
100664
100666
100662
100663
100659
100661
100657
100658
100655
100655
100652
100676
100665
100670
100661
100665
100657
100661
100655
100658
100652
100655
100650
100652
100647
100649
100645
100646
100643
100643
100640
100685
100675
100680
100670
100675
100667
100671
100665
100668
100662
100664
100660
100661
100657
100659
100655
100656
100653
100654
100651
100675
100665
100670
100661
100665
100657
100661
100655
100658
100652
100654
100650
100651
100647
100649
100645
100646
100643
100642
100640
100685
100675
100680
100671
100675
100667
100671
100665
100668
100662
100664
100660
100661
100657
100659
100655
100656
100653
100654
100651
100675
100665
100670
100661
100665
100657
100661
100655
100658
100652
100654
100650
100651
100647
100649
100645
100646
100643
100642
100640
100685
100675
100680
100670
100675
100667
100671
100665
100668
100662
100664
100660
100661
100657
100659
100655
100656
100653
100654
100651
100676
100665
100670
100661
100665
100657
100661
100655
100658
100652
100655
100650
100652
100647
100649
100645
100646
100643
100643
100640
100690
100676
100681
100672
100677
100669
100673
100667
100670
100664
100666
100662
100663
100659
100661
100657
100658
100655
100655
100652
100659
100660
100654
100655
100651
100652
100649
100649
100647
100647
100645
100644
100643
100642
100641
100640
100639
100638
100637
100636
100668
100670
100665
100666
100661
100662
100659
100659
100657
100657
100655
100655
100653
100652
100651
100650
100649
100648
100648
100647
100659
100660
100655
100656
100652
100652
100649
100649
100647
100647
100645
100644
100643
100642
100641
100640
100639
100638
100636
100636
100667
100670
100665
100666
100662
100662
100659
100659
100657
100657
100655
100655
100653
100652
100651
100650
100649
100648
100648
100647
100659
100660
100655
100656
100652
100652
100649
100649
100647
100647
100645
100644
100643
100642
100641
100640
100639
100638
100636
100636
100667
100670
100665
100666
100662
100662
100659
100659
100657
100657
100655
100655
100653
100652
100651
100650
100649
100648
100648
100647
100659
100660
100655
100656
100652
100652
100649
100649
100647
100647
100645
100644
100643
100642
100641
100640
100639
100638
100636
100636
100668
100670
100665
100666
100661
100662
100659
100659
100657
100657
100655
100655
100653
100652
100651
100650
100649
100648
100648
100647
100659
100660
100654
100655
100651
100652
100649
100649
100647
100647
100645
100644
100643
100642
100641
100640
100639
100638
100637
100636
100651
100649
100648
100647
100646
100644
100643
100642
100641
100640
100639
100638
100637
100636
100635
100634
100633
100632
100631
100631
100651
100649
100648
100647
100646
100644
100643
100642
100641
100640
100639
100638
100637
100636
100635
100634
100633
100632
100631
100631
100650
100649
100648
100647
100646
100644
100643
100642
100641
100640
100639
100638
100637
100636
100635
100634
100633
100632
100631
100631
100650
100649
100648
100647
100646
100644
100643
100642
100641
100640
100639
100638
100637
100636
100635
100634
100633
100632
100631
100631
100650
100649
100648
100647
100646
100644
100643
100642
100641
100640
100639
100638
100637
100636
100635
100634
100633
100632
100631
100630
100650
100649
100648
100647
100646
100644
100643
100642
100641
100640
100639
100638
100637
100636
100635
100634
100633
100632
100631
100631
100650
100649
100648
100647
100646
100644
100643
100642
100641
100640
100639
100638
100637
100636
100635
100634
100633
100632
100631
100631
100651
100649
100648
100647
100646
100644
100643
100642
100641
100640
100639
100638
100637
100636
100635
100634
100633
100632
100631
100631
100651
100649
100648
100647
100646
100644
100643
100642
100641
100640
100639
100638
100637
100636
100635
100634
100633
100632
100631
100631
100659
100660
100654
100655
100651
100652
100649
100649
100647
100647
100645
100644
100643
100642
100641
100640
100639
100638
100637
100636
100668
100670
100665
100666
100662
100662
100659
100659
100657
100657
100655
100655
100653
100652
100651
100650
100649
100648
100648
100647
100659
100660
100655
100656
100652
100652
100649
100649
100647
100647
100645
100644
100643
100642
100641
100640
100639
100638
100636
100636
100667
100670
100665
100666
100662
100662
100659
100659
100657
100657
100655
100655
100653
100652
100651
100650
100649
100648
100648
100647
100659
100660
100655
100656
100652
100652
100649
100649
100647
100647
100645
100644
100643
100642
100641
100640
100639
100638
100636
100636
100667
100670
100665
100666
100662
100662
100659
100659
100657
100657
100655
100655
100653
100652
100651
100650
100649
100648
100648
100647
100659
100660
100655
100656
100652
100652
100649
100649
100647
100647
100645
100644
100643
100642
100641
100640
100639
100638
100636
100636
100668
100670
100665
100666
100662
100662
100659
100659
100657
100657
100655
100655
100653
100652
100651
100650
100649
100648
100648
100647
100659
100660
100654
100655
100651
100652
100649
100649
100647
100647
100645
100644
100643
100642
100641
100640
100639
100638
100637
100636
100690
100676
100681
100672
100677
100669
100673
100667
100670
100664
100666
100662
100663
100659
100661
100657
100658
100655
100655
100652
100676
100665
100670
100661
100665
100657
100661
100655
100658
100652
100655
100650
100652
100647
100649
100645
100646
100643
100643
100640
100685
100675
100680
100670
100675
100667
100671
100665
100668
100662
100664
100660
100661
100657
100659
100655
100656
100653
100654
100651
100675
100665
100670
100661
100665
100657
100661
100655
100658
100652
100654
100650
100651
100647
100649
100645
100646
100643
100642
100640
100685
100675
100680
100671
100675
100667
100671
100665
100668
100662
100664
100660
100661
100657
100659
100655
100656
100653
100654
100651
100675
100665
100670
100661
100665
100657
100661
100655
100658
100652
100654
100650
100651
100647
100649
100645
100646
100643
100642
100640
100685
100675
100680
100670
100675
100667
100671
100665
100668
100662
100664
100660
100661
100657
100659
100655
100656
100653
100654
100651
100676
100665
100670
100661
100665
100657
100661
100655
100658
100652
100655
100650
100652
100647
100649
100645
100646
100643
100643
100640
100690
100676
100681
100672
100677
100669
100673
100667
100670
100664
100666
100662
100663
100659
100661
100657
100658
100655
100655
100652
100668
100652
100652
100637
100636
100622
100621
100608
100606
100594
100591
100580
100577
100566
100563
100552
100548
100538
100534
100525
100520
100511
100506
100497
100492
100483
100478
100469
100464
100456
100450
100442
100436
100428
100423
100414
100409
100400
100395
100386
100380
100372
100366
100358
100352
100344
100338
100330
100324
100316
100310
100302
100296
100288
100282
100274
100268
100260
100253
100246
100239
100232
100225
100217
100211
100203
100196
100189
100182
100175
100168
100160
100154
100146
100139
100132
100125
100118
100111
100103
100096
100089
100082
100075
100068
100061
100054
100046
100039
100032
100636
100619
100619
100604
100603
100589
100587
100575
100572
100561
100558
100547
100543
100533
100529
100519
100515
100505
100501
100491
100487
100477
100473
100464
100459
100450
100445
100436
100431
100422
100417
100409
100403
100395
100389
100381
100375
100367
100361
100353
100347
100339
100333
100325
100319
100311
100305
100297
100291
100283
100277
100269
100263
100255
100249
100241
100234
100227
100220
100213
100206
100198
100192
100184
100177
100170
100163
100156
100149
100141
100135
100127
100120
100113
100106
100099
100092
100084
100077
100070
100063
100056
100049
100042
100035
100027
100020
100013
100006
99999.4
100662
100646
100646
100631
100630
100617
100615
100602
100600
100588
100585
100574
100571
100560
100557
100546
100542
100532
100528
100519
100514
100505
100500
100491
100486
100477
100472
100464
100459
100450
100445
100436
100431
100422
100417
100408
100403
100394
100389
100380
100375
100366
100361
100352
100346
100338
100332
100324
100318
100310
100304
100296
100290
100282
100276
100268
100262
100254
100247
100240
100233
100226
100219
100211
100205
100197
100191
100183
100176
100169
100162
100155
100148
100140
100133
100126
100119
100112
100105
100097
100090
100083
100076
100069
100062
100055
100048
100041
100033
100026
100636
100619
100618
100603
100602
100589
100587
100574
100572
100560
100557
100546
100543
100532
100529
100518
100515
100505
100501
100491
100487
100477
100473
100463
100459
100449
100445
100436
100431
100422
100417
100408
100403
100394
100389
100380
100375
100366
100361
100353
100347
100339
100333
100325
100319
100311
100305
100297
100291
100283
100276
100269
100262
100254
100248
100240
100234
100226
100220
100212
100206
100198
100191
100184
100177
100170
100163
100155
100149
100141
100134
100127
100120
100113
100106
100098
100091
100084
100077
100070
100063
100056
100048
100041
100034
100027
100020
100013
100006
99999.1
100661
100645
100645
100631
100630
100616
100614
100602
100600
100588
100585
100574
100571
100560
100556
100546
100542
100532
100528
100518
100514
100505
100500
100491
100486
100477
100472
100463
100458
100449
100444
100436
100430
100422
100416
100408
100402
100394
100388
100380
100374
100366
100360
100352
100346
100338
100332
100324
100318
100310
100304
100296
100290
100282
100276
100268
100261
100254
100247
100240
100233
100225
100219
100211
100205
100197
100190
100183
100176
100169
100162
100154
100147
100140
100133
100126
100119
100112
100105
100097
100090
100083
100076
100069
100062
100054
100047
100040
100033
100026
100636
100619
100618
100603
100602
100589
100587
100574
100572
100560
100557
100546
100543
100532
100529
100518
100515
100505
100501
100491
100487
100477
100473
100463
100459
100450
100445
100436
100431
100422
100417
100408
100403
100394
100389
100380
100375
100367
100361
100353
100347
100339
100333
100325
100319
100311
100305
100297
100291
100283
100276
100269
100262
100255
100248
100240
100234
100226
100220
100212
100206
100198
100191
100184
100177
100170
100163
100155
100149
100141
100134
100127
100120
100113
100106
100098
100091
100084
100077
100070
100063
100056
100049
100041
100034
100027
100020
100013
100006
99999.1
100662
100646
100646
100631
100630
100617
100615
100602
100600
100588
100585
100574
100571
100560
100557
100546
100542
100532
100528
100519
100514
100505
100500
100491
100486
100477
100472
100463
100458
100450
100444
100436
100431
100422
100417
100408
100403
100394
100389
100380
100375
100366
100360
100352
100346
100338
100332
100324
100318
100310
100304
100296
100290
100282
100276
100268
100262
100254
100247
100240
100233
100226
100219
100211
100205
100197
100190
100183
100176
100169
100162
100155
100148
100140
100133
100126
100119
100112
100105
100097
100090
100083
100076
100069
100062
100055
100048
100040
100033
100026
100636
100619
100619
100604
100603
100589
100587
100575
100573
100561
100558
100547
100544
100533
100529
100519
100515
100505
100501
100491
100487
100478
100473
100464
100459
100450
100445
100436
100431
100422
100417
100409
100403
100395
100389
100381
100375
100367
100361
100353
100347
100339
100333
100325
100319
100311
100305
100297
100291
100283
100277
100269
100263
100255
100249
100241
100234
100227
100220
100213
100206
100198
100192
100184
100178
100170
100163
100156
100149
100142
100135
100127
100120
100113
100106
100099
100092
100085
100078
100070
100063
100056
100049
100042
100035
100028
100021
100013
100007
99999.5
100668
100652
100652
100637
100636
100622
100620
100608
100606
100594
100591
100580
100577
100566
100562
100552
100548
100538
100534
100524
100520
100511
100506
100497
100492
100483
100478
100469
100464
100455
100450
100442
100436
100428
100422
100414
100408
100400
100394
100386
100380
100372
100366
100358
100352
100344
100338
100330
100324
100316
100310
100302
100296
100288
100282
100274
100267
100260
100253
100246
100239
100231
100225
100217
100210
100203
100196
100189
100182
100174
100168
100160
100153
100146
100139
100132
100125
100117
100110
100103
100096
100089
100082
100075
100068
100060
100053
100046
100039
100032
100621
100611
100608
100598
100596
100585
100583
100572
100570
100559
100556
100546
100543
100533
100530
100520
100516
100506
100502
100493
100489
100479
100475
100466
100461
100452
100447
100439
100434
100425
100420
100411
100406
100397
100392
100384
100378
100370
100364
100356
100350
100342
100336
100328
100322
100314
100308
100300
100294
100286
100280
100272
100266
100258
100251
100244
100237
100230
100223
100215
100209
100201
100195
100187
100180
100173
100166
100159
100152
100144
100138
100130
100123
100116
100109
100102
100095
100087
100080
100073
100066
100059
100051
100044
100037
100030
100023
100015
100008
100001
100650
100640
100638
100628
100625
100615
100613
100602
100599
100589
100586
100576
100573
100563
100559
100549
100546
100536
100532
100523
100518
100509
100505
100496
100491
100482
100477
100468
100463
100455
100450
100441
100436
100427
100422
100413
100408
100399
100394
100386
100380
100372
100366
100358
100352
100344
100338
100330
100324
100316
100309
100302
100295
100287
100281
100273
100267
100259
100253
100245
100238
100231
100224
100217
100210
100202
100196
100188
100181
100174
100167
100160
100153
100145
100138
100131
100124
100117
100110
100103
100095
100088
100081
100074
100067
100059
100052
100045
100037
100030
100623
100612
100609
100599
100597
100586
100584
100573
100571
100560
100557
100547
100544
100534
100531
100521
100517
100507
100503
100494
100490
100480
100476
100467
100462
100453
100448
100440
100435
100426
100421
100412
100407
100398
100393
100385
100379
100371
100365
100357
100351
100343
100337
100329
100323
100315
100309
100301
100295
100287
100281
100273
100267
100259
100252
100245
100238
100231
100224
100216
100210
100202
100196
100188
100181
100174
100167
100160
100153
100145
100139
100131
100124
100117
100110
100103
100096
100088
100081
100074
100067
100060
100052
100045
100038
100031
100024
100016
100009
100002
100650
100639
100637
100627
100625
100615
100612
100602
100599
100589
100586
100576
100572
100562
100559
100549
100545
100536
100532
100522
100518
100509
100504
100495
100491
100482
100477
100468
100463
100454
100449
100440
100435
100427
100421
100413
100407
100399
100393
100385
100379
100371
100365
100357
100351
100343
100337
100329
100323
100315
100309
100301
100295
100287
100281
100273
100267
100259
100252
100245
100238
100231
100224
100216
100210
100202
100195
100188
100181
100174
100167
100159
100152
100145
100138
100131
100124
100116
100109
100102
100095
100088
100081
100073
100066
100059
100052
100045
100037
100030
100624
100612
100610
100599
100597
100587
100584
100574
100571
100561
100558
100548
100544
100534
100531
100521
100517
100508
100504
100494
100490
100481
100476
100467
100463
100454
100449
100440
100435
100426
100421
100412
100407
100399
100393
100385
100379
100371
100365
100357
100351
100343
100337
100329
100323
100315
100309
100301
100295
100287
100281
100273
100267
100259
100253
100245
100239
100231
100224
100217
100210
100203
100196
100188
100182
100174
100167
100160
100153
100146
100139
100131
100125
100117
100110
100103
100096
100089
100081
100074
100067
100060
100053
100046
100038
100031
100024
100017
100010
100002
100650
100639
100637
100627
100625
100614
100612
100602
100599
100589
100586
100576
100572
100562
100559
100549
100545
100536
100532
100522
100518
100509
100504
100495
100491
100481
100477
100468
100463
100454
100449
100440
100435
100427
100421
100413
100407
100399
100393
100385
100379
100371
100365
100357
100351
100343
100337
100329
100323
100315
100309
100301
100295
100287
100281
100273
100266
100259
100252
100245
100238
100230
100224
100216
100210
100202
100195
100188
100181
100174
100167
100159
100152
100145
100138
100131
100124
100116
100109
100102
100095
100088
100081
100073
100066
100059
100052
100045
100037
100030
100623
100612
100609
100599
100597
100586
100584
100573
100571
100560
100558
100547
100544
100534
100531
100521
100517
100507
100503
100494
100490
100480
100476
100467
100462
100453
100449
100440
100435
100426
100421
100412
100407
100398
100393
100385
100379
100371
100365
100357
100351
100343
100337
100329
100323
100315
100309
100301
100295
100287
100281
100273
100267
100259
100253
100245
100238
100231
100224
100217
100210
100202
100196
100188
100181
100174
100167
100160
100153
100145
100139
100131
100124
100117
100110
100103
100096
100088
100081
100074
100067
100060
100052
100045
100038
100031
100024
100016
100009
100002
100650
100640
100638
100627
100625
100615
100612
100602
100599
100589
100586
100576
100573
100563
100559
100549
100546
100536
100532
100522
100518
100509
100505
100495
100491
100482
100477
100468
100463
100454
100449
100441
100435
100427
100421
100413
100408
100399
100394
100385
100380
100371
100366
100357
100351
100343
100337
100329
100323
100315
100309
100301
100295
100287
100281
100273
100267
100259
100253
100245
100238
100231
100224
100217
100210
100202
100196
100188
100181
100174
100167
100160
100153
100145
100138
100131
100124
100117
100110
100102
100095
100088
100081
100074
100066
100059
100052
100045
100037
100030
100621
100611
100608
100598
100596
100585
100583
100573
100570
100560
100557
100546
100543
100533
100530
100520
100516
100506
100503
100493
100489
100480
100475
100466
100461
100452
100448
100439
100434
100425
100420
100411
100406
100398
100392
100384
100378
100370
100364
100356
100350
100342
100336
100328
100322
100314
100308
100300
100294
100286
100280
100272
100266
100258
100252
100244
100237
100230
100223
100216
100209
100201
100195
100187
100180
100173
100166
100159
100152
100144
100138
100130
100123
100116
100109
100102
100095
100087
100080
100073
100066
100059
100052
100044
100037
100030
100023
100016
100008
100001
100628
100619
100615
100607
100604
100595
100592
100582
100579
100570
100567
100557
100554
100545
100541
100532
100528
100519
100515
100505
100501
100492
100488
100479
100474
100465
100461
100452
100447
100438
100433
100424
100419
100411
100405
100397
100391
100383
100377
100369
100363
100355
100349
100341
100335
100327
100321
100313
100307
100299
100293
100285
100279
100271
100265
100257
100251
100243
100236
100229
100222
100215
100208
100200
100194
100186
100179
100172
100165
100158
100151
100143
100137
100129
100122
100115
100108
100101
100093
100086
100079
100072
100065
100057
100050
100043
100036
100029
100021
100014
100628
100619
100616
100607
100604
100595
100592
100583
100580
100570
100567
100558
100554
100545
100541
100532
100528
100519
100515
100506
100502
100492
100488
100479
100474
100465
100461
100452
100447
100438
100433
100425
100419
100411
100406
100397
100392
100383
100378
100369
100364
100356
100350
100342
100336
100328
100322
100314
100308
100300
100293
100286
100279
100272
100265
100257
100251
100243
100237
100229
100223
100215
100208
100201
100194
100186
100180
100172
100165
100158
100151
100144
100137
100129
100122
100115
100108
100101
100094
100086
100079
100072
100065
100058
100050
100043
100036
100029
100022
100014
100627
100618
100615
100606
100604
100594
100592
100582
100579
100570
100567
100557
100554
100544
100541
100532
100528
100518
100515
100505
100501
100492
100488
100479
100474
100465
100460
100452
100447
100438
100433
100424
100419
100411
100405
100397
100391
100383
100377
100369
100363
100355
100349
100341
100335
100327
100321
100313
100307
100299
100293
100285
100279
100271
100265
100257
100251
100243
100236
100229
100222
100215
100208
100200
100194
100186
100179
100172
100165
100158
100151
100143
100136
100129
100122
100115
100108
100100
100093
100086
100079
100072
100064
100057
100050
100043
100036
100028
100021
100014
100628
100619
100616
100607
100604
100595
100592
100583
100580
100570
100567
100558
100554
100545
100541
100532
100528
100519
100515
100506
100502
100492
100488
100479
100475
100466
100461
100452
100447
100438
100433
100425
100420
100411
100406
100397
100392
100383
100378
100370
100364
100356
100350
100342
100336
100328
100322
100314
100308
100300
100294
100286
100279
100272
100265
100257
100251
100243
100237
100229
100223
100215
100208
100201
100194
100187
100180
100172
100166
100158
100151
100144
100137
100130
100123
100115
100108
100101
100094
100087
100079
100072
100065
100058
100051
100043
100036
100029
100022
100015
100627
100618
100615
100606
100603
100594
100592
100582
100579
100570
100567
100557
100554
100544
100541
100531
100528
100518
100514
100505
100501
100492
100488
100479
100474
100465
100460
100451
100447
100438
100433
100424
100419
100410
100405
100397
100391
100383
100377
100369
100363
100355
100349
100341
100335
100327
100321
100313
100307
100299
100293
100285
100279
100271
100265
100257
100250
100243
100236
100229
100222
100214
100208
100200
100194
100186
100179
100172
100165
100158
100151
100143
100136
100129
100122
100115
100108
100100
100093
100086
100079
100072
100064
100057
100050
100043
100036
100028
100021
100014
100628
100619
100616
100607
100604
100595
100592
100583
100580
100570
100567
100558
100554
100545
100541
100532
100528
100519
100515
100506
100502
100492
100488
100479
100475
100466
100461
100452
100447
100438
100433
100425
100420
100411
100406
100397
100392
100383
100378
100370
100364
100356
100350
100342
100336
100328
100322
100314
100308
100300
100294
100286
100279
100272
100265
100257
100251
100243
100237
100229
100223
100215
100208
100201
100194
100187
100180
100172
100166
100158
100151
100144
100137
100130
100123
100115
100108
100101
100094
100087
100079
100072
100065
100058
100051
100043
100036
100029
100022
100015
100627
100618
100615
100606
100604
100594
100592
100582
100579
100570
100567
100557
100554
100544
100541
100532
100528
100518
100515
100505
100501
100492
100488
100479
100474
100465
100460
100452
100447
100438
100433
100424
100419
100411
100405
100397
100391
100383
100377
100369
100363
100355
100349
100341
100335
100327
100321
100313
100307
100299
100293
100285
100279
100271
100265
100257
100251
100243
100236
100229
100222
100215
100208
100200
100194
100186
100179
100172
100165
100158
100151
100143
100136
100129
100122
100115
100108
100100
100093
100086
100079
100072
100064
100057
100050
100043
100036
100028
100021
100014
100628
100619
100616
100607
100604
100595
100592
100583
100580
100570
100567
100558
100554
100545
100541
100532
100528
100519
100515
100506
100501
100492
100488
100479
100474
100465
100461
100452
100447
100438
100433
100425
100419
100411
100406
100397
100392
100383
100378
100369
100364
100356
100350
100342
100336
100328
100322
100314
100308
100300
100293
100286
100279
100271
100265
100257
100251
100243
100237
100229
100222
100215
100208
100201
100194
100186
100180
100172
100165
100158
100151
100144
100137
100129
100122
100115
100108
100101
100094
100086
100079
100072
100065
100058
100050
100043
100036
100029
100022
100014
100628
100618
100615
100607
100604
100595
100592
100582
100579
100570
100567
100557
100554
100545
100541
100532
100528
100519
100515
100505
100501
100492
100488
100479
100474
100465
100460
100452
100447
100438
100433
100424
100419
100411
100405
100397
100391
100383
100377
100369
100363
100355
100349
100341
100335
100327
100321
100313
100307
100299
100293
100285
100279
100271
100265
100257
100251
100243
100236
100229
100222
100215
100208
100200
100194
100186
100179
100172
100165
100158
100151
100143
100137
100129
100122
100115
100108
100101
100093
100086
100079
100072
100065
100057
100050
100043
100036
100029
100021
100014
100621
100611
100608
100598
100596
100585
100583
100572
100570
100559
100556
100546
100543
100533
100530
100520
100516
100506
100502
100493
100489
100479
100475
100466
100461
100452
100447
100439
100434
100425
100420
100411
100406
100397
100392
100384
100378
100370
100364
100356
100350
100342
100336
100328
100322
100314
100308
100300
100294
100286
100280
100272
100266
100258
100251
100244
100237
100230
100223
100215
100209
100201
100195
100187
100180
100173
100166
100159
100152
100144
100138
100130
100123
100116
100109
100102
100095
100087
100080
100073
100066
100059
100051
100044
100037
100030
100023
100015
100008
100001
100650
100640
100638
100628
100625
100615
100613
100602
100599
100589
100586
100576
100573
100563
100559
100549
100546
100536
100532
100523
100518
100509
100505
100496
100491
100482
100477
100468
100463
100455
100450
100441
100436
100427
100422
100413
100408
100399
100394
100386
100380
100372
100366
100358
100352
100344
100338
100330
100324
100316
100309
100302
100295
100287
100281
100273
100267
100259
100253
100245
100238
100231
100224
100217
100210
100202
100196
100188
100181
100174
100167
100160
100153
100145
100138
100131
100124
100117
100110
100103
100095
100088
100081
100074
100067
100059
100052
100045
100037
100030
100623
100612
100609
100599
100597
100586
100584
100573
100571
100560
100557
100547
100544
100534
100531
100521
100517
100507
100503
100494
100490
100480
100476
100467
100462
100453
100448
100440
100435
100426
100421
100412
100407
100398
100393
100385
100379
100371
100365
100357
100351
100343
100337
100329
100323
100315
100309
100301
100295
100287
100281
100273
100267
100259
100252
100245
100238
100231
100224
100216
100210
100202
100196
100188
100181
100174
100167
100160
100153
100145
100139
100131
100124
100117
100110
100103
100096
100088
100081
100074
100067
100060
100052
100045
100038
100031
100024
100016
100009
100002
100650
100639
100637
100627
100625
100615
100612
100602
100599
100589
100586
100576
100572
100562
100559
100549
100545
100536
100532
100522
100518
100509
100504
100495
100491
100482
100477
100468
100463
100454
100449
100440
100435
100427
100421
100413
100407
100399
100393
100385
100379
100371
100365
100357
100351
100343
100337
100329
100323
100315
100309
100301
100295
100287
100281
100273
100267
100259
100252
100245
100238
100231
100224
100216
100210
100202
100195
100188
100181
100174
100167
100159
100152
100145
100138
100131
100124
100116
100109
100102
100095
100088
100081
100073
100066
100059
100052
100045
100037
100030
100624
100612
100610
100599
100597
100587
100584
100574
100571
100561
100558
100548
100544
100534
100531
100521
100517
100508
100504
100494
100490
100481
100476
100467
100463
100454
100449
100440
100435
100426
100421
100412
100407
100399
100393
100385
100379
100371
100365
100357
100351
100343
100337
100329
100323
100315
100309
100301
100295
100287
100281
100273
100267
100259
100253
100245
100239
100231
100224
100217
100210
100203
100196
100188
100182
100174
100167
100160
100153
100146
100139
100131
100125
100117
100110
100103
100096
100089
100081
100074
100067
100060
100053
100046
100038
100031
100024
100017
100010
100002
100650
100639
100637
100627
100625
100614
100612
100602
100599
100589
100586
100576
100572
100562
100559
100549
100545
100536
100532
100522
100518
100509
100504
100495
100491
100481
100477
100468
100463
100454
100449
100440
100435
100427
100421
100413
100407
100399
100393
100385
100379
100371
100365
100357
100351
100343
100337
100329
100323
100315
100309
100301
100295
100287
100281
100273
100266
100259
100252
100245
100238
100230
100224
100216
100210
100202
100195
100188
100181
100174
100167
100159
100152
100145
100138
100131
100124
100116
100109
100102
100095
100088
100081
100073
100066
100059
100052
100045
100037
100030
100623
100612
100609
100599
100597
100586
100584
100573
100571
100560
100558
100547
100544
100534
100531
100521
100517
100507
100503
100494
100490
100480
100476
100467
100462
100453
100449
100440
100435
100426
100421
100412
100407
100398
100393
100385
100379
100371
100365
100357
100351
100343
100337
100329
100323
100315
100309
100301
100295
100287
100281
100273
100267
100259
100253
100245
100238
100231
100224
100217
100210
100202
100196
100188
100181
100174
100167
100160
100153
100145
100139
100131
100124
100117
100110
100103
100096
100088
100081
100074
100067
100060
100052
100045
100038
100031
100024
100016
100009
100002
100650
100640
100638
100627
100625
100615
100612
100602
100599
100589
100586
100576
100573
100563
100559
100549
100546
100536
100532
100522
100518
100509
100505
100495
100491
100482
100477
100468
100463
100454
100449
100441
100435
100427
100421
100413
100408
100399
100394
100385
100380
100371
100366
100357
100351
100343
100337
100329
100323
100315
100309
100301
100295
100287
100281
100273
100267
100259
100253
100245
100238
100231
100224
100217
100210
100202
100196
100188
100181
100174
100167
100160
100153
100145
100138
100131
100124
100117
100110
100102
100095
100088
100081
100074
100066
100059
100052
100045
100037
100030
100621
100611
100608
100598
100596
100585
100583
100573
100570
100560
100557
100546
100543
100533
100530
100520
100516
100506
100503
100493
100489
100480
100475
100466
100461
100452
100448
100439
100434
100425
100420
100411
100406
100398
100392
100384
100378
100370
100364
100356
100350
100342
100336
100328
100322
100314
100308
100300
100294
100286
100280
100272
100266
100258
100252
100244
100237
100230
100223
100216
100209
100201
100195
100187
100180
100173
100166
100159
100152
100144
100138
100130
100123
100116
100109
100102
100095
100087
100080
100073
100066
100059
100052
100044
100037
100030
100023
100016
100008
100001
100668
100652
100652
100637
100636
100622
100621
100608
100606
100594
100591
100580
100577
100566
100563
100552
100548
100538
100534
100525
100520
100511
100506
100497
100492
100483
100478
100469
100464
100456
100450
100442
100436
100428
100423
100414
100409
100400
100395
100386
100380
100372
100366
100358
100352
100344
100338
100330
100324
100316
100310
100302
100296
100288
100282
100274
100268
100260
100253
100246
100239
100232
100225
100217
100211
100203
100196
100189
100182
100175
100168
100160
100154
100146
100139
100132
100125
100118
100111
100103
100096
100089
100082
100075
100068
100061
100054
100046
100039
100032
100636
100619
100619
100604
100603
100589
100587
100575
100572
100561
100558
100547
100543
100533
100529
100519
100515
100505
100501
100491
100487
100477
100473
100464
100459
100450
100445
100436
100431
100422
100417
100409
100403
100395
100389
100381
100375
100367
100361
100353
100347
100339
100333
100325
100319
100311
100305
100297
100291
100283
100277
100269
100263
100255
100249
100241
100234
100227
100220
100213
100206
100198
100192
100184
100177
100170
100163
100156
100149
100141
100135
100127
100120
100113
100106
100099
100092
100084
100077
100070
100063
100056
100049
100042
100035
100027
100020
100013
100006
99999.4
100662
100646
100646
100631
100630
100617
100615
100602
100600
100588
100585
100574
100571
100560
100557
100546
100542
100532
100528
100519
100514
100505
100500
100491
100486
100477
100472
100464
100459
100450
100445
100436
100431
100422
100417
100408
100403
100394
100389
100380
100375
100366
100361
100352
100346
100338
100332
100324
100318
100310
100304
100296
100290
100282
100276
100268
100262
100254
100247
100240
100233
100226
100219
100211
100205
100197
100191
100183
100176
100169
100162
100155
100148
100140
100133
100126
100119
100112
100105
100097
100090
100083
100076
100069
100062
100055
100048
100041
100033
100026
100636
100619
100618
100603
100602
100589
100587
100574
100572
100560
100557
100546
100543
100532
100529
100518
100515
100505
100501
100491
100487
100477
100473
100463
100459
100449
100445
100436
100431
100422
100417
100408
100403
100394
100389
100380
100375
100366
100361
100353
100347
100339
100333
100325
100319
100311
100305
100297
100291
100283
100276
100269
100262
100254
100248
100240
100234
100226
100220
100212
100206
100198
100191
100184
100177
100170
100163
100155
100149
100141
100134
100127
100120
100113
100106
100098
100091
100084
100077
100070
100063
100056
100048
100041
100034
100027
100020
100013
100006
99999.1
100661
100645
100645
100631
100630
100616
100614
100602
100600
100588
100585
100574
100571
100560
100556
100546
100542
100532
100528
100518
100514
100505
100500
100491
100486
100477
100472
100463
100458
100449
100444
100436
100430
100422
100416
100408
100402
100394
100388
100380
100374
100366
100360
100352
100346
100338
100332
100324
100318
100310
100304
100296
100290
100282
100276
100268
100261
100254
100247
100240
100233
100225
100219
100211
100205
100197
100190
100183
100176
100169
100162
100154
100147
100140
100133
100126
100119
100112
100105
100097
100090
100083
100076
100069
100062
100054
100047
100040
100033
100026
100636
100619
100618
100603
100602
100589
100587
100574
100572
100560
100557
100546
100543
100532
100529
100518
100515
100505
100501
100491
100487
100477
100473
100463
100459
100450
100445
100436
100431
100422
100417
100408
100403
100394
100389
100380
100375
100367
100361
100353
100347
100339
100333
100325
100319
100311
100305
100297
100291
100283
100276
100269
100262
100255
100248
100240
100234
100226
100220
100212
100206
100198
100191
100184
100177
100170
100163
100155
100149
100141
100134
100127
100120
100113
100106
100098
100091
100084
100077
100070
100063
100056
100049
100041
100034
100027
100020
100013
100006
99999.1
100662
100646
100646
100631
100630
100617
100615
100602
100600
100588
100585
100574
100571
100560
100557
100546
100542
100532
100528
100519
100514
100505
100500
100491
100486
100477
100472
100463
100458
100450
100445
100436
100431
100422
100417
100408
100403
100394
100389
100380
100375
100366
100360
100352
100346
100338
100332
100324
100318
100310
100304
100296
100290
100282
100276
100268
100262
100254
100247
100240
100233
100226
100219
100211
100205
100197
100190
100183
100176
100169
100162
100155
100148
100140
100133
100126
100119
100112
100105
100097
100090
100083
100076
100069
100062
100055
100048
100040
100033
100026
100636
100619
100619
100604
100603
100589
100587
100575
100573
100561
100558
100547
100544
100533
100529
100519
100515
100505
100501
100491
100487
100478
100473
100464
100459
100450
100445
100436
100431
100422
100417
100409
100403
100395
100389
100381
100375
100367
100361
100353
100347
100339
100333
100325
100319
100311
100305
100297
100291
100283
100277
100269
100263
100255
100249
100241
100234
100227
100220
100213
100206
100198
100192
100184
100178
100170
100163
100156
100149
100142
100135
100127
100120
100113
100106
100099
100092
100085
100078
100070
100063
100056
100049
100042
100035
100028
100021
100013
100007
99999.5
100668
100652
100652
100637
100636
100622
100620
100608
100606
100594
100591
100580
100577
100566
100562
100552
100548
100538
100534
100524
100520
100511
100506
100497
100492
100483
100478
100469
100464
100455
100450
100442
100436
100428
100422
100414
100408
100400
100394
100386
100380
100372
100366
100358
100352
100344
100338
100330
100324
100316
100310
100302
100296
100288
100282
100274
100267
100260
100253
100246
100239
100231
100225
100217
100210
100203
100196
100189
100182
100174
100168
100160
100153
100146
100139
100132
100125
100117
100110
100103
100096
100089
100082
100075
100068
100060
100053
100046
100039
100032
)
;

boundaryField
{
    upperWall
    {
        type            calculated;
        value           nonuniform List<scalar> 
550
(
100690
100659
100651
100659
100690
100676
100660
100649
100660
100676
100681
100654
100648
100654
100681
100672
100655
100647
100655
100672
100677
100651
100646
100651
100677
100669
100652
100644
100652
100669
100673
100649
100643
100649
100673
100667
100649
100642
100649
100667
100670
100647
100641
100647
100670
100664
100647
100640
100647
100664
100666
100645
100639
100645
100666
100662
100644
100638
100644
100662
100663
100643
100637
100643
100663
100659
100642
100636
100642
100659
100661
100641
100635
100641
100661
100657
100640
100634
100640
100657
100658
100639
100633
100639
100658
100655
100638
100632
100638
100655
100655
100637
100631
100637
100655
100652
100636
100631
100636
100652
100668
100621
100628
100621
100668
100652
100611
100618
100611
100652
100652
100608
100615
100608
100652
100637
100598
100607
100598
100637
100636
100596
100604
100596
100636
100622
100585
100595
100585
100622
100620
100583
100592
100583
100620
100608
100573
100582
100573
100608
100606
100570
100579
100570
100606
100594
100560
100570
100560
100594
100591
100557
100567
100557
100591
100580
100546
100557
100546
100580
100577
100543
100554
100543
100577
100566
100533
100545
100533
100566
100562
100530
100541
100530
100562
100552
100520
100532
100520
100552
100548
100516
100528
100516
100548
100538
100506
100519
100506
100538
100534
100503
100515
100503
100534
100524
100493
100505
100493
100524
100520
100489
100501
100489
100520
100511
100480
100492
100480
100511
100506
100475
100488
100475
100506
100497
100466
100479
100466
100497
100492
100461
100474
100461
100492
100483
100452
100465
100452
100483
100478
100448
100460
100448
100478
100469
100439
100452
100439
100469
100464
100434
100447
100434
100464
100455
100425
100438
100425
100455
100450
100420
100433
100420
100450
100442
100411
100424
100411
100442
100436
100406
100419
100406
100436
100428
100398
100411
100398
100428
100422
100392
100405
100392
100422
100414
100384
100397
100384
100414
100408
100378
100391
100378
100408
100400
100370
100383
100370
100400
100394
100364
100377
100364
100394
100386
100356
100369
100356
100386
100380
100350
100363
100350
100380
100372
100342
100355
100342
100372
100366
100336
100349
100336
100366
100358
100328
100341
100328
100358
100352
100322
100335
100322
100352
100344
100314
100327
100314
100344
100338
100308
100321
100308
100338
100330
100300
100313
100300
100330
100324
100294
100307
100294
100324
100316
100286
100299
100286
100316
100310
100280
100293
100280
100310
100302
100272
100285
100272
100302
100296
100266
100279
100266
100296
100288
100258
100271
100258
100288
100282
100252
100265
100252
100282
100274
100244
100257
100244
100274
100267
100237
100251
100237
100267
100260
100230
100243
100230
100260
100253
100223
100236
100223
100253
100246
100216
100229
100216
100246
100239
100209
100222
100209
100239
100231
100201
100215
100201
100231
100225
100195
100208
100195
100225
100217
100187
100200
100187
100217
100210
100180
100194
100180
100210
100203
100173
100186
100173
100203
100196
100166
100179
100166
100196
100189
100159
100172
100159
100189
100182
100152
100165
100152
100182
100174
100144
100158
100144
100174
100168
100138
100151
100138
100168
100160
100130
100143
100130
100160
100153
100123
100137
100123
100153
100146
100116
100129
100116
100146
100139
100109
100122
100109
100139
100132
100102
100115
100102
100132
100125
100095
100108
100095
100125
100117
100087
100101
100087
100117
100110
100080
100093
100080
100110
100103
100073
100086
100073
100103
100096
100066
100079
100066
100096
100089
100059
100072
100059
100089
100082
100052
100065
100052
100082
100075
100044
100057
100044
100075
100068
100037
100050
100037
100068
100060
100030
100043
100030
100060
100053
100023
100036
100023
100053
100046
100016
100029
100016
100046
100039
100008
100021
100008
100039
100032
100001
100014
100001
100032
)
;
    }
    lowerWall
    {
        type            calculated;
        value           nonuniform List<scalar> 
100
(
100690
100659
100651
100659
100690
100676
100660
100649
100660
100676
100681
100654
100648
100654
100681
100672
100655
100647
100655
100672
100677
100651
100646
100651
100677
100669
100652
100644
100652
100669
100673
100649
100643
100649
100673
100667
100649
100642
100649
100667
100670
100647
100641
100647
100670
100664
100647
100640
100647
100664
100666
100645
100639
100645
100666
100662
100644
100638
100644
100662
100663
100643
100637
100643
100663
100659
100642
100636
100642
100659
100661
100641
100635
100641
100661
100657
100640
100634
100640
100657
100658
100639
100633
100639
100658
100655
100638
100632
100638
100655
100655
100637
100631
100637
100655
100652
100636
100631
100636
100652
)
;
    }
    heatedWall
    {
        type            calculated;
        value           nonuniform List<scalar> 
450
(
100668
100621
100628
100621
100668
100652
100611
100619
100611
100652
100652
100608
100615
100608
100652
100637
100598
100607
100598
100637
100636
100596
100604
100596
100636
100622
100585
100595
100585
100622
100621
100583
100592
100583
100621
100608
100572
100582
100572
100608
100606
100570
100579
100570
100606
100594
100559
100570
100559
100594
100591
100556
100567
100556
100591
100580
100546
100557
100546
100580
100577
100543
100554
100543
100577
100566
100533
100545
100533
100566
100563
100530
100541
100530
100563
100552
100520
100532
100520
100552
100548
100516
100528
100516
100548
100538
100506
100519
100506
100538
100534
100502
100515
100502
100534
100525
100493
100505
100493
100525
100520
100489
100501
100489
100520
100511
100479
100492
100479
100511
100506
100475
100488
100475
100506
100497
100466
100479
100466
100497
100492
100461
100474
100461
100492
100483
100452
100465
100452
100483
100478
100447
100461
100447
100478
100469
100439
100452
100439
100469
100464
100434
100447
100434
100464
100456
100425
100438
100425
100456
100450
100420
100433
100420
100450
100442
100411
100424
100411
100442
100436
100406
100419
100406
100436
100428
100397
100411
100397
100428
100423
100392
100405
100392
100423
100414
100384
100397
100384
100414
100409
100378
100391
100378
100409
100400
100370
100383
100370
100400
100395
100364
100377
100364
100395
100386
100356
100369
100356
100386
100380
100350
100363
100350
100380
100372
100342
100355
100342
100372
100366
100336
100349
100336
100366
100358
100328
100341
100328
100358
100352
100322
100335
100322
100352
100344
100314
100327
100314
100344
100338
100308
100321
100308
100338
100330
100300
100313
100300
100330
100324
100294
100307
100294
100324
100316
100286
100299
100286
100316
100310
100280
100293
100280
100310
100302
100272
100285
100272
100302
100296
100266
100279
100266
100296
100288
100258
100271
100258
100288
100282
100251
100265
100251
100282
100274
100244
100257
100244
100274
100268
100237
100251
100237
100268
100260
100230
100243
100230
100260
100253
100223
100236
100223
100253
100246
100215
100229
100215
100246
100239
100209
100222
100209
100239
100232
100201
100215
100201
100232
100225
100195
100208
100195
100225
100217
100187
100200
100187
100217
100211
100180
100194
100180
100211
100203
100173
100186
100173
100203
100196
100166
100179
100166
100196
100189
100159
100172
100159
100189
100182
100152
100165
100152
100182
100175
100144
100158
100144
100175
100168
100138
100151
100138
100168
100160
100130
100143
100130
100160
100154
100123
100137
100123
100154
100146
100116
100129
100116
100146
100139
100109
100122
100109
100139
100132
100102
100115
100102
100132
100125
100095
100108
100095
100125
100118
100087
100101
100087
100118
100111
100080
100093
100080
100111
100103
100073
100086
100073
100103
100096
100066
100079
100066
100096
100089
100059
100072
100059
100089
100082
100051
100065
100051
100082
100075
100044
100057
100044
100075
100068
100037
100050
100037
100068
100061
100030
100043
100030
100061
100054
100023
100036
100023
100054
100046
100015
100029
100015
100046
100039
100008
100021
100008
100039
100032
100001
100014
100001
100032
)
;
    }
    inlet
    {
        type            calculated;
        value           nonuniform List<scalar> 
45
(
100690
100676
100685
100675
100685
100675
100685
100676
100690
100659
100668
100659
100667
100659
100667
100659
100668
100659
100651
100651
100650
100650
100650
100650
100650
100651
100651
100659
100668
100659
100667
100659
100667
100659
100668
100659
100690
100676
100685
100675
100685
100675
100685
100676
100690
)
;
    }
    outlet
    {
        type            calculated;
        value           nonuniform List<scalar> 
45
(
100024
99999.5
100020
99999.3
100019
99999.3
100020
99999.6
100024
100001
100023
100002
100022
100002
100022
100002
100023
100001
100011
100011
100011
100011
100010
100011
100011
100011
100011
100001
100023
100002
100022
100002
100022
100002
100023
100001
100024
99999.5
100020
99999.3
100019
99999.3
100020
99999.6
100024
)
;
    }
    frontAndBack
    {
        type            empty;
    }
}


// ************************************************************************* //
