/*--------------------------------*- C++ -*----------------------------------*\
  =========                 |
  \\      /  F ield         | OpenFOAM: The Open Source CFD Toolbox
   \\    /   O peration     | Website:  https://openfoam.org
    \\  /    A nd           | Version:  7
     \\/     M anipulation  |
\*---------------------------------------------------------------------------*/
FoamFile
{
    version     2.0;
    format      ascii;
    class       volScalarField;
    location    "0.9475";
    object      alphat;
}
// * * * * * * * * * * * * * * * * * * * * * * * * * * * * * * * * * * * * * //

dimensions      [1 -1 -1 0 0 0 0];

internalField   nonuniform List<scalar> 
7920
(
0.0107651
0.011212
0.0112162
0.0112179
0.011212
0.011211
0.011207
0.011207
0.0112049
0.0112056
0.0112043
0.0112049
0.0112037
0.011204
0.0112028
0.0112026
0.0112021
0.0111999
0.0112063
0.0112217
0.00555293
0.00558646
0.0054722
0.00535821
0.00530461
0.00528261
0.0052649
0.00525887
0.0052496
0.00524701
0.00524124
0.0052397
0.00523559
0.00523468
0.00523196
0.00523168
0.00523003
0.00522968
0.00526413
0.00527218
0.00424486
0.00453402
0.00456511
0.004561
0.00455284
0.00454991
0.00454524
0.00454359
0.0045406
0.00453923
0.00453668
0.00453547
0.00453318
0.00453225
0.00453028
0.00452983
0.00452782
0.00452792
0.00452754
0.00453634
0.00408288
0.00441657
0.0044817
0.00450401
0.00451163
0.00451969
0.00452223
0.00452643
0.00452755
0.00453026
0.00453057
0.00453248
0.00453206
0.00453338
0.00453265
0.00453367
0.00453287
0.00453383
0.00453347
0.0045398
0.00406556
0.0044034
0.00447223
0.00449848
0.00450968
0.0045211
0.00452635
0.00453404
0.00453746
0.00454325
0.00454569
0.00455032
0.00455171
0.00455527
0.00455601
0.00455887
0.00455949
0.00456153
0.0045626
0.00456824
0.00406727
0.00440217
0.0044706
0.00449718
0.00450932
0.00452189
0.00452843
0.00453751
0.00454214
0.00454957
0.00455323
0.00455936
0.00456198
0.00456679
0.0045686
0.00457258
0.00457414
0.00457711
0.00457929
0.00458479
0.00406727
0.00440217
0.0044706
0.00449718
0.00450932
0.00452189
0.00452843
0.00453751
0.00454214
0.00454957
0.00455323
0.00455936
0.00456198
0.00456679
0.0045686
0.00457259
0.00457414
0.00457712
0.0045793
0.00458482
0.00406556
0.0044034
0.00447223
0.00449848
0.00450968
0.0045211
0.00452636
0.00453403
0.00453746
0.00454324
0.00454569
0.00455032
0.00455171
0.00455527
0.00455605
0.00455885
0.00455954
0.00456151
0.00456267
0.00456826
0.00408288
0.00441657
0.0044817
0.00450401
0.00451163
0.00451969
0.00452223
0.00452643
0.00452755
0.00453025
0.00453058
0.00453247
0.00453208
0.00453335
0.00453272
0.00453359
0.00453297
0.00453375
0.00453367
0.00453958
0.00424486
0.00453402
0.00456511
0.004561
0.00455284
0.00454991
0.00454525
0.00454358
0.0045406
0.00453922
0.00453669
0.00453546
0.0045332
0.00453221
0.00453031
0.00452971
0.00452793
0.00452787
0.00452799
0.00453551
0.00555293
0.00558646
0.0054722
0.00535821
0.00530461
0.00528261
0.0052649
0.00525887
0.0052496
0.00524701
0.00524124
0.00523969
0.00523559
0.00523466
0.00523198
0.00523161
0.00523008
0.00522956
0.00526406
0.00527064
0.0107651
0.011212
0.0112162
0.0112179
0.011212
0.011211
0.011207
0.011207
0.0112049
0.0112056
0.0112042
0.0112049
0.0112037
0.011204
0.0112027
0.0112027
0.0112018
0.0112004
0.0112053
0.011223
0.00412811
0.00463585
0.00465551
0.00462636
0.00461707
0.00460069
0.00459914
0.00458992
0.00458968
0.0045835
0.00458374
0.00457934
0.00457968
0.0045764
0.00457675
0.0045741
0.00457471
0.00457176
0.00457083
0.00458755
0.00365646
0.00428165
0.00436912
0.00438188
0.00438305
0.00438382
0.00438297
0.00438284
0.0043818
0.00438117
0.00438005
0.00437935
0.00437843
0.00437795
0.00437731
0.0043773
0.0043764
0.00437751
0.00437625
0.0043833
0.00355758
0.00418989
0.00428121
0.00430112
0.0043036
0.00430902
0.00430971
0.0043135
0.00431393
0.00431669
0.0043167
0.00431848
0.00431833
0.0043196
0.00431951
0.00432062
0.00432042
0.00432179
0.00432079
0.00433145
0.00355547
0.00418828
0.00427886
0.00429784
0.00429867
0.00430194
0.00430143
0.00430359
0.00430348
0.00430549
0.00430542
0.00430704
0.00430701
0.00430815
0.00430834
0.00430913
0.0043095
0.00431
0.00431043
0.00431624
0.00355136
0.00418369
0.00427406
0.00429363
0.00429409
0.00429717
0.004296
0.00429774
0.00429694
0.00429836
0.00429772
0.00429905
0.00429849
0.00429956
0.00429923
0.00430005
0.00429988
0.0043005
0.0043006
0.00430609
0.00355351
0.00418618
0.00427628
0.0042958
0.00429621
0.0042993
0.00429806
0.00429979
0.00429888
0.00430017
0.00429939
0.00430056
0.00429985
0.00430084
0.00430032
0.00430105
0.00430073
0.00430117
0.00430107
0.00430604
0.00355351
0.00418618
0.00427628
0.0042958
0.00429621
0.0042993
0.00429806
0.00429979
0.00429888
0.00430017
0.0042994
0.00430056
0.00429985
0.00430084
0.00430032
0.00430105
0.00430073
0.00430117
0.00430107
0.00430604
0.00355136
0.00418369
0.00427406
0.00429363
0.0042941
0.00429717
0.004296
0.00429773
0.00429694
0.00429836
0.00429772
0.00429905
0.00429848
0.00429957
0.00429921
0.00430006
0.00429987
0.0043005
0.00430059
0.00430608
0.00355547
0.00418828
0.00427886
0.00429784
0.00429867
0.00430194
0.00430144
0.00430358
0.00430349
0.00430549
0.00430542
0.00430705
0.004307
0.00430817
0.00430832
0.00430915
0.00430951
0.00430995
0.00431049
0.004316
0.00355758
0.00418989
0.00428121
0.00430112
0.0043036
0.00430902
0.00430971
0.0043135
0.00431393
0.00431668
0.00431671
0.00431847
0.00431833
0.00431959
0.00431952
0.00432055
0.00432056
0.00432156
0.00432108
0.00433064
0.00365646
0.00428165
0.00436912
0.00438188
0.00438305
0.00438382
0.00438298
0.00438284
0.00438181
0.00438116
0.00438006
0.00437933
0.00437847
0.0043779
0.00437738
0.00437718
0.00437657
0.00437709
0.00437703
0.00438164
0.00412811
0.00463585
0.00465551
0.00462636
0.00461707
0.00460069
0.00459915
0.00458992
0.00458968
0.00458349
0.00458375
0.00457934
0.00457969
0.00457639
0.00457678
0.00457407
0.00457483
0.00457158
0.00457165
0.00458515
0.00102946
0.00151832
0.00159025
0.00157093
0.00151931
0.00147041
0.00143111
0.00140291
0.00138191
0.00136581
0.00135409
0.00134357
0.00133627
0.00132861
0.0013237
0.00131813
0.00131404
0.00131185
0.00130374
0.00131514
0.000437167
0.000921789
0.00108213
0.00114471
0.00116635
0.00117975
0.00118636
0.00119348
0.00119685
0.00120039
0.00120135
0.00120261
0.00120243
0.00120264
0.00120217
0.0012024
0.00120143
0.001202
0.00120045
0.00120457
0.000378092
0.000816248
0.000961941
0.00102755
0.00104766
0.00106225
0.00106567
0.00107259
0.00107493
0.00108006
0.00108232
0.00108655
0.0010889
0.00109238
0.00109482
0.00109771
0.0011001
0.00110273
0.00110442
0.0011094
0.000389372
0.000821249
0.000963343
0.00102614
0.00104578
0.001058
0.00105988
0.00106326
0.00106346
0.00106467
0.00106477
0.00106571
0.00106601
0.00106688
0.00106773
0.00106838
0.00106969
0.00107031
0.00107163
0.00107508
0.000384095
0.000815812
0.00095739
0.00102052
0.00103977
0.00105201
0.00105359
0.00105673
0.00105655
0.0010571
0.00105667
0.00105675
0.00105637
0.00105636
0.00105623
0.00105613
0.00105619
0.00105605
0.00105629
0.00105841
0.000387062
0.000818855
0.000960446
0.00102316
0.00104252
0.0010546
0.00105634
0.00105937
0.00105924
0.00105974
0.0010593
0.00105929
0.00105885
0.00105871
0.00105847
0.00105821
0.00105806
0.00105772
0.00105769
0.00105955
0.000387062
0.000818855
0.000960446
0.00102316
0.00104252
0.0010546
0.00105634
0.00105937
0.00105924
0.00105974
0.0010593
0.00105929
0.00105885
0.00105871
0.00105847
0.00105821
0.00105806
0.00105772
0.00105768
0.00105955
0.000384095
0.000815812
0.00095739
0.00102052
0.00103977
0.00105201
0.00105359
0.00105673
0.00105655
0.0010571
0.00105668
0.00105675
0.00105637
0.00105636
0.00105622
0.00105613
0.00105618
0.00105605
0.00105627
0.00105842
0.000389371
0.000821249
0.000963343
0.00102614
0.00104578
0.001058
0.00105988
0.00106326
0.00106346
0.00106467
0.00106477
0.00106571
0.001066
0.00106689
0.00106772
0.00106838
0.00106968
0.0010703
0.0010716
0.00107504
0.000378091
0.000816248
0.000961941
0.00102755
0.00104766
0.00106225
0.00106567
0.00107259
0.00107493
0.00108005
0.00108232
0.00108654
0.00108891
0.00109237
0.00109482
0.00109768
0.00110011
0.00110263
0.00110449
0.00110915
0.000437167
0.000921789
0.00108213
0.00114471
0.00116635
0.00117975
0.00118636
0.00119347
0.00119685
0.00120039
0.00120136
0.00120259
0.00120246
0.00120258
0.00120225
0.00120221
0.00120164
0.00120159
0.00120095
0.00120368
0.00102946
0.00151832
0.00159025
0.00157093
0.00151931
0.00147041
0.00143112
0.00140291
0.00138191
0.00136581
0.0013541
0.00134358
0.00133629
0.00132863
0.00132376
0.00131815
0.00131431
0.0013116
0.00130501
0.00131356
0.00102946
0.00151832
0.00159025
0.00157093
0.00151931
0.00147041
0.00143111
0.00140291
0.00138191
0.00136581
0.00135409
0.00134357
0.00133627
0.00132861
0.0013237
0.00131813
0.00131404
0.00131185
0.00130374
0.00131514
0.000437167
0.000921789
0.00108213
0.00114471
0.00116635
0.00117975
0.00118636
0.00119348
0.00119685
0.00120039
0.00120135
0.00120261
0.00120243
0.00120264
0.00120217
0.0012024
0.00120143
0.001202
0.00120045
0.00120457
0.000378092
0.000816248
0.000961941
0.00102755
0.00104766
0.00106225
0.00106567
0.00107259
0.00107493
0.00108006
0.00108232
0.00108655
0.0010889
0.00109238
0.00109482
0.00109771
0.0011001
0.00110273
0.00110442
0.0011094
0.000389372
0.000821249
0.000963343
0.00102614
0.00104578
0.001058
0.00105988
0.00106326
0.00106346
0.00106467
0.00106477
0.00106571
0.00106601
0.00106688
0.00106773
0.00106838
0.00106969
0.00107031
0.00107163
0.00107508
0.000384095
0.000815812
0.00095739
0.00102052
0.00103977
0.00105201
0.00105359
0.00105673
0.00105655
0.0010571
0.00105667
0.00105675
0.00105637
0.00105636
0.00105623
0.00105613
0.00105619
0.00105605
0.00105629
0.00105841
0.000387062
0.000818855
0.000960446
0.00102316
0.00104252
0.0010546
0.00105634
0.00105937
0.00105924
0.00105974
0.0010593
0.00105929
0.00105885
0.00105871
0.00105847
0.00105821
0.00105806
0.00105772
0.00105769
0.00105955
0.000387062
0.000818855
0.000960446
0.00102316
0.00104252
0.0010546
0.00105634
0.00105937
0.00105924
0.00105974
0.0010593
0.00105929
0.00105885
0.00105871
0.00105847
0.00105821
0.00105806
0.00105772
0.00105768
0.00105955
0.000384095
0.000815812
0.00095739
0.00102052
0.00103977
0.00105201
0.00105359
0.00105673
0.00105655
0.0010571
0.00105668
0.00105675
0.00105637
0.00105636
0.00105622
0.00105613
0.00105618
0.00105605
0.00105627
0.00105842
0.000389371
0.000821249
0.000963343
0.00102614
0.00104578
0.001058
0.00105988
0.00106326
0.00106346
0.00106467
0.00106477
0.00106571
0.001066
0.00106689
0.00106772
0.00106838
0.00106968
0.0010703
0.0010716
0.00107504
0.000378091
0.000816248
0.000961941
0.00102755
0.00104766
0.00106225
0.00106567
0.00107259
0.00107493
0.00108005
0.00108232
0.00108654
0.00108891
0.00109237
0.00109482
0.00109768
0.00110011
0.00110263
0.00110449
0.00110915
0.000437167
0.000921789
0.00108213
0.00114471
0.00116635
0.00117975
0.00118636
0.00119347
0.00119685
0.00120039
0.00120136
0.00120259
0.00120246
0.00120258
0.00120225
0.00120221
0.00120164
0.00120159
0.00120095
0.00120368
0.00102946
0.00151832
0.00159025
0.00157093
0.00151931
0.00147041
0.00143112
0.00140291
0.00138191
0.00136581
0.0013541
0.00134358
0.00133629
0.00132863
0.00132376
0.00131815
0.00131431
0.0013116
0.00130501
0.00131356
0.00412811
0.00463585
0.00465551
0.00462636
0.00461707
0.00460069
0.00459914
0.00458992
0.00458968
0.0045835
0.00458374
0.00457934
0.00457968
0.0045764
0.00457675
0.0045741
0.00457471
0.00457176
0.00457083
0.00458755
0.00365646
0.00428165
0.00436912
0.00438188
0.00438305
0.00438382
0.00438297
0.00438284
0.0043818
0.00438117
0.00438005
0.00437935
0.00437843
0.00437795
0.00437731
0.0043773
0.0043764
0.00437751
0.00437625
0.0043833
0.00355758
0.00418989
0.00428121
0.00430112
0.00430359
0.00430902
0.00430971
0.0043135
0.00431393
0.00431669
0.0043167
0.00431848
0.00431833
0.00431959
0.00431951
0.00432062
0.00432042
0.00432179
0.00432079
0.00433145
0.00355547
0.00418828
0.00427886
0.00429784
0.00429867
0.00430194
0.00430143
0.00430359
0.00430348
0.00430549
0.00430542
0.00430704
0.00430701
0.00430815
0.00430834
0.00430913
0.0043095
0.00431
0.00431043
0.00431624
0.00355136
0.00418369
0.00427406
0.00429363
0.00429409
0.00429717
0.004296
0.00429774
0.00429694
0.00429836
0.00429772
0.00429905
0.00429849
0.00429956
0.00429923
0.00430005
0.00429988
0.0043005
0.0043006
0.00430609
0.00355351
0.00418618
0.00427628
0.0042958
0.00429621
0.0042993
0.00429806
0.00429979
0.00429888
0.00430017
0.00429939
0.00430056
0.00429985
0.00430084
0.00430032
0.00430105
0.00430073
0.00430117
0.00430107
0.00430604
0.00355351
0.00418618
0.00427628
0.0042958
0.00429621
0.00429929
0.00429806
0.00429979
0.00429888
0.00430017
0.0042994
0.00430056
0.00429985
0.00430084
0.00430032
0.00430105
0.00430073
0.00430117
0.00430107
0.00430604
0.00355136
0.00418369
0.00427406
0.00429363
0.0042941
0.00429717
0.004296
0.00429773
0.00429694
0.00429836
0.00429772
0.00429905
0.00429848
0.00429957
0.00429921
0.00430006
0.00429987
0.0043005
0.00430059
0.00430608
0.00355547
0.00418828
0.00427886
0.00429784
0.00429867
0.00430194
0.00430144
0.00430358
0.00430349
0.00430549
0.00430542
0.00430705
0.004307
0.00430817
0.00430832
0.00430915
0.00430951
0.00430995
0.00431049
0.004316
0.00355758
0.00418989
0.00428121
0.00430112
0.0043036
0.00430902
0.00430971
0.0043135
0.00431393
0.00431668
0.00431671
0.00431847
0.00431833
0.00431959
0.00431952
0.00432055
0.00432056
0.00432156
0.00432108
0.00433064
0.00365646
0.00428165
0.00436912
0.00438188
0.00438305
0.00438382
0.00438298
0.00438284
0.00438181
0.00438116
0.00438006
0.00437933
0.00437847
0.0043779
0.00437738
0.00437718
0.00437657
0.00437709
0.00437703
0.00438164
0.00412811
0.00463585
0.00465551
0.00462636
0.00461707
0.00460069
0.00459915
0.00458992
0.00458968
0.00458349
0.00458375
0.00457934
0.00457969
0.00457639
0.00457678
0.00457407
0.00457483
0.00457158
0.00457165
0.00458515
0.0107651
0.011212
0.0112162
0.0112179
0.011212
0.011211
0.011207
0.011207
0.0112049
0.0112056
0.0112043
0.0112049
0.0112037
0.0112039
0.0112028
0.0112026
0.0112021
0.0111999
0.0112063
0.0112217
0.00555293
0.00558646
0.0054722
0.00535821
0.00530461
0.00528261
0.0052649
0.00525887
0.0052496
0.00524701
0.00524124
0.0052397
0.00523559
0.00523468
0.00523196
0.00523168
0.00523003
0.00522968
0.00526413
0.00527218
0.00424486
0.00453402
0.00456511
0.004561
0.00455284
0.00454991
0.00454524
0.00454359
0.0045406
0.00453923
0.00453668
0.00453547
0.00453318
0.00453225
0.00453028
0.00452983
0.00452782
0.00452792
0.00452754
0.00453634
0.00408288
0.00441657
0.0044817
0.00450401
0.00451163
0.00451969
0.00452223
0.00452643
0.00452755
0.00453026
0.00453057
0.00453248
0.00453206
0.00453338
0.00453265
0.00453367
0.00453287
0.00453383
0.00453347
0.0045398
0.00406556
0.0044034
0.00447223
0.00449848
0.00450968
0.0045211
0.00452635
0.00453404
0.00453746
0.00454325
0.00454569
0.00455032
0.00455171
0.00455527
0.00455601
0.00455887
0.00455949
0.00456153
0.0045626
0.00456824
0.00406727
0.00440217
0.0044706
0.00449718
0.00450932
0.00452189
0.00452843
0.00453751
0.00454214
0.00454957
0.00455323
0.00455936
0.00456198
0.00456679
0.0045686
0.00457258
0.00457414
0.00457711
0.00457929
0.00458479
0.00406727
0.00440217
0.0044706
0.00449718
0.00450932
0.00452189
0.00452843
0.00453751
0.00454214
0.00454957
0.00455323
0.00455936
0.00456198
0.00456679
0.0045686
0.00457259
0.00457414
0.00457712
0.0045793
0.00458482
0.00406556
0.0044034
0.00447223
0.00449848
0.00450968
0.0045211
0.00452636
0.00453403
0.00453746
0.00454324
0.00454569
0.00455032
0.00455171
0.00455527
0.00455605
0.00455885
0.00455954
0.00456151
0.00456267
0.00456826
0.00408288
0.00441657
0.0044817
0.00450401
0.00451163
0.00451969
0.00452223
0.00452643
0.00452755
0.00453025
0.00453058
0.00453247
0.00453208
0.00453335
0.00453272
0.00453359
0.00453297
0.00453375
0.00453367
0.00453958
0.00424486
0.00453402
0.00456511
0.004561
0.00455284
0.00454991
0.00454525
0.00454358
0.0045406
0.00453922
0.00453669
0.00453546
0.0045332
0.00453221
0.00453031
0.00452971
0.00452793
0.00452787
0.00452799
0.00453551
0.00555293
0.00558646
0.0054722
0.00535821
0.00530461
0.00528261
0.0052649
0.00525887
0.0052496
0.00524701
0.00524124
0.00523969
0.00523558
0.00523465
0.00523198
0.00523161
0.00523008
0.00522956
0.00526406
0.00527064
0.0107651
0.011212
0.0112162
0.0112179
0.011212
0.011211
0.011207
0.011207
0.0112049
0.0112056
0.0112042
0.0112049
0.0112037
0.011204
0.0112027
0.0112027
0.0112018
0.0112004
0.0112053
0.011223
0.0324744
0.0325318
0.0325315
0.0325294
0.0325271
0.0325249
0.0325228
0.0325208
0.0325196
0.0325184
0.0325179
0.0325169
0.0325164
0.0325154
0.0325149
0.0325139
0.0325134
0.0325124
0.0325119
0.032511
0.0325105
0.0325096
0.0325092
0.0325083
0.0325079
0.0325071
0.0325068
0.032506
0.0325057
0.0325049
0.0325046
0.032504
0.0325036
0.032503
0.0325028
0.0325022
0.0325019
0.0325014
0.0325012
0.0325007
0.0325005
0.0325001
0.0324999
0.0324996
0.0324994
0.0324991
0.032499
0.0324987
0.0324986
0.0324984
0.0324984
0.0324982
0.0324982
0.0324982
0.0324982
0.0324983
0.0324984
0.0324985
0.0324987
0.0324989
0.0324992
0.0324995
0.0324999
0.0325004
0.0325008
0.0325015
0.0325021
0.0325029
0.0325036
0.0325046
0.0325056
0.0325068
0.0325079
0.0325093
0.0325105
0.0325121
0.0325135
0.0325153
0.0325169
0.0325188
0.0325205
0.0325225
0.0325243
0.0325264
0.0325284
0.0325305
0.0325325
0.0325348
0.0325339
0.0325337
0.0186552
0.0189105
0.018909
0.01891
0.0189039
0.018906
0.0189028
0.0189053
0.0189026
0.0189042
0.0189016
0.018903
0.0189011
0.0189027
0.0189016
0.0189033
0.0189026
0.0189044
0.018904
0.0189057
0.0189055
0.0189073
0.0189072
0.0189089
0.018909
0.0189107
0.0189109
0.0189126
0.0189129
0.0189146
0.018915
0.0189167
0.0189171
0.0189189
0.0189194
0.0189211
0.0189217
0.0189235
0.0189241
0.0189259
0.0189266
0.0189284
0.0189292
0.018931
0.0189319
0.0189337
0.0189346
0.0189364
0.0189374
0.0189393
0.0189403
0.0189422
0.0189433
0.0189452
0.0189464
0.0189483
0.0189495
0.0189515
0.0189528
0.0189548
0.0189562
0.0189582
0.0189596
0.0189618
0.0189632
0.0189654
0.0189669
0.0189692
0.0189707
0.018973
0.0189746
0.018977
0.0189786
0.018981
0.0189827
0.0189851
0.0189868
0.0189892
0.0189909
0.0189932
0.0189948
0.0189972
0.0189987
0.0190009
0.0190024
0.0190044
0.0190058
0.0190078
0.0190064
0.0190059
0.0150344
0.0154811
0.0154865
0.0154921
0.0154828
0.0154886
0.0154833
0.0154897
0.0154858
0.0154911
0.0154875
0.0154924
0.0154899
0.0154948
0.0154936
0.0154985
0.0154981
0.015503
0.0155031
0.015508
0.0155085
0.0155133
0.0155141
0.0155189
0.0155199
0.0155246
0.0155258
0.0155306
0.015532
0.0155366
0.0155382
0.0155429
0.0155446
0.0155492
0.015551
0.0155557
0.0155576
0.0155622
0.0155643
0.0155689
0.015571
0.0155756
0.0155778
0.0155824
0.0155847
0.0155893
0.0155917
0.0155962
0.0155987
0.0156032
0.0156058
0.0156102
0.0156129
0.0156173
0.01562
0.0156244
0.0156272
0.0156316
0.0156344
0.0156387
0.0156416
0.0156459
0.0156488
0.0156531
0.015656
0.0156603
0.0156631
0.0156674
0.0156703
0.0156745
0.0156773
0.0156815
0.0156842
0.0156883
0.015691
0.015695
0.0156975
0.0157014
0.0157038
0.0157075
0.0157097
0.0157131
0.0157152
0.0157184
0.0157202
0.0157231
0.0157247
0.0157273
0.0157283
0.015725
0.0144924
0.0150843
0.0151064
0.0151178
0.015108
0.015116
0.0151099
0.0151182
0.0151141
0.0151218
0.0151179
0.0151249
0.0151222
0.0151291
0.0151279
0.0151346
0.0151345
0.0151412
0.0151418
0.0151485
0.0151495
0.0151561
0.0151576
0.0151641
0.0151658
0.0151724
0.0151743
0.0151808
0.015183
0.0151894
0.0151918
0.0151982
0.0152008
0.0152071
0.0152098
0.0152162
0.015219
0.0152253
0.0152283
0.0152346
0.0152376
0.0152439
0.0152471
0.0152533
0.0152565
0.0152627
0.0152661
0.0152721
0.0152756
0.0152816
0.0152852
0.0152912
0.0152948
0.0153007
0.0153044
0.0153103
0.015314
0.0153199
0.0153236
0.0153294
0.0153332
0.0153389
0.0153427
0.0153483
0.0153521
0.0153577
0.0153614
0.0153669
0.0153706
0.015376
0.0153796
0.0153849
0.0153884
0.0153936
0.0153969
0.015402
0.0154051
0.0154099
0.0154129
0.0154175
0.0154202
0.0154244
0.0154269
0.0154308
0.015433
0.0154366
0.0154384
0.0154416
0.0154437
0.0154395
0.0144612
0.0151317
0.0151696
0.0151871
0.015178
0.0151878
0.0151817
0.0151909
0.0151872
0.0151959
0.0151919
0.0152
0.015197
0.0152048
0.0152035
0.0152111
0.0152111
0.0152187
0.0152196
0.0152272
0.0152286
0.0152361
0.0152379
0.0152454
0.0152476
0.0152551
0.0152574
0.0152649
0.0152675
0.015275
0.0152778
0.0152852
0.0152882
0.0152956
0.0152988
0.0153061
0.0153094
0.0153167
0.0153202
0.0153275
0.0153311
0.0153383
0.015342
0.0153491
0.015353
0.01536
0.015364
0.015371
0.015375
0.0153819
0.0153861
0.015393
0.0153972
0.015404
0.0154083
0.015415
0.0154193
0.015426
0.0154303
0.0154369
0.0154413
0.0154478
0.0154522
0.0154586
0.015463
0.0154693
0.0154736
0.0154799
0.0154841
0.0154903
0.0154944
0.0155004
0.0155044
0.0155103
0.0155141
0.0155197
0.0155233
0.0155287
0.0155321
0.0155372
0.0155402
0.015545
0.0155478
0.0155522
0.0155546
0.0155587
0.0155608
0.0155642
0.015567
0.0155623
0.0144836
0.0151981
0.015246
0.0152679
0.01526
0.0152711
0.0152654
0.015275
0.015272
0.015281
0.0152773
0.0152859
0.0152828
0.015291
0.0152896
0.0152977
0.0152977
0.0153058
0.0153067
0.0153147
0.0153163
0.0153243
0.0153262
0.0153342
0.0153365
0.0153444
0.015347
0.0153549
0.0153578
0.0153656
0.0153687
0.0153765
0.0153798
0.0153876
0.015391
0.0153988
0.0154024
0.0154101
0.0154139
0.0154215
0.0154254
0.015433
0.015437
0.0154446
0.0154487
0.0154562
0.0154604
0.0154678
0.0154722
0.0154795
0.015484
0.0154912
0.0154957
0.0155029
0.0155075
0.0155147
0.0155193
0.0155263
0.015531
0.015538
0.0155426
0.0155495
0.0155542
0.015561
0.0155656
0.0155723
0.0155769
0.0155835
0.015588
0.0155945
0.0155989
0.0156053
0.0156095
0.0156157
0.0156197
0.0156257
0.0156295
0.0156352
0.0156387
0.0156441
0.0156473
0.0156524
0.0156553
0.01566
0.0156625
0.0156668
0.015669
0.0156725
0.0156755
0.0156707
0.0144838
0.0151989
0.0152477
0.0152704
0.0152629
0.0152741
0.015269
0.0152789
0.0152763
0.0152852
0.0152819
0.0152905
0.0152876
0.0152958
0.0152945
0.0153026
0.0153027
0.0153107
0.0153117
0.0153197
0.0153213
0.0153293
0.0153312
0.0153392
0.0153415
0.0153495
0.0153521
0.01536
0.0153629
0.0153708
0.0153738
0.0153817
0.0153849
0.0153928
0.0153962
0.015404
0.0154076
0.0154154
0.0154191
0.0154268
0.0154307
0.0154383
0.0154423
0.0154499
0.015454
0.0154616
0.0154658
0.0154732
0.0154776
0.0154849
0.0154894
0.0154967
0.0155012
0.0155084
0.015513
0.0155201
0.0155248
0.0155318
0.0155365
0.0155435
0.0155481
0.0155551
0.0155597
0.0155666
0.0155712
0.0155779
0.0155825
0.0155891
0.0155936
0.0156002
0.0156045
0.0156109
0.0156152
0.0156213
0.0156254
0.0156314
0.0156352
0.0156409
0.0156444
0.0156499
0.0156531
0.0156582
0.0156611
0.0156657
0.0156683
0.0156725
0.0156748
0.0156783
0.0156813
0.0156765
0.014462
0.0151348
0.0151747
0.0151939
0.015186
0.015196
0.0151913
0.0152009
0.0151984
0.0152069
0.015204
0.0152122
0.0152097
0.0152175
0.0152164
0.0152241
0.0152242
0.0152319
0.0152327
0.0152404
0.0152418
0.0152494
0.0152512
0.0152588
0.0152609
0.0152685
0.0152709
0.0152784
0.0152811
0.0152886
0.0152914
0.0152989
0.0153019
0.0153094
0.0153126
0.01532
0.0153233
0.0153307
0.0153342
0.0153415
0.0153451
0.0153524
0.0153561
0.0153633
0.0153672
0.0153743
0.0153783
0.0153854
0.0153894
0.0153964
0.0154006
0.0154075
0.0154118
0.0154186
0.0154229
0.0154297
0.0154341
0.0154408
0.0154452
0.0154518
0.0154562
0.0154628
0.0154672
0.0154736
0.015478
0.0154844
0.0154887
0.015495
0.0154993
0.0155055
0.0155096
0.0155157
0.0155197
0.0155256
0.0155294
0.0155351
0.0155387
0.0155442
0.0155475
0.0155527
0.0155557
0.0155606
0.0155633
0.0155678
0.0155702
0.0155743
0.0155764
0.0155798
0.0155825
0.015578
0.0144932
0.015088
0.015113
0.0151266
0.0151184
0.0151264
0.0151221
0.0151307
0.0151283
0.0151359
0.0151334
0.0151407
0.0151385
0.0151456
0.0151446
0.0151514
0.0151514
0.0151582
0.0151589
0.0151656
0.0151667
0.0151735
0.0151749
0.0151816
0.0151833
0.01519
0.015192
0.0151986
0.0152008
0.0152074
0.0152098
0.0152163
0.0152189
0.0152254
0.0152281
0.0152346
0.0152375
0.0152439
0.0152469
0.0152533
0.0152564
0.0152627
0.015266
0.0152723
0.0152756
0.0152818
0.0152853
0.0152914
0.015295
0.0153011
0.0153047
0.0153108
0.0153145
0.0153205
0.0153242
0.0153302
0.015334
0.0153399
0.0153437
0.0153495
0.0153534
0.0153591
0.015363
0.0153687
0.0153725
0.0153782
0.015382
0.0153875
0.0153913
0.0153968
0.0154004
0.0154058
0.0154093
0.0154146
0.0154179
0.015423
0.0154262
0.0154311
0.015434
0.0154387
0.0154414
0.0154457
0.0154482
0.0154522
0.0154543
0.015458
0.0154598
0.015463
0.0154651
0.0154611
0.0150321
0.0154807
0.0154884
0.0154956
0.0154877
0.0154932
0.0154894
0.0154959
0.0154934
0.0154989
0.0154964
0.0155017
0.0154997
0.0155048
0.0155038
0.0155089
0.0155086
0.0155136
0.0155138
0.0155188
0.0155193
0.0155243
0.0155251
0.0155301
0.0155311
0.015536
0.0155373
0.0155421
0.0155436
0.0155484
0.01555
0.0155549
0.0155566
0.0155614
0.0155633
0.0155681
0.0155701
0.0155748
0.0155769
0.0155817
0.0155839
0.0155886
0.0155909
0.0155956
0.015598
0.0156027
0.0156052
0.0156098
0.0156124
0.015617
0.0156196
0.0156242
0.0156269
0.0156315
0.0156343
0.0156388
0.0156417
0.0156462
0.015649
0.0156535
0.0156564
0.0156609
0.0156638
0.0156682
0.0156712
0.0156756
0.0156785
0.0156829
0.0156858
0.0156901
0.015693
0.0156972
0.0157
0.0157042
0.0157069
0.015711
0.0157136
0.0157175
0.01572
0.0157237
0.015726
0.0157295
0.0157316
0.0157349
0.0157367
0.0157397
0.0157413
0.015744
0.0157449
0.0157419
0.0186506
0.0189075
0.0189077
0.0189098
0.0189044
0.0189067
0.0189039
0.0189067
0.0189046
0.0189067
0.0189048
0.0189066
0.018905
0.0189069
0.0189058
0.0189077
0.0189071
0.0189089
0.0189085
0.0189104
0.0189102
0.0189121
0.018912
0.0189138
0.0189139
0.0189157
0.0189159
0.0189178
0.0189181
0.0189199
0.0189203
0.0189221
0.0189226
0.0189244
0.018925
0.0189268
0.0189274
0.0189293
0.01893
0.0189319
0.0189326
0.0189345
0.0189354
0.0189373
0.0189382
0.0189401
0.018941
0.018943
0.018944
0.018946
0.0189471
0.018949
0.0189502
0.0189522
0.0189534
0.0189555
0.0189567
0.0189588
0.0189602
0.0189623
0.0189637
0.0189658
0.0189673
0.0189695
0.018971
0.0189733
0.0189749
0.0189772
0.0189788
0.0189812
0.0189829
0.0189853
0.018987
0.0189895
0.0189912
0.0189937
0.0189955
0.018998
0.0189996
0.0190021
0.0190038
0.0190061
0.0190077
0.01901
0.0190115
0.0190137
0.019015
0.0190172
0.0190157
0.0190153
0.032507
0.0325726
0.0325773
0.032579
0.0325786
0.032577
0.0325751
0.032574
0.0325742
0.0325748
0.0325758
0.0325762
0.0325766
0.0325763
0.0325762
0.0325755
0.0325751
0.0325742
0.0325737
0.0325728
0.0325724
0.0325715
0.0325711
0.0325703
0.0325699
0.0325692
0.0325688
0.0325681
0.0325678
0.0325671
0.0325668
0.0325662
0.0325659
0.0325654
0.0325651
0.0325646
0.0325644
0.0325639
0.0325637
0.0325633
0.0325631
0.0325628
0.0325626
0.0325623
0.0325622
0.0325619
0.0325618
0.0325616
0.0325616
0.0325615
0.0325614
0.0325614
0.0325614
0.0325615
0.0325615
0.0325617
0.0325618
0.032562
0.0325623
0.0325626
0.0325629
0.0325633
0.0325638
0.0325643
0.0325649
0.0325656
0.0325663
0.0325672
0.0325681
0.0325692
0.0325702
0.0325716
0.0325727
0.0325743
0.0325757
0.0325774
0.032579
0.0325809
0.0325826
0.0325846
0.0325865
0.0325887
0.0325907
0.0325929
0.032595
0.0325973
0.0325995
0.0326019
0.0326013
0.0326013
0.0148231
0.0149217
0.0149197
0.0149168
0.0149147
0.0149136
0.0149122
0.0149121
0.0149111
0.0149116
0.0149108
0.0149116
0.014911
0.0149119
0.0149114
0.0149125
0.0149121
0.0149132
0.0149129
0.014914
0.0149138
0.0149149
0.0149147
0.0149159
0.0149158
0.014917
0.0149169
0.0149181
0.0149181
0.0149193
0.0149194
0.0149206
0.0149207
0.0149219
0.0149221
0.0149233
0.0149236
0.0149248
0.0149252
0.0149264
0.0149268
0.014928
0.0149285
0.0149297
0.0149302
0.0149315
0.014932
0.0149333
0.0149339
0.0149353
0.0149359
0.0149373
0.014938
0.0149394
0.0149402
0.0149416
0.0149424
0.0149439
0.0149447
0.0149462
0.0149472
0.0149487
0.0149497
0.0149513
0.0149523
0.014954
0.0149551
0.0149568
0.0149579
0.0149597
0.0149608
0.0149626
0.0149638
0.0149657
0.0149669
0.0149688
0.01497
0.0149719
0.014973
0.0149749
0.0149761
0.0149779
0.0149791
0.0149809
0.0149819
0.0149838
0.0149847
0.0149869
0.0149866
0.0149876
0.0143593
0.0146298
0.0146339
0.0146328
0.0146309
0.0146312
0.0146309
0.0146319
0.0146316
0.0146322
0.0146316
0.0146322
0.0146319
0.0146329
0.0146329
0.0146341
0.0146343
0.0146356
0.014636
0.0146373
0.0146377
0.014639
0.0146395
0.0146408
0.0146413
0.0146426
0.0146431
0.0146444
0.014645
0.0146463
0.0146469
0.0146482
0.0146489
0.0146502
0.0146508
0.0146522
0.0146529
0.0146542
0.0146549
0.0146562
0.014657
0.0146583
0.0146591
0.0146604
0.0146612
0.0146625
0.0146633
0.0146647
0.0146655
0.0146669
0.0146677
0.0146691
0.01467
0.0146713
0.0146722
0.0146736
0.0146746
0.014676
0.0146769
0.0146783
0.0146793
0.0146808
0.0146818
0.0146833
0.0146843
0.0146859
0.014687
0.0146885
0.0146897
0.0146913
0.0146925
0.0146942
0.0146954
0.0146971
0.0146984
0.0147001
0.0147014
0.0147032
0.0147045
0.0147063
0.0147076
0.0147094
0.0147106
0.0147124
0.0147135
0.0147153
0.0147164
0.0147182
0.014719
0.0147207
0.0138117
0.014257
0.0142782
0.01428
0.0142788
0.0142791
0.0142794
0.0142804
0.0142807
0.0142808
0.0142803
0.0142801
0.0142797
0.0142798
0.0142798
0.0142802
0.0142805
0.0142811
0.0142816
0.0142822
0.0142827
0.0142833
0.0142838
0.0142845
0.014285
0.0142857
0.0142862
0.0142869
0.0142874
0.014288
0.0142886
0.0142892
0.0142898
0.0142904
0.014291
0.0142917
0.0142922
0.0142929
0.0142934
0.0142941
0.0142946
0.0142953
0.0142959
0.0142966
0.0142971
0.0142978
0.0142984
0.0142991
0.0142996
0.0143003
0.0143009
0.0143016
0.0143021
0.0143029
0.0143034
0.0143042
0.0143048
0.0143055
0.0143061
0.0143069
0.0143075
0.0143083
0.0143089
0.0143098
0.0143104
0.0143113
0.014312
0.014313
0.0143137
0.0143147
0.0143156
0.0143166
0.0143175
0.0143186
0.0143196
0.0143208
0.0143218
0.014323
0.014324
0.0143253
0.0143264
0.0143277
0.0143287
0.0143301
0.0143311
0.0143325
0.0143334
0.0143347
0.0143355
0.014331
0.0136318
0.0141729
0.0142081
0.0142126
0.0142119
0.0142117
0.0142121
0.0142132
0.014214
0.0142142
0.0142138
0.014213
0.0142124
0.0142118
0.0142116
0.0142114
0.0142115
0.0142116
0.0142118
0.014212
0.0142123
0.0142125
0.0142128
0.014213
0.0142133
0.0142135
0.0142138
0.0142141
0.0142144
0.0142146
0.0142149
0.0142152
0.0142155
0.0142157
0.014216
0.0142163
0.0142166
0.0142169
0.0142172
0.0142175
0.0142178
0.0142181
0.0142184
0.0142187
0.014219
0.0142193
0.0142196
0.0142199
0.0142202
0.0142206
0.0142209
0.0142212
0.0142215
0.0142219
0.0142223
0.0142226
0.014223
0.0142234
0.0142238
0.0142242
0.0142246
0.0142251
0.0142255
0.0142261
0.0142265
0.0142271
0.0142277
0.0142283
0.0142289
0.0142296
0.0142303
0.0142311
0.0142318
0.0142327
0.0142335
0.0142344
0.0142353
0.0142363
0.0142372
0.0142383
0.0142392
0.0142404
0.0142413
0.0142425
0.0142435
0.0142446
0.0142456
0.0142468
0.0142476
0.0142443
0.0135103
0.0141129
0.0141574
0.0141649
0.0141645
0.0141644
0.0141646
0.0141661
0.0141676
0.0141683
0.0141681
0.0141674
0.0141665
0.0141658
0.0141653
0.0141649
0.0141649
0.0141647
0.0141649
0.0141649
0.0141651
0.0141651
0.0141653
0.0141654
0.0141656
0.0141657
0.0141659
0.014166
0.0141662
0.0141663
0.0141665
0.0141667
0.0141669
0.014167
0.0141672
0.0141674
0.0141676
0.0141678
0.014168
0.0141682
0.0141684
0.0141686
0.0141688
0.014169
0.0141692
0.0141695
0.0141697
0.0141699
0.0141701
0.0141704
0.0141706
0.0141709
0.0141712
0.0141715
0.0141717
0.014172
0.0141723
0.0141727
0.014173
0.0141734
0.0141737
0.0141742
0.0141745
0.014175
0.0141754
0.014176
0.0141764
0.014177
0.0141776
0.0141783
0.0141789
0.0141796
0.0141803
0.0141811
0.0141819
0.0141828
0.0141836
0.0141846
0.0141855
0.0141865
0.0141874
0.0141886
0.0141895
0.0141906
0.0141915
0.0141927
0.0141935
0.0141947
0.0141955
0.0141901
0.0134878
0.0141094
0.0141565
0.0141647
0.0141642
0.0141638
0.014164
0.0141656
0.0141676
0.0141686
0.0141687
0.014168
0.0141671
0.0141662
0.0141656
0.0141651
0.014165
0.0141648
0.0141649
0.0141649
0.0141651
0.0141651
0.0141653
0.0141654
0.0141656
0.0141657
0.0141659
0.014166
0.0141661
0.0141663
0.0141665
0.0141666
0.0141668
0.0141669
0.0141671
0.0141673
0.0141675
0.0141676
0.0141678
0.014168
0.0141682
0.0141684
0.0141686
0.0141688
0.0141691
0.0141693
0.0141695
0.0141697
0.01417
0.0141702
0.0141704
0.0141707
0.014171
0.0141713
0.0141715
0.0141719
0.0141721
0.0141725
0.0141728
0.0141732
0.0141735
0.014174
0.0141743
0.0141748
0.0141752
0.0141758
0.0141762
0.0141769
0.0141774
0.0141781
0.0141787
0.0141794
0.0141801
0.014181
0.0141817
0.0141826
0.0141834
0.0141844
0.0141853
0.0141864
0.0141873
0.0141884
0.0141893
0.0141904
0.0141914
0.0141925
0.0141934
0.0141945
0.0141954
0.0141905
0.0134876
0.0141087
0.0141554
0.0141634
0.0141628
0.0141625
0.0141629
0.0141646
0.0141667
0.0141681
0.0141683
0.0141678
0.014167
0.0141662
0.0141656
0.0141652
0.0141651
0.0141649
0.014165
0.014165
0.0141652
0.0141652
0.0141654
0.0141655
0.0141657
0.0141657
0.0141659
0.014166
0.0141662
0.0141664
0.0141666
0.0141667
0.0141669
0.014167
0.0141672
0.0141674
0.0141676
0.0141678
0.014168
0.0141682
0.0141684
0.0141686
0.0141688
0.014169
0.0141692
0.0141694
0.0141697
0.0141699
0.0141701
0.0141704
0.0141706
0.0141709
0.0141712
0.0141715
0.0141717
0.0141721
0.0141723
0.0141727
0.014173
0.0141734
0.0141737
0.0141742
0.0141746
0.014175
0.0141755
0.014176
0.0141765
0.0141771
0.0141776
0.0141783
0.0141789
0.0141797
0.0141804
0.0141812
0.014182
0.0141829
0.0141837
0.0141847
0.0141856
0.0141866
0.0141875
0.0141886
0.0141896
0.0141907
0.0141916
0.0141928
0.0141937
0.0141948
0.0141957
0.0141908
0.0135102
0.0141116
0.0141557
0.014163
0.0141628
0.0141628
0.0141637
0.0141657
0.0141677
0.0141692
0.0141695
0.0141693
0.0141687
0.0141681
0.0141678
0.0141675
0.0141675
0.0141674
0.0141675
0.0141675
0.0141677
0.0141678
0.014168
0.0141681
0.0141683
0.0141684
0.0141686
0.0141687
0.014169
0.0141691
0.0141693
0.0141694
0.0141697
0.0141698
0.01417
0.0141702
0.0141704
0.0141706
0.0141708
0.014171
0.0141712
0.0141715
0.0141717
0.0141719
0.0141721
0.0141724
0.0141726
0.0141729
0.0141731
0.0141734
0.0141736
0.0141739
0.0141742
0.0141745
0.0141747
0.0141751
0.0141754
0.0141757
0.0141761
0.0141765
0.0141768
0.0141772
0.0141776
0.0141781
0.0141785
0.0141791
0.0141796
0.0141802
0.0141807
0.0141814
0.014182
0.0141828
0.0141835
0.0141844
0.0141851
0.0141861
0.0141869
0.0141879
0.0141887
0.0141898
0.0141907
0.0141918
0.0141928
0.0141939
0.0141948
0.014196
0.0141968
0.014198
0.0141989
0.0141936
0.0136305
0.0141696
0.0142044
0.0142091
0.014209
0.0142091
0.0142104
0.0142122
0.0142138
0.0142149
0.0142152
0.014215
0.0142147
0.0142143
0.0142142
0.0142141
0.0142143
0.0142144
0.0142146
0.0142148
0.0142151
0.0142153
0.0142156
0.0142159
0.0142162
0.0142164
0.0142167
0.014217
0.0142173
0.0142176
0.0142179
0.0142181
0.0142185
0.0142187
0.014219
0.0142193
0.0142196
0.01422
0.0142203
0.0142206
0.0142209
0.0142212
0.0142215
0.0142219
0.0142222
0.0142225
0.0142228
0.0142232
0.0142235
0.0142239
0.0142242
0.0142246
0.0142249
0.0142253
0.0142257
0.0142261
0.0142264
0.0142269
0.0142273
0.0142277
0.0142282
0.0142287
0.0142291
0.0142297
0.0142301
0.0142308
0.0142313
0.014232
0.0142326
0.0142333
0.014234
0.0142348
0.0142355
0.0142365
0.0142372
0.0142382
0.0142391
0.0142402
0.0142411
0.0142422
0.0142431
0.0142443
0.0142453
0.0142465
0.0142474
0.0142486
0.0142495
0.0142508
0.0142517
0.0142485
0.013809
0.0142543
0.0142767
0.0142796
0.0142796
0.0142806
0.0142821
0.0142838
0.0142851
0.0142861
0.0142863
0.0142864
0.0142864
0.0142866
0.0142868
0.0142872
0.0142876
0.0142882
0.0142887
0.0142893
0.0142898
0.0142905
0.014291
0.0142917
0.0142922
0.0142929
0.0142935
0.0142942
0.0142947
0.0142954
0.0142959
0.0142967
0.0142972
0.0142979
0.0142985
0.0142992
0.0142997
0.0143005
0.014301
0.0143018
0.0143023
0.0143031
0.0143036
0.0143044
0.0143049
0.0143057
0.0143062
0.014307
0.0143075
0.0143083
0.0143089
0.0143096
0.0143102
0.0143109
0.0143115
0.0143123
0.0143129
0.0143137
0.0143143
0.0143151
0.0143158
0.0143166
0.0143172
0.0143181
0.0143188
0.0143197
0.0143205
0.0143214
0.0143222
0.0143232
0.0143241
0.0143252
0.0143261
0.0143272
0.0143282
0.0143294
0.0143304
0.0143317
0.0143327
0.0143341
0.0143351
0.0143365
0.0143375
0.0143389
0.0143399
0.0143413
0.0143423
0.0143436
0.0143447
0.0143404
0.0143606
0.0146364
0.0146432
0.0146436
0.0146431
0.0146443
0.0146452
0.014647
0.0146474
0.0146486
0.0146484
0.0146493
0.0146491
0.0146502
0.0146503
0.0146515
0.0146518
0.0146531
0.0146535
0.0146548
0.0146553
0.0146566
0.0146571
0.0146585
0.014659
0.0146604
0.014661
0.0146623
0.0146629
0.0146643
0.0146649
0.0146663
0.014667
0.0146684
0.014669
0.0146704
0.0146712
0.0146726
0.0146733
0.0146747
0.0146755
0.0146769
0.0146777
0.0146791
0.0146799
0.0146813
0.0146822
0.0146836
0.0146844
0.0146858
0.0146868
0.0146882
0.0146891
0.0146905
0.0146915
0.0146929
0.0146939
0.0146953
0.0146963
0.0146978
0.0146988
0.0147003
0.0147014
0.0147029
0.014704
0.0147056
0.0147067
0.0147084
0.0147095
0.0147112
0.0147124
0.0147141
0.0147154
0.0147172
0.0147185
0.0147203
0.0147216
0.0147234
0.0147248
0.0147266
0.0147279
0.0147298
0.014731
0.0147329
0.0147341
0.0147359
0.0147369
0.0147388
0.0147399
0.0147419
0.0148534
0.0149639
0.0149663
0.0149651
0.0149647
0.0149644
0.0149641
0.0149646
0.0149643
0.0149653
0.014965
0.014966
0.0149656
0.0149667
0.0149662
0.0149673
0.0149669
0.0149681
0.0149677
0.0149689
0.0149686
0.0149698
0.0149697
0.0149709
0.0149708
0.014972
0.014972
0.0149732
0.0149732
0.0149745
0.0149746
0.0149758
0.014976
0.0149773
0.0149775
0.0149788
0.0149791
0.0149804
0.0149807
0.014982
0.0149825
0.0149838
0.0149843
0.0149856
0.0149861
0.0149875
0.0149881
0.0149895
0.0149901
0.0149915
0.0149922
0.0149937
0.0149944
0.0149959
0.0149967
0.0149982
0.0149991
0.0150006
0.0150016
0.0150032
0.0150041
0.0150058
0.0150068
0.0150085
0.0150096
0.0150113
0.0150125
0.0150143
0.0150155
0.0150173
0.0150186
0.0150205
0.0150217
0.0150237
0.015025
0.015027
0.0150282
0.0150302
0.0150315
0.0150335
0.0150347
0.0150367
0.0150379
0.0150398
0.015041
0.0150429
0.015044
0.0150462
0.0150462
0.0150474
0.00514877
0.00525387
0.00524962
0.00524397
0.00524593
0.00524897
0.00525291
0.00525951
0.00526334
0.00527167
0.0052751
0.00528438
0.00528743
0.00529708
0.00529978
0.00530943
0.00531187
0.00532139
0.00532365
0.005333
0.00533516
0.00534431
0.00534644
0.00535539
0.00535756
0.0053663
0.00536853
0.00537708
0.00537941
0.00538778
0.00539022
0.00539841
0.00540098
0.00540901
0.00541171
0.00541959
0.00542242
0.00543017
0.00543312
0.00544075
0.00544383
0.00545135
0.00545454
0.00546195
0.00546526
0.00547258
0.00547599
0.00548321
0.00548673
0.00549386
0.00549747
0.00550451
0.0055082
0.00551515
0.00551892
0.00552577
0.00552959
0.00553635
0.0055402
0.00554686
0.00555072
0.00555729
0.00556113
0.00556758
0.00557139
0.00557772
0.00558145
0.00558765
0.00559127
0.00559732
0.00560079
0.00560666
0.00560994
0.0056156
0.00561864
0.00562408
0.00562684
0.00563202
0.00563444
0.00563934
0.0056414
0.00564599
0.00564764
0.00565188
0.00565307
0.00565695
0.00565758
0.00566112
0.00566079
0.00566248
0.00513656
0.00549975
0.00551999
0.00551812
0.00551868
0.00552009
0.00552231
0.00552529
0.00552727
0.00553061
0.00553233
0.00553613
0.00553792
0.00554212
0.00554399
0.00554834
0.00555023
0.00555455
0.00555642
0.00556067
0.00556251
0.00556669
0.0055685
0.00557259
0.00557438
0.00557839
0.00558018
0.00558409
0.00558589
0.00558972
0.00559152
0.00559527
0.00559707
0.00560075
0.00560256
0.00560615
0.00560796
0.00561148
0.0056133
0.00561674
0.00561856
0.00562192
0.00562373
0.00562701
0.00562883
0.00563203
0.00563383
0.00563695
0.00563875
0.00564179
0.00564357
0.00564653
0.00564829
0.00565118
0.00565291
0.00565573
0.00565743
0.00566017
0.00566185
0.00566451
0.00566615
0.00566875
0.00567035
0.00567288
0.00567444
0.00567691
0.00567843
0.00568083
0.00568231
0.00568465
0.00568609
0.00568837
0.00568976
0.00569198
0.00569332
0.00569548
0.00569675
0.00569885
0.00570005
0.00570209
0.00570319
0.00570517
0.00570616
0.00570808
0.00570892
0.00571077
0.00571146
0.00571308
0.00571375
0.00571504
0.00471377
0.005269
0.00532952
0.00533701
0.00533829
0.00533952
0.00534081
0.00534229
0.0053431
0.00534379
0.00534392
0.00534439
0.00534463
0.00534539
0.00534591
0.00534691
0.00534759
0.00534866
0.0053494
0.00535046
0.00535119
0.00535223
0.00535293
0.00535394
0.00535461
0.00535559
0.00535624
0.00535719
0.00535782
0.00535874
0.00535936
0.00536026
0.00536087
0.00536174
0.00536233
0.00536318
0.00536377
0.0053646
0.00536517
0.00536599
0.00536655
0.00536735
0.0053679
0.00536867
0.00536922
0.00536998
0.00537051
0.00537125
0.00537177
0.0053725
0.00537301
0.00537373
0.00537423
0.00537493
0.00537543
0.00537612
0.00537662
0.0053773
0.00537778
0.00537846
0.00537894
0.00537961
0.0053801
0.00538077
0.00538125
0.00538193
0.00538242
0.00538311
0.00538361
0.00538431
0.00538483
0.00538554
0.00538607
0.00538681
0.00538735
0.0053881
0.00538867
0.00538943
0.00539
0.00539079
0.00539136
0.00539217
0.00539273
0.00539355
0.00539411
0.00539489
0.00539548
0.00539613
0.0053969
0.00539601
0.00449709
0.00514244
0.00523644
0.00524974
0.00525429
0.00525309
0.0052553
0.00525476
0.00525631
0.00525486
0.00525478
0.00525277
0.0052523
0.00525076
0.00525054
0.0052496
0.00524958
0.00524904
0.00524911
0.00524875
0.00524885
0.00524857
0.00524868
0.00524845
0.00524855
0.00524837
0.00524846
0.00524831
0.0052484
0.00524828
0.00524836
0.00524827
0.00524835
0.00524828
0.00524836
0.0052483
0.00524838
0.00524834
0.00524842
0.0052484
0.00524847
0.00524846
0.00524853
0.00524853
0.00524861
0.00524862
0.0052487
0.00524871
0.00524879
0.00524882
0.00524891
0.00524894
0.00524903
0.00524908
0.00524918
0.00524924
0.00524935
0.00524942
0.00524954
0.00524963
0.00524976
0.00524987
0.00525001
0.00525014
0.0052503
0.00525046
0.00525065
0.00525084
0.00525105
0.00525127
0.00525151
0.00525177
0.00525205
0.00525234
0.00525265
0.00525298
0.00525332
0.00525369
0.00525406
0.00525446
0.00525485
0.00525528
0.00525568
0.00525612
0.00525651
0.00525695
0.00525732
0.0052577
0.00525792
0.00525684
0.00436813
0.00504621
0.00515233
0.00516848
0.00517283
0.00517085
0.00517266
0.00517254
0.00517464
0.00517383
0.00517385
0.0051718
0.00517104
0.0051692
0.00516869
0.00516764
0.00516748
0.00516714
0.00516719
0.00516698
0.00516708
0.00516693
0.00516703
0.00516689
0.00516698
0.00516685
0.00516693
0.00516681
0.00516687
0.00516677
0.00516682
0.00516672
0.00516677
0.00516668
0.00516672
0.00516664
0.00516667
0.0051666
0.00516663
0.00516656
0.00516659
0.00516654
0.00516656
0.00516651
0.00516654
0.00516649
0.00516652
0.00516648
0.00516651
0.00516648
0.00516651
0.0051665
0.00516653
0.00516653
0.00516657
0.00516657
0.00516662
0.00516664
0.0051667
0.00516673
0.0051668
0.00516686
0.00516694
0.00516701
0.00516711
0.00516721
0.00516734
0.00516747
0.00516761
0.00516778
0.00516795
0.00516815
0.00516836
0.00516859
0.00516883
0.00516909
0.00516936
0.00516966
0.00516995
0.00517028
0.00517059
0.00517095
0.00517127
0.00517163
0.00517197
0.00517233
0.00517268
0.00517299
0.00517332
0.00517187
0.00434555
0.00502758
0.00513418
0.00514889
0.0051517
0.00514839
0.00514953
0.00514956
0.0051518
0.00515148
0.00515186
0.00514978
0.00514897
0.00514701
0.00514639
0.00514514
0.00514484
0.00514414
0.00514401
0.00514357
0.00514353
0.0051432
0.00514317
0.00514291
0.00514289
0.00514268
0.00514265
0.00514248
0.00514246
0.00514231
0.0051423
0.00514218
0.00514216
0.00514206
0.00514205
0.00514196
0.00514195
0.00514188
0.00514187
0.00514182
0.00514181
0.00514176
0.00514176
0.00514172
0.00514172
0.00514169
0.00514169
0.00514167
0.00514167
0.00514166
0.00514166
0.00514166
0.00514167
0.00514167
0.00514169
0.0051417
0.00514173
0.00514175
0.00514179
0.00514183
0.00514187
0.00514193
0.00514198
0.00514206
0.00514213
0.00514223
0.00514233
0.00514245
0.00514257
0.00514273
0.00514288
0.00514306
0.00514324
0.00514346
0.00514367
0.00514392
0.00514416
0.00514444
0.00514471
0.00514501
0.0051453
0.00514562
0.00514592
0.00514625
0.00514655
0.00514687
0.0051471
0.00514741
0.00514748
0.00514592
0.0043454
0.00502669
0.00513278
0.0051472
0.00514981
0.00514657
0.00514777
0.0051481
0.00515032
0.00515038
0.00515103
0.00514914
0.00514846
0.00514661
0.00514603
0.00514482
0.00514452
0.00514382
0.0051437
0.00514327
0.00514322
0.0051429
0.00514288
0.00514263
0.00514261
0.00514241
0.00514239
0.00514222
0.0051422
0.00514207
0.00514205
0.00514194
0.00514193
0.00514183
0.00514182
0.00514175
0.00514174
0.00514168
0.00514167
0.00514162
0.00514162
0.00514158
0.00514158
0.00514155
0.00514155
0.00514152
0.00514153
0.00514151
0.00514152
0.00514151
0.00514152
0.00514152
0.00514154
0.00514154
0.00514157
0.00514159
0.00514161
0.00514164
0.00514168
0.00514173
0.00514177
0.00514183
0.0051419
0.00514198
0.00514205
0.00514216
0.00514226
0.00514238
0.00514251
0.00514267
0.00514282
0.00514301
0.00514319
0.00514342
0.00514363
0.00514388
0.00514413
0.00514441
0.00514468
0.00514499
0.00514528
0.0051456
0.00514591
0.00514624
0.00514654
0.00514686
0.00514709
0.00514741
0.00514749
0.00514595
0.00436786
0.00504397
0.00514931
0.00516524
0.00516961
0.00516801
0.00517021
0.00517103
0.00517334
0.00517353
0.00517428
0.00517277
0.00517234
0.00517079
0.00517042
0.00516935
0.00516916
0.00516865
0.00516868
0.0051685
0.00516861
0.00516847
0.00516858
0.00516846
0.00516856
0.00516845
0.00516853
0.00516844
0.00516851
0.00516842
0.00516848
0.0051684
0.00516845
0.00516838
0.00516843
0.00516837
0.00516841
0.00516836
0.0051684
0.00516835
0.00516839
0.00516835
0.00516838
0.00516835
0.00516839
0.00516836
0.00516839
0.00516837
0.00516841
0.0051684
0.00516844
0.00516844
0.00516848
0.00516849
0.00516854
0.00516856
0.00516862
0.00516866
0.00516872
0.00516877
0.00516885
0.00516892
0.00516901
0.0051691
0.00516921
0.00516933
0.00516946
0.0051696
0.00516976
0.00516994
0.00517012
0.00517033
0.00517054
0.00517079
0.00517103
0.00517131
0.00517159
0.0051719
0.0051722
0.00517253
0.00517286
0.00517321
0.00517356
0.00517392
0.00517428
0.00517464
0.00517499
0.0051753
0.00517566
0.00517421
0.00449511
0.00513783
0.00523181
0.00524577
0.00525091
0.00525059
0.00525348
0.00525431
0.00525647
0.00525632
0.0052571
0.00525571
0.00525565
0.00525438
0.00525429
0.00525346
0.00525346
0.00525295
0.00525304
0.0052527
0.00525282
0.00525257
0.00525268
0.00525248
0.00525259
0.00525244
0.00525254
0.00525242
0.00525251
0.00525242
0.00525252
0.00525245
0.00525254
0.0052525
0.00525259
0.00525256
0.00525265
0.00525264
0.00525273
0.00525273
0.00525282
0.00525283
0.00525292
0.00525295
0.00525304
0.00525307
0.00525316
0.00525321
0.0052533
0.00525335
0.00525346
0.00525352
0.00525362
0.0052537
0.00525381
0.0052539
0.00525402
0.00525412
0.00525425
0.00525436
0.00525451
0.00525464
0.0052548
0.00525496
0.00525513
0.00525532
0.00525552
0.00525573
0.00525595
0.0052562
0.00525646
0.00525674
0.00525703
0.00525734
0.00525767
0.00525802
0.00525838
0.00525876
0.00525915
0.00525956
0.00525997
0.0052604
0.00526084
0.00526128
0.00526171
0.00526215
0.00526253
0.00526292
0.00526317
0.00526213
0.00471028
0.00526589
0.0053293
0.00533891
0.00534173
0.00534425
0.00534694
0.00534971
0.00535184
0.00535363
0.00535458
0.00535561
0.00535621
0.00535719
0.00535784
0.00535892
0.00535964
0.00536076
0.00536151
0.00536262
0.00536336
0.00536443
0.00536514
0.00536619
0.00536687
0.00536788
0.00536855
0.00536953
0.00537018
0.00537113
0.00537176
0.00537269
0.00537331
0.00537422
0.00537483
0.00537571
0.00537631
0.00537718
0.00537777
0.00537861
0.00537919
0.00538002
0.00538059
0.0053814
0.00538196
0.00538275
0.0053833
0.00538408
0.00538462
0.00538538
0.00538591
0.00538666
0.00538718
0.00538791
0.00538843
0.00538916
0.00538967
0.00539038
0.00539089
0.0053916
0.00539211
0.00539281
0.00539331
0.00539402
0.00539452
0.00539523
0.00539575
0.00539646
0.00539699
0.00539772
0.00539826
0.00539901
0.00539956
0.00540032
0.00540089
0.00540167
0.00540225
0.00540305
0.00540364
0.00540445
0.00540505
0.00540587
0.00540647
0.00540729
0.00540789
0.0054087
0.00540929
0.00540999
0.00541081
0.00541002
0.00513661
0.00550906
0.00553467
0.0055356
0.00553813
0.00554121
0.00554512
0.00554956
0.00555284
0.00555721
0.00555963
0.00556398
0.00556608
0.00557056
0.00557257
0.00557708
0.00557904
0.00558351
0.00558543
0.00558983
0.00559171
0.00559603
0.00559788
0.0056021
0.00560394
0.00560807
0.0056099
0.00561395
0.00561577
0.00561973
0.00562157
0.00562544
0.00562728
0.00563107
0.00563291
0.00563662
0.00563847
0.0056421
0.00564396
0.0056475
0.00564936
0.00565282
0.00565468
0.00565806
0.00565991
0.00566321
0.00566505
0.00566827
0.0056701
0.00567324
0.00567505
0.00567811
0.0056799
0.00568288
0.00568465
0.00568755
0.0056893
0.00569212
0.00569383
0.00569658
0.00569825
0.00570093
0.00570256
0.00570517
0.00570677
0.0057093
0.00571086
0.00571333
0.00571485
0.00571726
0.00571872
0.00572108
0.00572249
0.00572479
0.00572614
0.00572838
0.00572967
0.00573184
0.00573306
0.00573516
0.00573629
0.00573832
0.00573936
0.00574129
0.00574222
0.00574405
0.00574482
0.00574649
0.00574716
0.00574884
0.00517151
0.00529209
0.00529378
0.00529116
0.00529527
0.00530029
0.00530615
0.00531441
0.00531964
0.00532915
0.00533337
0.00534338
0.00534685
0.00535698
0.00535992
0.00537
0.00537257
0.00538251
0.00538487
0.00539462
0.00539688
0.00540641
0.00540865
0.00541797
0.00542023
0.00542934
0.00543168
0.00544058
0.00544301
0.00545172
0.00545427
0.00546279
0.00546547
0.00547383
0.00547663
0.00548483
0.00548776
0.00549583
0.00549889
0.00550682
0.00551001
0.00551781
0.00552113
0.00552882
0.00553224
0.00553983
0.00554336
0.00555085
0.00555448
0.00556187
0.0055656
0.00557289
0.0055767
0.00558389
0.00558776
0.00559486
0.00559878
0.00560578
0.00560973
0.00561662
0.00562058
0.00562736
0.00563131
0.00563797
0.00564187
0.00564841
0.00565224
0.00565863
0.00566234
0.00566857
0.00567214
0.00567818
0.00568155
0.00568739
0.00569051
0.00569611
0.00569894
0.00570428
0.00570678
0.00571183
0.00571396
0.00571868
0.00572041
0.00572476
0.00572606
0.00572999
0.00573076
0.00573439
0.00573401
0.00573647
0.00514877
0.00525387
0.00524962
0.00524397
0.00524593
0.00524897
0.00525291
0.00525951
0.00526334
0.00527167
0.0052751
0.00528438
0.00528743
0.00529708
0.00529978
0.00530943
0.00531187
0.00532139
0.00532365
0.005333
0.00533516
0.00534431
0.00534644
0.00535539
0.00535756
0.0053663
0.00536853
0.00537708
0.00537941
0.00538778
0.00539022
0.00539841
0.00540098
0.00540901
0.00541171
0.00541959
0.00542242
0.00543017
0.00543312
0.00544075
0.00544383
0.00545135
0.00545454
0.00546195
0.00546526
0.00547258
0.00547599
0.00548321
0.00548673
0.00549386
0.00549747
0.00550451
0.0055082
0.00551515
0.00551892
0.00552577
0.00552959
0.00553635
0.0055402
0.00554686
0.00555072
0.00555729
0.00556113
0.00556759
0.00557139
0.00557772
0.00558145
0.00558765
0.00559127
0.00559732
0.00560079
0.00560666
0.00560994
0.0056156
0.00561864
0.00562408
0.00562684
0.00563202
0.00563444
0.00563934
0.0056414
0.00564599
0.00564764
0.00565188
0.00565307
0.00565695
0.00565758
0.00566112
0.00566079
0.00566248
0.00513656
0.00549975
0.00551999
0.00551812
0.00551868
0.00552009
0.00552231
0.00552529
0.00552727
0.00553061
0.00553233
0.00553613
0.00553792
0.00554212
0.00554399
0.00554834
0.00555023
0.00555455
0.00555642
0.00556067
0.00556251
0.00556669
0.0055685
0.00557259
0.00557438
0.00557839
0.00558018
0.00558409
0.00558589
0.00558972
0.00559152
0.00559527
0.00559707
0.00560075
0.00560256
0.00560615
0.00560796
0.00561148
0.0056133
0.00561674
0.00561856
0.00562192
0.00562373
0.00562701
0.00562883
0.00563203
0.00563383
0.00563695
0.00563875
0.00564179
0.00564357
0.00564653
0.00564829
0.00565118
0.00565291
0.00565573
0.00565743
0.00566017
0.00566185
0.00566451
0.00566615
0.00566875
0.00567035
0.00567288
0.00567444
0.00567691
0.00567843
0.00568083
0.00568231
0.00568465
0.00568609
0.00568837
0.00568976
0.00569198
0.00569332
0.00569548
0.00569675
0.00569885
0.00570005
0.00570209
0.00570319
0.00570517
0.00570616
0.00570808
0.00570892
0.00571077
0.00571146
0.00571308
0.00571375
0.00571504
0.00471377
0.005269
0.00532952
0.00533701
0.00533829
0.00533952
0.00534081
0.00534229
0.0053431
0.00534379
0.00534392
0.00534439
0.00534463
0.00534539
0.00534591
0.00534691
0.00534759
0.00534866
0.0053494
0.00535046
0.00535119
0.00535223
0.00535293
0.00535394
0.00535461
0.00535559
0.00535624
0.00535719
0.00535782
0.00535874
0.00535936
0.00536026
0.00536087
0.00536174
0.00536233
0.00536318
0.00536377
0.0053646
0.00536517
0.00536599
0.00536655
0.00536735
0.0053679
0.00536867
0.00536922
0.00536998
0.00537051
0.00537125
0.00537177
0.0053725
0.00537301
0.00537373
0.00537423
0.00537493
0.00537543
0.00537612
0.00537662
0.0053773
0.00537778
0.00537846
0.00537894
0.00537961
0.0053801
0.00538077
0.00538125
0.00538193
0.00538242
0.00538311
0.00538361
0.00538431
0.00538483
0.00538554
0.00538607
0.00538681
0.00538735
0.0053881
0.00538867
0.00538943
0.00539
0.00539079
0.00539136
0.00539217
0.00539273
0.00539355
0.0053941
0.00539489
0.00539548
0.00539613
0.0053969
0.00539601
0.00449709
0.00514244
0.00523644
0.00524974
0.00525429
0.00525309
0.0052553
0.00525476
0.00525631
0.00525486
0.00525478
0.00525277
0.0052523
0.00525076
0.00525054
0.0052496
0.00524958
0.00524904
0.00524911
0.00524875
0.00524885
0.00524857
0.00524867
0.00524845
0.00524855
0.00524837
0.00524846
0.00524831
0.0052484
0.00524828
0.00524836
0.00524827
0.00524835
0.00524828
0.00524836
0.0052483
0.00524838
0.00524834
0.00524842
0.0052484
0.00524847
0.00524846
0.00524853
0.00524853
0.00524861
0.00524862
0.0052487
0.00524871
0.00524879
0.00524882
0.0052489
0.00524894
0.00524903
0.00524908
0.00524918
0.00524924
0.00524935
0.00524942
0.00524954
0.00524963
0.00524976
0.00524987
0.00525001
0.00525014
0.0052503
0.00525046
0.00525065
0.00525084
0.00525105
0.00525127
0.00525151
0.00525177
0.00525204
0.00525234
0.00525265
0.00525298
0.00525332
0.00525369
0.00525406
0.00525446
0.00525485
0.00525528
0.00525568
0.00525612
0.00525651
0.00525695
0.00525732
0.00525769
0.00525792
0.00525684
0.00436813
0.00504621
0.00515233
0.00516848
0.00517283
0.00517085
0.00517266
0.00517254
0.00517464
0.00517383
0.00517385
0.0051718
0.00517104
0.0051692
0.00516869
0.00516764
0.00516748
0.00516714
0.00516719
0.00516698
0.00516708
0.00516693
0.00516703
0.00516689
0.00516698
0.00516685
0.00516693
0.00516681
0.00516687
0.00516677
0.00516682
0.00516672
0.00516677
0.00516668
0.00516672
0.00516664
0.00516667
0.0051666
0.00516663
0.00516656
0.00516659
0.00516653
0.00516656
0.00516651
0.00516654
0.00516649
0.00516652
0.00516648
0.00516651
0.00516648
0.00516651
0.0051665
0.00516653
0.00516653
0.00516657
0.00516657
0.00516662
0.00516664
0.0051667
0.00516673
0.0051668
0.00516685
0.00516694
0.00516701
0.00516711
0.00516721
0.00516734
0.00516747
0.00516761
0.00516778
0.00516795
0.00516815
0.00516836
0.00516859
0.00516882
0.00516909
0.00516936
0.00516966
0.00516995
0.00517028
0.00517059
0.00517094
0.00517127
0.00517163
0.00517197
0.00517233
0.00517268
0.00517299
0.00517332
0.00517187
0.00434555
0.00502758
0.00513418
0.00514889
0.0051517
0.00514839
0.00514953
0.00514956
0.0051518
0.00515148
0.00515186
0.00514978
0.00514897
0.00514701
0.00514639
0.00514514
0.00514484
0.00514414
0.00514401
0.00514357
0.00514353
0.0051432
0.00514317
0.00514291
0.00514289
0.00514268
0.00514265
0.00514248
0.00514246
0.00514231
0.00514229
0.00514218
0.00514216
0.00514206
0.00514205
0.00514196
0.00514195
0.00514188
0.00514187
0.00514182
0.00514181
0.00514176
0.00514176
0.00514172
0.00514172
0.00514169
0.00514169
0.00514167
0.00514167
0.00514166
0.00514166
0.00514166
0.00514167
0.00514167
0.00514169
0.0051417
0.00514173
0.00514175
0.00514179
0.00514183
0.00514187
0.00514193
0.00514198
0.00514206
0.00514213
0.00514223
0.00514233
0.00514245
0.00514257
0.00514273
0.00514288
0.00514306
0.00514324
0.00514346
0.00514367
0.00514392
0.00514416
0.00514444
0.00514471
0.00514501
0.0051453
0.00514562
0.00514592
0.00514625
0.00514655
0.00514687
0.0051471
0.00514741
0.00514748
0.00514592
0.0043454
0.00502669
0.00513278
0.0051472
0.00514981
0.00514657
0.00514777
0.0051481
0.00515032
0.00515038
0.00515103
0.00514914
0.00514846
0.00514661
0.00514603
0.00514481
0.00514452
0.00514382
0.0051437
0.00514327
0.00514322
0.0051429
0.00514288
0.00514263
0.00514261
0.00514241
0.00514239
0.00514222
0.0051422
0.00514207
0.00514205
0.00514194
0.00514192
0.00514183
0.00514182
0.00514175
0.00514174
0.00514168
0.00514167
0.00514162
0.00514162
0.00514158
0.00514158
0.00514155
0.00514155
0.00514152
0.00514153
0.00514151
0.00514152
0.00514151
0.00514152
0.00514152
0.00514153
0.00514154
0.00514157
0.00514158
0.00514161
0.00514164
0.00514168
0.00514173
0.00514177
0.00514183
0.0051419
0.00514198
0.00514205
0.00514216
0.00514226
0.00514238
0.00514251
0.00514267
0.00514282
0.00514301
0.00514319
0.00514341
0.00514363
0.00514388
0.00514413
0.00514441
0.00514468
0.00514499
0.00514528
0.0051456
0.00514591
0.00514624
0.00514654
0.00514686
0.00514709
0.00514741
0.00514749
0.00514595
0.00436786
0.00504397
0.00514931
0.00516524
0.00516961
0.00516801
0.00517021
0.00517103
0.00517334
0.00517353
0.00517428
0.00517277
0.00517234
0.00517079
0.00517042
0.00516935
0.00516916
0.00516865
0.00516868
0.0051685
0.00516861
0.00516847
0.00516858
0.00516846
0.00516856
0.00516845
0.00516853
0.00516844
0.00516851
0.00516842
0.00516848
0.0051684
0.00516845
0.00516838
0.00516843
0.00516837
0.00516841
0.00516835
0.0051684
0.00516835
0.00516839
0.00516835
0.00516838
0.00516835
0.00516838
0.00516836
0.00516839
0.00516837
0.00516841
0.0051684
0.00516844
0.00516844
0.00516848
0.00516849
0.00516854
0.00516856
0.00516862
0.00516866
0.00516872
0.00516877
0.00516885
0.00516892
0.00516901
0.0051691
0.00516921
0.00516933
0.00516946
0.0051696
0.00516976
0.00516993
0.00517012
0.00517033
0.00517054
0.00517079
0.00517103
0.00517131
0.00517158
0.0051719
0.00517219
0.00517253
0.00517286
0.00517321
0.00517356
0.00517392
0.00517428
0.00517464
0.00517499
0.0051753
0.00517566
0.00517421
0.00449511
0.00513783
0.00523181
0.00524577
0.00525091
0.00525059
0.00525348
0.00525431
0.00525647
0.00525632
0.0052571
0.00525571
0.00525565
0.00525438
0.00525429
0.00525346
0.00525346
0.00525295
0.00525304
0.0052527
0.00525282
0.00525257
0.00525268
0.00525248
0.00525259
0.00525244
0.00525254
0.00525242
0.00525251
0.00525242
0.00525252
0.00525245
0.00525254
0.0052525
0.00525259
0.00525256
0.00525265
0.00525264
0.00525273
0.00525273
0.00525282
0.00525283
0.00525292
0.00525295
0.00525304
0.00525307
0.00525316
0.00525321
0.0052533
0.00525335
0.00525345
0.00525352
0.00525362
0.0052537
0.00525381
0.0052539
0.00525402
0.00525412
0.00525425
0.00525436
0.00525451
0.00525464
0.0052548
0.00525496
0.00525513
0.00525532
0.00525552
0.00525573
0.00525595
0.0052562
0.00525646
0.00525674
0.00525703
0.00525734
0.00525767
0.00525802
0.00525838
0.00525876
0.00525915
0.00525956
0.00525997
0.0052604
0.00526084
0.00526128
0.00526171
0.00526215
0.00526253
0.00526292
0.00526317
0.00526213
0.00471028
0.00526589
0.0053293
0.00533891
0.00534173
0.00534425
0.00534694
0.00534971
0.00535184
0.00535363
0.00535458
0.00535561
0.00535621
0.00535719
0.00535784
0.00535892
0.00535964
0.00536076
0.00536151
0.00536262
0.00536336
0.00536443
0.00536514
0.00536619
0.00536687
0.00536788
0.00536855
0.00536953
0.00537018
0.00537113
0.00537176
0.00537269
0.00537331
0.00537422
0.00537483
0.00537571
0.00537631
0.00537718
0.00537777
0.00537861
0.00537919
0.00538002
0.00538059
0.0053814
0.00538196
0.00538275
0.0053833
0.00538408
0.00538462
0.00538538
0.00538591
0.00538666
0.00538718
0.00538791
0.00538843
0.00538916
0.00538967
0.00539038
0.00539089
0.0053916
0.00539211
0.00539281
0.00539331
0.00539402
0.00539452
0.00539523
0.00539575
0.00539646
0.00539699
0.00539772
0.00539826
0.00539901
0.00539956
0.00540032
0.00540089
0.00540167
0.00540225
0.00540305
0.00540364
0.00540445
0.00540505
0.00540587
0.00540647
0.00540729
0.00540789
0.0054087
0.00540929
0.00540999
0.00541081
0.00541002
0.00513661
0.00550906
0.00553467
0.0055356
0.00553813
0.00554121
0.00554512
0.00554956
0.00555284
0.00555721
0.00555963
0.00556398
0.00556608
0.00557056
0.00557257
0.00557708
0.00557904
0.00558351
0.00558543
0.00558983
0.00559171
0.00559603
0.00559788
0.0056021
0.00560394
0.00560807
0.0056099
0.00561395
0.00561577
0.00561973
0.00562157
0.00562544
0.00562728
0.00563107
0.00563291
0.00563662
0.00563847
0.0056421
0.00564396
0.0056475
0.00564936
0.00565282
0.00565468
0.00565806
0.00565991
0.00566321
0.00566505
0.00566827
0.0056701
0.00567324
0.00567505
0.00567811
0.0056799
0.00568288
0.00568465
0.00568755
0.0056893
0.00569212
0.00569383
0.00569658
0.00569825
0.00570093
0.00570256
0.00570517
0.00570677
0.0057093
0.00571086
0.00571333
0.00571485
0.00571726
0.00571872
0.00572108
0.00572249
0.00572479
0.00572614
0.00572838
0.00572967
0.00573184
0.00573306
0.00573516
0.00573629
0.00573832
0.00573936
0.00574129
0.00574222
0.00574405
0.00574482
0.00574649
0.00574716
0.00574885
0.00517151
0.00529209
0.00529378
0.00529116
0.00529527
0.00530029
0.00530615
0.00531441
0.00531964
0.00532915
0.00533337
0.00534338
0.00534685
0.00535698
0.00535992
0.00537
0.00537257
0.00538251
0.00538487
0.00539462
0.00539688
0.00540641
0.00540865
0.00541797
0.00542023
0.00542934
0.00543167
0.00544058
0.00544301
0.00545172
0.00545427
0.00546279
0.00546547
0.00547383
0.00547663
0.00548483
0.00548776
0.00549583
0.00549889
0.00550682
0.00551001
0.00551782
0.00552113
0.00552882
0.00553224
0.00553983
0.00554336
0.00555085
0.00555448
0.00556187
0.0055656
0.00557289
0.0055767
0.00558389
0.00558776
0.00559486
0.00559878
0.00560578
0.00560973
0.00561662
0.00562058
0.00562736
0.00563131
0.00563797
0.00564187
0.00564841
0.00565224
0.00565863
0.00566234
0.00566858
0.00567214
0.00567818
0.00568155
0.00568739
0.00569051
0.00569611
0.00569894
0.00570428
0.00570678
0.00571183
0.00571396
0.00571868
0.00572041
0.00572476
0.00572606
0.00572999
0.00573076
0.00573439
0.00573401
0.00573647
0.0148231
0.0149217
0.0149197
0.0149168
0.0149147
0.0149136
0.0149122
0.0149121
0.0149111
0.0149116
0.0149108
0.0149116
0.014911
0.0149119
0.0149114
0.0149125
0.0149121
0.0149132
0.0149129
0.014914
0.0149138
0.0149149
0.0149147
0.0149159
0.0149158
0.014917
0.0149169
0.0149181
0.0149181
0.0149193
0.0149194
0.0149206
0.0149207
0.0149219
0.0149221
0.0149233
0.0149236
0.0149248
0.0149252
0.0149264
0.0149268
0.014928
0.0149285
0.0149297
0.0149302
0.0149315
0.014932
0.0149333
0.0149339
0.0149353
0.0149359
0.0149373
0.014938
0.0149394
0.0149402
0.0149416
0.0149424
0.0149439
0.0149447
0.0149462
0.0149472
0.0149487
0.0149497
0.0149513
0.0149523
0.014954
0.0149551
0.0149568
0.0149579
0.0149597
0.0149608
0.0149626
0.0149638
0.0149657
0.0149669
0.0149688
0.01497
0.0149719
0.014973
0.0149749
0.0149761
0.0149779
0.0149791
0.0149809
0.0149819
0.0149838
0.0149847
0.0149869
0.0149866
0.0149876
0.0143593
0.0146298
0.0146339
0.0146328
0.0146309
0.0146312
0.0146309
0.0146319
0.0146316
0.0146322
0.0146316
0.0146322
0.0146319
0.0146329
0.0146329
0.0146341
0.0146343
0.0146356
0.014636
0.0146373
0.0146377
0.014639
0.0146395
0.0146408
0.0146413
0.0146426
0.0146431
0.0146444
0.014645
0.0146463
0.0146469
0.0146482
0.0146489
0.0146502
0.0146508
0.0146522
0.0146529
0.0146542
0.0146549
0.0146562
0.014657
0.0146583
0.0146591
0.0146604
0.0146612
0.0146625
0.0146633
0.0146647
0.0146655
0.0146669
0.0146677
0.0146691
0.01467
0.0146713
0.0146722
0.0146736
0.0146746
0.014676
0.0146769
0.0146783
0.0146793
0.0146808
0.0146818
0.0146833
0.0146843
0.0146859
0.014687
0.0146885
0.0146897
0.0146913
0.0146925
0.0146942
0.0146954
0.0146971
0.0146984
0.0147001
0.0147014
0.0147032
0.0147045
0.0147063
0.0147076
0.0147094
0.0147106
0.0147124
0.0147135
0.0147153
0.0147164
0.0147182
0.014719
0.0147207
0.0138117
0.014257
0.0142782
0.01428
0.0142788
0.0142791
0.0142794
0.0142804
0.0142807
0.0142808
0.0142803
0.0142801
0.0142797
0.0142798
0.0142798
0.0142802
0.0142805
0.0142811
0.0142816
0.0142822
0.0142827
0.0142833
0.0142838
0.0142845
0.014285
0.0142857
0.0142862
0.0142869
0.0142874
0.014288
0.0142886
0.0142892
0.0142898
0.0142904
0.014291
0.0142917
0.0142922
0.0142929
0.0142934
0.0142941
0.0142946
0.0142953
0.0142959
0.0142966
0.0142971
0.0142978
0.0142984
0.0142991
0.0142996
0.0143003
0.0143009
0.0143016
0.0143021
0.0143029
0.0143034
0.0143042
0.0143048
0.0143055
0.0143061
0.0143069
0.0143075
0.0143083
0.0143089
0.0143098
0.0143104
0.0143113
0.014312
0.014313
0.0143137
0.0143147
0.0143156
0.0143166
0.0143175
0.0143186
0.0143196
0.0143208
0.0143218
0.014323
0.014324
0.0143253
0.0143264
0.0143277
0.0143287
0.0143301
0.0143311
0.0143325
0.0143334
0.0143347
0.0143355
0.014331
0.0136318
0.0141729
0.0142081
0.0142126
0.0142119
0.0142117
0.0142121
0.0142132
0.014214
0.0142142
0.0142138
0.014213
0.0142124
0.0142118
0.0142116
0.0142114
0.0142115
0.0142116
0.0142118
0.014212
0.0142123
0.0142125
0.0142128
0.014213
0.0142133
0.0142135
0.0142138
0.0142141
0.0142144
0.0142146
0.0142149
0.0142152
0.0142155
0.0142157
0.014216
0.0142163
0.0142166
0.0142169
0.0142172
0.0142175
0.0142178
0.0142181
0.0142184
0.0142187
0.014219
0.0142193
0.0142196
0.0142199
0.0142202
0.0142206
0.0142209
0.0142212
0.0142215
0.0142219
0.0142223
0.0142226
0.014223
0.0142234
0.0142238
0.0142242
0.0142246
0.0142251
0.0142255
0.0142261
0.0142265
0.0142271
0.0142277
0.0142283
0.0142289
0.0142296
0.0142303
0.0142311
0.0142318
0.0142327
0.0142335
0.0142344
0.0142353
0.0142363
0.0142372
0.0142383
0.0142392
0.0142404
0.0142413
0.0142425
0.0142435
0.0142446
0.0142456
0.0142468
0.0142476
0.0142443
0.0135103
0.0141129
0.0141574
0.0141649
0.0141645
0.0141644
0.0141646
0.0141661
0.0141676
0.0141683
0.0141681
0.0141674
0.0141665
0.0141658
0.0141653
0.0141649
0.0141649
0.0141647
0.0141649
0.0141648
0.0141651
0.0141651
0.0141653
0.0141654
0.0141656
0.0141657
0.0141659
0.014166
0.0141662
0.0141663
0.0141665
0.0141667
0.0141669
0.014167
0.0141672
0.0141674
0.0141676
0.0141678
0.014168
0.0141682
0.0141684
0.0141686
0.0141688
0.014169
0.0141692
0.0141695
0.0141697
0.0141699
0.0141701
0.0141704
0.0141706
0.0141709
0.0141712
0.0141715
0.0141717
0.014172
0.0141723
0.0141727
0.014173
0.0141734
0.0141737
0.0141741
0.0141745
0.014175
0.0141754
0.014176
0.0141764
0.014177
0.0141776
0.0141783
0.0141789
0.0141796
0.0141803
0.0141811
0.0141819
0.0141828
0.0141836
0.0141846
0.0141855
0.0141865
0.0141874
0.0141886
0.0141895
0.0141906
0.0141915
0.0141927
0.0141935
0.0141947
0.0141955
0.0141901
0.0134878
0.0141094
0.0141565
0.0141647
0.0141642
0.0141638
0.014164
0.0141656
0.0141676
0.0141686
0.0141687
0.014168
0.0141671
0.0141662
0.0141656
0.0141651
0.014165
0.0141648
0.0141649
0.0141649
0.0141651
0.0141651
0.0141653
0.0141654
0.0141656
0.0141657
0.0141659
0.014166
0.0141661
0.0141663
0.0141665
0.0141666
0.0141668
0.0141669
0.0141671
0.0141673
0.0141675
0.0141676
0.0141678
0.014168
0.0141682
0.0141684
0.0141686
0.0141688
0.014169
0.0141693
0.0141695
0.0141697
0.01417
0.0141702
0.0141704
0.0141707
0.014171
0.0141713
0.0141715
0.0141719
0.0141721
0.0141725
0.0141728
0.0141732
0.0141735
0.014174
0.0141743
0.0141748
0.0141752
0.0141758
0.0141762
0.0141769
0.0141774
0.0141781
0.0141787
0.0141794
0.0141801
0.014181
0.0141817
0.0141826
0.0141834
0.0141844
0.0141853
0.0141864
0.0141873
0.0141884
0.0141893
0.0141904
0.0141914
0.0141925
0.0141934
0.0141945
0.0141954
0.0141905
0.0134876
0.0141087
0.0141554
0.0141634
0.0141628
0.0141625
0.0141629
0.0141646
0.0141667
0.0141681
0.0141683
0.0141678
0.014167
0.0141662
0.0141656
0.0141652
0.0141651
0.0141649
0.014165
0.014165
0.0141652
0.0141652
0.0141654
0.0141655
0.0141657
0.0141657
0.0141659
0.014166
0.0141662
0.0141664
0.0141666
0.0141667
0.0141669
0.014167
0.0141672
0.0141674
0.0141676
0.0141678
0.014168
0.0141682
0.0141684
0.0141686
0.0141688
0.014169
0.0141692
0.0141694
0.0141697
0.0141699
0.0141701
0.0141704
0.0141706
0.0141709
0.0141711
0.0141715
0.0141717
0.0141721
0.0141723
0.0141727
0.014173
0.0141734
0.0141737
0.0141742
0.0141746
0.014175
0.0141755
0.014176
0.0141765
0.0141771
0.0141776
0.0141783
0.0141789
0.0141797
0.0141804
0.0141812
0.014182
0.0141829
0.0141837
0.0141847
0.0141856
0.0141866
0.0141875
0.0141886
0.0141896
0.0141907
0.0141916
0.0141928
0.0141937
0.0141948
0.0141957
0.0141908
0.0135102
0.0141116
0.0141557
0.014163
0.0141628
0.0141628
0.0141637
0.0141657
0.0141677
0.0141692
0.0141695
0.0141693
0.0141687
0.0141681
0.0141678
0.0141675
0.0141675
0.0141674
0.0141675
0.0141675
0.0141677
0.0141678
0.014168
0.0141681
0.0141683
0.0141684
0.0141686
0.0141687
0.014169
0.0141691
0.0141693
0.0141694
0.0141697
0.0141698
0.01417
0.0141702
0.0141704
0.0141706
0.0141708
0.014171
0.0141712
0.0141715
0.0141717
0.0141719
0.0141721
0.0141724
0.0141726
0.0141729
0.0141731
0.0141734
0.0141736
0.0141739
0.0141742
0.0141745
0.0141747
0.0141751
0.0141754
0.0141757
0.0141761
0.0141765
0.0141768
0.0141772
0.0141776
0.0141781
0.0141785
0.0141791
0.0141796
0.0141802
0.0141807
0.0141814
0.014182
0.0141828
0.0141835
0.0141844
0.0141851
0.014186
0.0141869
0.0141879
0.0141887
0.0141898
0.0141907
0.0141918
0.0141928
0.0141939
0.0141948
0.014196
0.0141968
0.014198
0.0141989
0.0141936
0.0136305
0.0141696
0.0142044
0.0142091
0.014209
0.0142091
0.0142104
0.0142122
0.0142138
0.0142149
0.0142152
0.014215
0.0142147
0.0142143
0.0142142
0.0142141
0.0142143
0.0142144
0.0142146
0.0142148
0.0142151
0.0142153
0.0142156
0.0142159
0.0142162
0.0142164
0.0142167
0.014217
0.0142173
0.0142176
0.0142179
0.0142181
0.0142185
0.0142187
0.014219
0.0142193
0.0142196
0.01422
0.0142203
0.0142206
0.0142209
0.0142212
0.0142215
0.0142219
0.0142222
0.0142225
0.0142228
0.0142232
0.0142235
0.0142239
0.0142242
0.0142246
0.0142249
0.0142253
0.0142257
0.0142261
0.0142264
0.0142269
0.0142273
0.0142277
0.0142282
0.0142287
0.0142291
0.0142297
0.0142301
0.0142308
0.0142313
0.014232
0.0142326
0.0142333
0.014234
0.0142348
0.0142355
0.0142365
0.0142372
0.0142382
0.0142391
0.0142402
0.0142411
0.0142422
0.0142431
0.0142443
0.0142453
0.0142465
0.0142474
0.0142486
0.0142495
0.0142508
0.0142517
0.0142485
0.013809
0.0142543
0.0142767
0.0142796
0.0142796
0.0142806
0.0142821
0.0142838
0.0142851
0.0142861
0.0142863
0.0142864
0.0142864
0.0142866
0.0142868
0.0142872
0.0142876
0.0142882
0.0142887
0.0142893
0.0142898
0.0142905
0.014291
0.0142917
0.0142922
0.0142929
0.0142935
0.0142942
0.0142947
0.0142954
0.0142959
0.0142967
0.0142972
0.0142979
0.0142985
0.0142992
0.0142997
0.0143005
0.014301
0.0143018
0.0143023
0.0143031
0.0143036
0.0143044
0.0143049
0.0143057
0.0143062
0.014307
0.0143075
0.0143083
0.0143089
0.0143096
0.0143102
0.0143109
0.0143115
0.0143123
0.0143129
0.0143137
0.0143143
0.0143151
0.0143158
0.0143166
0.0143172
0.0143181
0.0143188
0.0143197
0.0143205
0.0143214
0.0143222
0.0143232
0.0143241
0.0143252
0.0143261
0.0143272
0.0143282
0.0143294
0.0143304
0.0143317
0.0143327
0.0143341
0.0143351
0.0143365
0.0143375
0.0143389
0.0143399
0.0143413
0.0143423
0.0143436
0.0143447
0.0143404
0.0143606
0.0146364
0.0146432
0.0146436
0.0146431
0.0146443
0.0146452
0.014647
0.0146474
0.0146486
0.0146484
0.0146493
0.0146491
0.0146502
0.0146503
0.0146515
0.0146518
0.0146531
0.0146535
0.0146548
0.0146553
0.0146566
0.0146571
0.0146585
0.014659
0.0146604
0.014661
0.0146623
0.0146629
0.0146643
0.0146649
0.0146663
0.014667
0.0146684
0.014669
0.0146704
0.0146712
0.0146726
0.0146733
0.0146747
0.0146755
0.0146769
0.0146777
0.0146791
0.0146799
0.0146813
0.0146822
0.0146836
0.0146844
0.0146858
0.0146868
0.0146882
0.0146891
0.0146905
0.0146915
0.0146929
0.0146939
0.0146953
0.0146963
0.0146978
0.0146988
0.0147003
0.0147014
0.0147029
0.014704
0.0147056
0.0147067
0.0147084
0.0147095
0.0147112
0.0147124
0.0147141
0.0147154
0.0147172
0.0147185
0.0147203
0.0147216
0.0147234
0.0147248
0.0147266
0.0147279
0.0147298
0.014731
0.0147329
0.0147341
0.0147359
0.014737
0.0147388
0.0147399
0.0147419
0.0148534
0.0149639
0.0149663
0.0149651
0.0149647
0.0149644
0.0149641
0.0149646
0.0149643
0.0149653
0.014965
0.014966
0.0149656
0.0149667
0.0149662
0.0149673
0.0149669
0.0149681
0.0149677
0.0149689
0.0149686
0.0149698
0.0149697
0.0149709
0.0149708
0.014972
0.014972
0.0149732
0.0149732
0.0149745
0.0149746
0.0149758
0.014976
0.0149773
0.0149775
0.0149788
0.0149791
0.0149804
0.0149807
0.014982
0.0149825
0.0149838
0.0149843
0.0149856
0.0149861
0.0149875
0.0149881
0.0149895
0.0149901
0.0149915
0.0149922
0.0149937
0.0149944
0.0149959
0.0149967
0.0149982
0.0149991
0.0150006
0.0150016
0.0150032
0.0150041
0.0150058
0.0150068
0.0150085
0.0150096
0.0150113
0.0150125
0.0150143
0.0150155
0.0150173
0.0150186
0.0150205
0.0150217
0.0150237
0.015025
0.015027
0.0150282
0.0150302
0.0150315
0.0150335
0.0150347
0.0150367
0.0150379
0.0150398
0.015041
0.0150429
0.015044
0.0150462
0.0150462
0.0150474
0.0324744
0.0325318
0.0325315
0.0325294
0.0325271
0.0325249
0.0325228
0.0325208
0.0325196
0.0325184
0.0325179
0.0325169
0.0325164
0.0325154
0.0325149
0.0325139
0.0325134
0.0325124
0.0325119
0.032511
0.0325105
0.0325096
0.0325092
0.0325083
0.0325079
0.0325071
0.0325068
0.032506
0.0325057
0.0325049
0.0325046
0.032504
0.0325036
0.032503
0.0325028
0.0325022
0.0325019
0.0325014
0.0325012
0.0325007
0.0325005
0.0325001
0.0324999
0.0324996
0.0324994
0.0324991
0.032499
0.0324987
0.0324986
0.0324984
0.0324984
0.0324982
0.0324982
0.0324982
0.0324982
0.0324983
0.0324984
0.0324985
0.0324987
0.0324989
0.0324992
0.0324995
0.0324999
0.0325004
0.0325008
0.0325015
0.0325021
0.0325029
0.0325036
0.0325046
0.0325056
0.0325068
0.0325079
0.0325093
0.0325105
0.0325121
0.0325135
0.0325153
0.0325169
0.0325188
0.0325205
0.0325225
0.0325243
0.0325264
0.0325284
0.0325305
0.0325325
0.0325348
0.0325339
0.0325337
0.0186552
0.0189105
0.018909
0.01891
0.0189039
0.018906
0.0189028
0.0189053
0.0189026
0.0189042
0.0189016
0.018903
0.0189011
0.0189027
0.0189016
0.0189033
0.0189026
0.0189044
0.018904
0.0189057
0.0189055
0.0189073
0.0189072
0.0189089
0.018909
0.0189107
0.0189109
0.0189126
0.0189129
0.0189146
0.018915
0.0189167
0.0189171
0.0189189
0.0189194
0.0189211
0.0189217
0.0189235
0.0189241
0.0189259
0.0189266
0.0189284
0.0189292
0.018931
0.0189319
0.0189337
0.0189346
0.0189364
0.0189374
0.0189393
0.0189403
0.0189422
0.0189433
0.0189452
0.0189464
0.0189483
0.0189495
0.0189515
0.0189528
0.0189548
0.0189562
0.0189582
0.0189596
0.0189618
0.0189632
0.0189654
0.0189669
0.0189692
0.0189707
0.018973
0.0189746
0.018977
0.0189786
0.018981
0.0189827
0.0189851
0.0189868
0.0189892
0.0189909
0.0189932
0.0189948
0.0189972
0.0189987
0.0190009
0.0190024
0.0190044
0.0190058
0.0190078
0.0190064
0.0190059
0.0150344
0.0154811
0.0154865
0.0154921
0.0154828
0.0154886
0.0154833
0.0154897
0.0154858
0.0154911
0.0154875
0.0154924
0.0154899
0.0154948
0.0154936
0.0154985
0.0154981
0.015503
0.0155031
0.015508
0.0155085
0.0155133
0.0155141
0.0155189
0.0155199
0.0155246
0.0155258
0.0155306
0.015532
0.0155366
0.0155382
0.0155429
0.0155446
0.0155492
0.015551
0.0155557
0.0155576
0.0155622
0.0155643
0.0155689
0.015571
0.0155756
0.0155778
0.0155824
0.0155847
0.0155893
0.0155917
0.0155962
0.0155987
0.0156032
0.0156058
0.0156102
0.0156129
0.0156173
0.01562
0.0156244
0.0156272
0.0156316
0.0156344
0.0156387
0.0156416
0.0156459
0.0156488
0.0156531
0.015656
0.0156603
0.0156631
0.0156674
0.0156703
0.0156745
0.0156773
0.0156815
0.0156842
0.0156883
0.015691
0.015695
0.0156975
0.0157014
0.0157038
0.0157075
0.0157097
0.0157131
0.0157152
0.0157184
0.0157202
0.0157231
0.0157247
0.0157273
0.0157283
0.015725
0.0144924
0.0150843
0.0151064
0.0151178
0.015108
0.015116
0.0151099
0.0151182
0.0151141
0.0151218
0.0151179
0.0151249
0.0151222
0.0151291
0.0151279
0.0151346
0.0151345
0.0151412
0.0151418
0.0151485
0.0151495
0.0151561
0.0151576
0.0151641
0.0151658
0.0151724
0.0151743
0.0151808
0.015183
0.0151894
0.0151918
0.0151982
0.0152008
0.0152071
0.0152098
0.0152162
0.015219
0.0152253
0.0152283
0.0152346
0.0152376
0.0152439
0.0152471
0.0152533
0.0152565
0.0152627
0.0152661
0.0152721
0.0152756
0.0152816
0.0152852
0.0152912
0.0152948
0.0153007
0.0153044
0.0153103
0.015314
0.0153199
0.0153236
0.0153294
0.0153332
0.0153389
0.0153427
0.0153483
0.0153521
0.0153577
0.0153614
0.0153669
0.0153706
0.015376
0.0153796
0.0153849
0.0153884
0.0153936
0.015397
0.015402
0.0154051
0.0154099
0.0154129
0.0154175
0.0154202
0.0154244
0.0154269
0.0154308
0.015433
0.0154366
0.0154384
0.0154416
0.0154437
0.0154395
0.0144612
0.0151317
0.0151696
0.0151871
0.015178
0.0151878
0.0151817
0.0151909
0.0151872
0.0151959
0.0151919
0.0152
0.015197
0.0152048
0.0152035
0.0152111
0.0152111
0.0152187
0.0152196
0.0152272
0.0152286
0.0152361
0.0152379
0.0152454
0.0152476
0.0152551
0.0152574
0.0152649
0.0152675
0.015275
0.0152778
0.0152852
0.0152882
0.0152956
0.0152988
0.0153061
0.0153094
0.0153167
0.0153202
0.0153275
0.0153311
0.0153383
0.015342
0.0153491
0.015353
0.01536
0.015364
0.015371
0.015375
0.0153819
0.0153861
0.015393
0.0153972
0.015404
0.0154083
0.015415
0.0154193
0.015426
0.0154303
0.0154369
0.0154413
0.0154478
0.0154522
0.0154586
0.015463
0.0154693
0.0154736
0.0154799
0.0154841
0.0154903
0.0154944
0.0155004
0.0155044
0.0155103
0.0155141
0.0155197
0.0155233
0.0155287
0.0155321
0.0155372
0.0155402
0.015545
0.0155478
0.0155522
0.0155546
0.0155587
0.0155608
0.0155642
0.015567
0.0155623
0.0144836
0.0151981
0.015246
0.0152679
0.01526
0.0152711
0.0152654
0.015275
0.015272
0.015281
0.0152773
0.0152859
0.0152828
0.015291
0.0152896
0.0152977
0.0152977
0.0153058
0.0153067
0.0153147
0.0153163
0.0153243
0.0153262
0.0153342
0.0153365
0.0153444
0.015347
0.0153549
0.0153578
0.0153656
0.0153687
0.0153765
0.0153798
0.0153876
0.015391
0.0153988
0.0154024
0.0154101
0.0154139
0.0154215
0.0154254
0.015433
0.015437
0.0154446
0.0154487
0.0154562
0.0154604
0.0154678
0.0154722
0.0154795
0.015484
0.0154912
0.0154957
0.0155029
0.0155075
0.0155147
0.0155193
0.0155263
0.015531
0.015538
0.0155426
0.0155495
0.0155542
0.015561
0.0155656
0.0155723
0.0155769
0.0155835
0.015588
0.0155945
0.0155989
0.0156053
0.0156095
0.0156157
0.0156197
0.0156257
0.0156295
0.0156352
0.0156387
0.0156441
0.0156474
0.0156524
0.0156553
0.01566
0.0156625
0.0156668
0.015669
0.0156725
0.0156755
0.0156707
0.0144838
0.0151989
0.0152477
0.0152704
0.0152629
0.0152741
0.015269
0.0152789
0.0152763
0.0152852
0.0152819
0.0152905
0.0152876
0.0152958
0.0152945
0.0153026
0.0153027
0.0153107
0.0153117
0.0153197
0.0153213
0.0153293
0.0153312
0.0153392
0.0153415
0.0153495
0.0153521
0.01536
0.0153629
0.0153708
0.0153738
0.0153817
0.0153849
0.0153928
0.0153962
0.015404
0.0154076
0.0154154
0.0154191
0.0154268
0.0154307
0.0154383
0.0154423
0.0154499
0.015454
0.0154616
0.0154658
0.0154732
0.0154776
0.0154849
0.0154894
0.0154967
0.0155012
0.0155084
0.015513
0.0155201
0.0155248
0.0155318
0.0155365
0.0155435
0.0155481
0.0155551
0.0155597
0.0155666
0.0155712
0.0155779
0.0155825
0.0155891
0.0155936
0.0156002
0.0156045
0.0156109
0.0156152
0.0156213
0.0156254
0.0156314
0.0156352
0.0156409
0.0156444
0.0156499
0.0156531
0.0156582
0.0156611
0.0156657
0.0156683
0.0156725
0.0156748
0.0156783
0.0156813
0.0156765
0.014462
0.0151348
0.0151747
0.0151939
0.015186
0.015196
0.0151913
0.0152009
0.0151984
0.0152069
0.015204
0.0152122
0.0152097
0.0152175
0.0152164
0.0152241
0.0152242
0.0152319
0.0152327
0.0152404
0.0152418
0.0152494
0.0152512
0.0152588
0.0152609
0.0152685
0.0152709
0.0152784
0.0152811
0.0152886
0.0152914
0.0152989
0.0153019
0.0153094
0.0153126
0.01532
0.0153233
0.0153307
0.0153342
0.0153415
0.0153451
0.0153524
0.0153561
0.0153633
0.0153672
0.0153743
0.0153783
0.0153854
0.0153894
0.0153964
0.0154006
0.0154075
0.0154118
0.0154186
0.0154229
0.0154297
0.0154341
0.0154408
0.0154452
0.0154518
0.0154562
0.0154628
0.0154672
0.0154736
0.015478
0.0154844
0.0154887
0.015495
0.0154993
0.0155055
0.0155096
0.0155157
0.0155197
0.0155256
0.0155294
0.0155351
0.0155387
0.0155442
0.0155475
0.0155527
0.0155557
0.0155606
0.0155633
0.0155678
0.0155702
0.0155743
0.0155764
0.0155798
0.0155825
0.0155781
0.0144932
0.015088
0.015113
0.0151266
0.0151184
0.0151264
0.0151221
0.0151307
0.0151283
0.0151359
0.0151334
0.0151407
0.0151385
0.0151456
0.0151446
0.0151514
0.0151514
0.0151582
0.0151589
0.0151656
0.0151667
0.0151735
0.0151749
0.0151816
0.0151833
0.01519
0.015192
0.0151986
0.0152008
0.0152074
0.0152098
0.0152163
0.0152189
0.0152254
0.0152281
0.0152346
0.0152375
0.0152439
0.0152469
0.0152533
0.0152564
0.0152627
0.015266
0.0152723
0.0152756
0.0152818
0.0152853
0.0152914
0.015295
0.0153011
0.0153047
0.0153108
0.0153145
0.0153205
0.0153242
0.0153302
0.015334
0.0153399
0.0153437
0.0153495
0.0153534
0.0153591
0.015363
0.0153687
0.0153725
0.0153782
0.015382
0.0153875
0.0153913
0.0153968
0.0154004
0.0154058
0.0154093
0.0154146
0.0154179
0.015423
0.0154262
0.0154311
0.015434
0.0154387
0.0154414
0.0154457
0.0154482
0.0154522
0.0154543
0.015458
0.0154598
0.015463
0.0154651
0.0154611
0.0150321
0.0154807
0.0154884
0.0154956
0.0154877
0.0154932
0.0154894
0.0154959
0.0154934
0.0154989
0.0154964
0.0155017
0.0154997
0.0155048
0.0155038
0.0155089
0.0155086
0.0155136
0.0155138
0.0155188
0.0155193
0.0155243
0.0155251
0.0155301
0.0155311
0.015536
0.0155373
0.0155421
0.0155436
0.0155484
0.01555
0.0155549
0.0155566
0.0155614
0.0155633
0.0155681
0.0155701
0.0155748
0.0155769
0.0155817
0.0155839
0.0155886
0.0155909
0.0155956
0.015598
0.0156027
0.0156052
0.0156098
0.0156124
0.015617
0.0156196
0.0156242
0.0156269
0.0156315
0.0156343
0.0156388
0.0156417
0.0156462
0.015649
0.0156535
0.0156564
0.0156609
0.0156638
0.0156682
0.0156712
0.0156756
0.0156785
0.0156829
0.0156858
0.0156901
0.015693
0.0156972
0.0157
0.0157042
0.0157069
0.015711
0.0157136
0.0157175
0.01572
0.0157237
0.015726
0.0157295
0.0157316
0.0157349
0.0157367
0.0157397
0.0157413
0.015744
0.0157449
0.0157419
0.0186506
0.0189075
0.0189077
0.0189098
0.0189044
0.0189067
0.0189039
0.0189067
0.0189046
0.0189067
0.0189048
0.0189066
0.018905
0.0189069
0.0189058
0.0189077
0.0189071
0.0189089
0.0189085
0.0189104
0.0189102
0.0189121
0.018912
0.0189138
0.0189139
0.0189157
0.0189159
0.0189178
0.0189181
0.0189199
0.0189203
0.0189221
0.0189226
0.0189244
0.018925
0.0189268
0.0189274
0.0189293
0.01893
0.0189319
0.0189326
0.0189345
0.0189354
0.0189373
0.0189382
0.0189401
0.018941
0.018943
0.018944
0.018946
0.0189471
0.018949
0.0189502
0.0189522
0.0189534
0.0189555
0.0189567
0.0189588
0.0189602
0.0189623
0.0189637
0.0189658
0.0189673
0.0189695
0.018971
0.0189733
0.0189749
0.0189772
0.0189788
0.0189812
0.0189829
0.0189853
0.018987
0.0189895
0.0189912
0.0189937
0.0189955
0.018998
0.0189996
0.0190021
0.0190038
0.0190061
0.0190077
0.01901
0.0190115
0.0190137
0.019015
0.0190172
0.0190157
0.0190153
0.032507
0.0325726
0.0325773
0.032579
0.0325786
0.032577
0.0325751
0.032574
0.0325742
0.0325748
0.0325758
0.0325762
0.0325766
0.0325763
0.0325762
0.0325755
0.0325751
0.0325742
0.0325737
0.0325728
0.0325724
0.0325715
0.0325711
0.0325703
0.0325699
0.0325692
0.0325688
0.0325681
0.0325678
0.0325671
0.0325668
0.0325662
0.0325659
0.0325654
0.0325651
0.0325646
0.0325644
0.0325639
0.0325637
0.0325633
0.0325631
0.0325628
0.0325626
0.0325623
0.0325622
0.0325619
0.0325618
0.0325616
0.0325616
0.0325615
0.0325614
0.0325614
0.0325614
0.0325615
0.0325615
0.0325617
0.0325618
0.032562
0.0325623
0.0325626
0.0325629
0.0325633
0.0325638
0.0325643
0.0325649
0.0325656
0.0325663
0.0325672
0.0325681
0.0325692
0.0325702
0.0325716
0.0325727
0.0325743
0.0325757
0.0325774
0.032579
0.0325809
0.0325826
0.0325846
0.0325865
0.0325887
0.0325907
0.0325929
0.032595
0.0325973
0.0325995
0.0326019
0.0326013
0.0326013
)
;

boundaryField
{
    upperWall
    {
        type            zeroGradient;
    }
    lowerWall
    {
        type            zeroGradient;
    }
    heatedWall
    {
        type            zeroGradient;
    }
    inlet
    {
        type            zeroGradient;
    }
    outlet
    {
        type            zeroGradient;
    }
    frontAndBack
    {
        type            empty;
    }
}


// ************************************************************************* //
