/*--------------------------------*- C++ -*----------------------------------*\
  =========                 |
  \\      /  F ield         | OpenFOAM: The Open Source CFD Toolbox
   \\    /   O peration     | Website:  https://openfoam.org
    \\  /    A nd           | Version:  7
     \\/     M anipulation  |
\*---------------------------------------------------------------------------*/
FoamFile
{
    version     2.0;
    format      ascii;
    class       volScalarField;
    location    "2.3725";
    object      nut;
}
// * * * * * * * * * * * * * * * * * * * * * * * * * * * * * * * * * * * * * //

dimensions      [0 2 -1 0 0 0 0];

internalField   nonuniform List<scalar> 
7920
(
0.00875246
0.00911791
0.00911796
0.00912245
0.0091159
0.00911788
0.00911293
0.00911458
0.00911095
0.0091124
0.0091098
0.00911106
0.00910916
0.00910985
0.00910882
0.0091086
0.00910965
0.00910603
0.00911634
0.00912122
0.00451465
0.00454174
0.00444686
0.00435465
0.00430991
0.00429287
0.00427785
0.00427356
0.00426557
0.00426393
0.00425882
0.00425797
0.00425487
0.0042545
0.00425267
0.00425207
0.00425143
0.00424966
0.00427988
0.00428058
0.00345119
0.00368605
0.00370949
0.00370649
0.00369852
0.00369664
0.00369188
0.00369117
0.00368793
0.00368737
0.00368475
0.00368426
0.00368214
0.00368169
0.00368
0.00367949
0.0036782
0.00367742
0.00367824
0.0036831
0.00332032
0.0035914
0.00364283
0.00366138
0.00366623
0.00367306
0.00367427
0.00367805
0.00367844
0.00368083
0.00368084
0.00368238
0.00368219
0.00368323
0.00368289
0.00368355
0.00368311
0.0036835
0.00368348
0.00368793
0.00330591
0.00358039
0.00363463
0.00365653
0.00366409
0.00367372
0.00367697
0.00368364
0.00368577
0.00369071
0.00369226
0.00369611
0.00369724
0.00370025
0.00370105
0.00370337
0.00370389
0.00370551
0.00370611
0.00371105
0.00330745
0.00357968
0.0036336
0.00365583
0.00366415
0.00367476
0.00367902
0.00368689
0.00368995
0.00369626
0.00369869
0.00370384
0.00370579
0.00371
0.00371153
0.00371493
0.0037161
0.00371859
0.00371995
0.00372504
0.00330745
0.00357968
0.0036336
0.00365583
0.00366415
0.00367476
0.00367902
0.00368689
0.00368995
0.00369626
0.00369869
0.00370384
0.00370578
0.00371
0.00371153
0.00371494
0.0037161
0.00371861
0.00371996
0.00372506
0.00330591
0.00358039
0.00363463
0.00365653
0.00366409
0.00367372
0.00367697
0.00368364
0.00368576
0.00369072
0.00369226
0.00369612
0.00369723
0.00370027
0.00370104
0.0037034
0.00370388
0.00370555
0.00370612
0.00371111
0.00332032
0.0035914
0.00364283
0.00366138
0.00366622
0.00367306
0.00367427
0.00367806
0.00367844
0.00368084
0.00368083
0.0036824
0.00368216
0.00368327
0.00368283
0.00368364
0.00368301
0.00368369
0.00368334
0.00368812
0.00345119
0.00368605
0.00370948
0.00370649
0.00369852
0.00369664
0.00369188
0.00369117
0.00368792
0.00368738
0.00368472
0.00368429
0.00368209
0.00368176
0.00367987
0.00367966
0.00367789
0.00367797
0.00367776
0.00368377
0.00451465
0.00454174
0.00444685
0.00435465
0.00430991
0.00429288
0.00427785
0.00427357
0.00426556
0.00426394
0.00425879
0.00425801
0.00425479
0.00425461
0.00425248
0.00425239
0.00425088
0.00425061
0.00427789
0.00428263
0.00875246
0.00911792
0.00911796
0.00912245
0.0091159
0.00911789
0.00911292
0.0091146
0.00911093
0.00911245
0.00910973
0.00911117
0.00910899
0.00911013
0.00910837
0.00910933
0.0091084
0.00910816
0.00911243
0.00912775
0.00336143
0.00377291
0.00378849
0.00376387
0.00375683
0.00374316
0.00374237
0.0037344
0.00373443
0.00372899
0.00372938
0.00372545
0.00372592
0.0037228
0.00372339
0.00372053
0.00372187
0.00371777
0.00372007
0.00372699
0.00297773
0.00348548
0.00355619
0.00356544
0.00356633
0.00356645
0.00356605
0.00356574
0.00356509
0.00356458
0.00356399
0.00356342
0.00356304
0.00356238
0.00356223
0.00356146
0.00356154
0.00356056
0.00356217
0.00356284
0.00289837
0.00341258
0.00348752
0.00350247
0.00350482
0.00350838
0.00350943
0.00351196
0.00351278
0.00351461
0.00351518
0.00351643
0.0035169
0.00351767
0.00351818
0.00351847
0.00351914
0.00351893
0.00351943
0.00352576
0.00289624
0.00341071
0.00348516
0.00349948
0.0035004
0.00350239
0.00350233
0.00350354
0.00350385
0.0035051
0.0035055
0.00350656
0.00350699
0.00350778
0.00350829
0.00350867
0.00350935
0.00350929
0.00350988
0.00351393
0.00289324
0.00340736
0.00348188
0.00349664
0.00349742
0.0034992
0.00349868
0.00349955
0.00349934
0.00350014
0.00350013
0.00350083
0.00350093
0.00350152
0.00350165
0.00350208
0.00350218
0.00350246
0.00350259
0.00350685
0.00289486
0.00340911
0.0034834
0.00349806
0.00349883
0.0035006
0.00350005
0.00350089
0.00350059
0.00350133
0.00350119
0.00350181
0.00350177
0.00350226
0.00350225
0.00350258
0.00350254
0.00350273
0.00350263
0.00350657
0.00289486
0.00340911
0.0034834
0.00349806
0.00349883
0.0035006
0.00350005
0.00350089
0.00350059
0.00350133
0.00350119
0.00350181
0.00350177
0.00350226
0.00350224
0.00350259
0.00350254
0.00350273
0.00350264
0.00350656
0.00289324
0.00340736
0.00348188
0.00349664
0.00349742
0.0034992
0.00349868
0.00349955
0.00349933
0.00350014
0.00350013
0.00350084
0.00350092
0.00350154
0.00350163
0.0035021
0.00350216
0.00350248
0.00350256
0.00350685
0.00289624
0.00341071
0.00348515
0.00349948
0.0035004
0.0035024
0.00350232
0.00350355
0.00350385
0.00350511
0.00350549
0.00350658
0.00350696
0.00350784
0.00350818
0.00350881
0.00350918
0.0035094
0.00350977
0.00351404
0.00289837
0.00341258
0.00348752
0.00350247
0.00350481
0.00350838
0.00350943
0.00351197
0.00351277
0.00351462
0.00351517
0.00351646
0.00351684
0.00351777
0.00351801
0.00351871
0.0035188
0.00351936
0.0035189
0.00352626
0.00297773
0.00348548
0.00355619
0.00356544
0.00356633
0.00356645
0.00356604
0.00356575
0.00356508
0.0035646
0.00356396
0.00356347
0.00356296
0.00356251
0.00356206
0.00356175
0.00356108
0.00356126
0.00356097
0.0035645
0.00336143
0.00377291
0.00378849
0.00376387
0.00375683
0.00374316
0.00374237
0.0037344
0.00373442
0.00372901
0.00372936
0.0037255
0.00372585
0.00372291
0.00372322
0.00372082
0.00372142
0.00371865
0.00371872
0.00372932
0.000838208
0.00123518
0.00129233
0.00127562
0.00123243
0.00119197
0.00115961
0.0011361
0.0011185
0.00110472
0.00109466
0.00108544
0.00107904
0.0010721
0.00106772
0.00106233
0.00105888
0.00105565
0.00105017
0.00105566
0.000355595
0.000750264
0.000880355
0.000930853
0.000948118
0.00095883
0.000964121
0.000969908
0.000972754
0.000975826
0.000976838
0.000978061
0.000978124
0.000978289
0.000978036
0.000977875
0.000977418
0.000977071
0.000976515
0.00097861
0.000307434
0.000664497
0.00078294
0.00083601
0.000852092
0.000863772
0.000866477
0.000871966
0.000873888
0.000878043
0.000880069
0.000883733
0.000885916
0.000888912
0.000891157
0.000893541
0.000895766
0.000897723
0.000899194
0.000902867
0.000316554
0.000668548
0.000784159
0.000834979
0.000850726
0.000860499
0.000861961
0.000864553
0.000864692
0.000865576
0.000865817
0.000866637
0.0008671
0.000867952
0.000868845
0.000869485
0.000870771
0.000871352
0.000872461
0.000875267
0.000312234
0.000664121
0.000779319
0.000830438
0.000845897
0.000855695
0.000856919
0.000859293
0.000859117
0.000859555
0.000859313
0.000859501
0.000859367
0.000859467
0.000859478
0.000859527
0.000859712
0.000859762
0.000859971
0.000861786
0.000314663
0.000666597
0.000781815
0.000832583
0.000848137
0.000857808
0.000859166
0.000861473
0.000861337
0.000861729
0.000861487
0.000861601
0.000861421
0.000861412
0.000861332
0.000861193
0.000861194
0.000861083
0.00086117
0.000862737
0.000314663
0.000666597
0.000781815
0.000832583
0.000848137
0.000857808
0.000859166
0.000861473
0.000861337
0.000861729
0.000861487
0.000861601
0.000861421
0.000861412
0.000861332
0.000861195
0.000861194
0.000861084
0.000861168
0.000862735
0.000312234
0.000664121
0.000779319
0.000830438
0.000845897
0.000855695
0.000856919
0.000859293
0.000859117
0.000859555
0.000859313
0.000859502
0.000859366
0.000859468
0.000859478
0.000859526
0.00085971
0.000859759
0.000859969
0.000861777
0.000316553
0.000668549
0.000784158
0.00083498
0.000850726
0.0008605
0.00086196
0.000864554
0.000864692
0.000865577
0.000865816
0.000866641
0.00086709
0.000867967
0.000868823
0.000869497
0.000870747
0.000871343
0.000872438
0.000875227
0.000307433
0.000664498
0.000782939
0.000836011
0.000852091
0.000863773
0.000866477
0.000871967
0.000873887
0.000878047
0.00088006
0.000883744
0.000885897
0.000888937
0.000891112
0.000893574
0.0008957
0.000897727
0.000899148
0.000902783
0.000355594
0.000750265
0.000880355
0.000930854
0.000948117
0.000958832
0.000964117
0.000969913
0.000972746
0.000975836
0.000976823
0.000978075
0.000978115
0.000978297
0.000977989
0.000977888
0.000977333
0.000977119
0.00097639
0.000978608
0.000838208
0.00123518
0.00129233
0.00127562
0.00123243
0.00119197
0.0011596
0.00113611
0.00111849
0.00110474
0.00109464
0.00108547
0.00107901
0.00107218
0.00106766
0.00106253
0.00105875
0.00105607
0.00105005
0.00105645
0.000838208
0.00123518
0.00129233
0.00127562
0.00123243
0.00119197
0.00115961
0.0011361
0.0011185
0.00110473
0.00109466
0.00108544
0.00107904
0.0010721
0.00106772
0.00106233
0.00105888
0.00105565
0.00105017
0.00105566
0.000355595
0.000750264
0.000880355
0.000930853
0.000948118
0.00095883
0.000964121
0.000969908
0.000972754
0.000975826
0.000976838
0.000978061
0.000978124
0.000978289
0.000978036
0.000977875
0.000977418
0.000977071
0.000976515
0.00097861
0.000307434
0.000664497
0.00078294
0.00083601
0.000852092
0.000863772
0.000866477
0.000871966
0.000873888
0.000878043
0.000880069
0.000883733
0.000885916
0.000888912
0.000891157
0.000893541
0.000895766
0.000897723
0.000899194
0.000902867
0.000316554
0.000668548
0.000784159
0.000834979
0.000850726
0.000860499
0.000861961
0.000864553
0.000864692
0.000865576
0.000865817
0.000866637
0.0008671
0.000867952
0.000868845
0.000869485
0.000870771
0.000871352
0.000872461
0.000875267
0.000312234
0.000664121
0.000779319
0.000830438
0.000845897
0.000855695
0.000856919
0.000859293
0.000859117
0.000859555
0.000859313
0.000859501
0.000859367
0.000859467
0.000859478
0.000859527
0.000859712
0.000859762
0.000859971
0.000861786
0.000314663
0.000666597
0.000781815
0.000832583
0.000848137
0.000857808
0.000859166
0.000861473
0.000861337
0.000861729
0.000861487
0.000861601
0.000861421
0.000861412
0.000861332
0.000861193
0.000861194
0.000861083
0.00086117
0.000862737
0.000314663
0.000666597
0.000781815
0.000832583
0.000848137
0.000857808
0.000859166
0.000861473
0.000861337
0.000861729
0.000861487
0.000861601
0.000861421
0.000861412
0.000861332
0.000861195
0.000861194
0.000861084
0.000861168
0.000862735
0.000312234
0.000664121
0.000779319
0.000830438
0.000845897
0.000855695
0.000856919
0.000859293
0.000859117
0.000859555
0.000859313
0.000859502
0.000859366
0.000859468
0.000859478
0.000859526
0.00085971
0.000859759
0.000859969
0.000861777
0.000316553
0.000668549
0.000784158
0.00083498
0.000850726
0.0008605
0.000861961
0.000864554
0.000864692
0.000865577
0.000865816
0.000866641
0.00086709
0.000867967
0.000868823
0.000869497
0.000870747
0.000871343
0.000872438
0.000875227
0.000307433
0.000664498
0.000782939
0.000836011
0.000852091
0.000863773
0.000866477
0.000871967
0.000873887
0.000878047
0.00088006
0.000883744
0.000885897
0.000888937
0.000891112
0.000893574
0.0008957
0.000897727
0.000899148
0.000902783
0.000355594
0.000750265
0.000880355
0.000930854
0.000948117
0.000958832
0.000964117
0.000969913
0.000972746
0.000975836
0.000976823
0.000978075
0.000978115
0.000978297
0.000977989
0.000977888
0.000977333
0.000977119
0.00097639
0.000978608
0.000838208
0.00123518
0.00129233
0.00127562
0.00123243
0.00119197
0.0011596
0.00113611
0.00111849
0.00110474
0.00109464
0.00108547
0.00107901
0.00107218
0.00106766
0.00106253
0.00105875
0.00105607
0.00105005
0.00105645
0.00336143
0.00377291
0.00378849
0.00376387
0.00375683
0.00374316
0.00374237
0.0037344
0.00373443
0.00372899
0.00372938
0.00372545
0.00372592
0.0037228
0.00372339
0.00372053
0.00372187
0.00371777
0.00372007
0.00372699
0.00297773
0.00348548
0.00355619
0.00356544
0.00356633
0.00356645
0.00356605
0.00356574
0.00356509
0.00356458
0.00356399
0.00356342
0.00356304
0.00356239
0.00356223
0.00356146
0.00356154
0.00356056
0.00356217
0.00356284
0.00289837
0.00341258
0.00348752
0.00350247
0.00350482
0.00350838
0.00350943
0.00351196
0.00351278
0.00351461
0.00351518
0.00351643
0.0035169
0.00351767
0.00351818
0.00351847
0.00351914
0.00351893
0.00351943
0.00352576
0.00289624
0.00341071
0.00348516
0.00349948
0.0035004
0.00350239
0.00350233
0.00350354
0.00350385
0.0035051
0.0035055
0.00350656
0.00350699
0.00350778
0.00350829
0.00350867
0.00350935
0.00350929
0.00350988
0.00351393
0.00289324
0.00340736
0.00348188
0.00349664
0.00349742
0.0034992
0.00349868
0.00349955
0.00349934
0.00350014
0.00350013
0.00350083
0.00350093
0.00350152
0.00350165
0.00350208
0.00350218
0.00350246
0.00350259
0.00350685
0.00289486
0.00340911
0.0034834
0.00349806
0.00349883
0.0035006
0.00350005
0.00350089
0.00350059
0.00350133
0.00350119
0.00350181
0.00350177
0.00350226
0.00350225
0.00350258
0.00350254
0.00350273
0.00350263
0.00350657
0.00289486
0.00340911
0.0034834
0.00349806
0.00349883
0.0035006
0.00350005
0.00350089
0.00350059
0.00350133
0.00350119
0.00350181
0.00350177
0.00350226
0.00350224
0.00350259
0.00350254
0.00350273
0.00350264
0.00350656
0.00289324
0.00340736
0.00348188
0.00349664
0.00349742
0.0034992
0.00349868
0.00349955
0.00349933
0.00350014
0.00350013
0.00350084
0.00350092
0.00350154
0.00350163
0.0035021
0.00350216
0.00350248
0.00350256
0.00350685
0.00289624
0.00341071
0.00348515
0.00349948
0.0035004
0.0035024
0.00350232
0.00350355
0.00350385
0.00350511
0.00350549
0.00350658
0.00350696
0.00350784
0.00350818
0.00350881
0.00350918
0.0035094
0.00350977
0.00351404
0.00289837
0.00341258
0.00348752
0.00350247
0.00350481
0.00350838
0.00350943
0.00351197
0.00351277
0.00351462
0.00351517
0.00351646
0.00351684
0.00351777
0.00351801
0.00351871
0.0035188
0.00351936
0.0035189
0.00352626
0.00297773
0.00348548
0.00355619
0.00356544
0.00356633
0.00356645
0.00356604
0.00356575
0.00356508
0.0035646
0.00356396
0.00356347
0.00356296
0.00356251
0.00356206
0.00356175
0.00356108
0.00356126
0.00356097
0.0035645
0.00336143
0.00377291
0.00378849
0.00376387
0.00375683
0.00374316
0.00374237
0.0037344
0.00373442
0.00372901
0.00372936
0.0037255
0.00372585
0.00372291
0.00372322
0.00372082
0.00372142
0.00371865
0.00371872
0.00372932
0.00875246
0.00911791
0.00911796
0.00912245
0.0091159
0.00911788
0.00911293
0.00911458
0.00911095
0.0091124
0.0091098
0.00911107
0.00910916
0.00910985
0.00910882
0.0091086
0.00910965
0.00910603
0.00911634
0.00912122
0.00451465
0.00454174
0.00444686
0.00435465
0.00430991
0.00429287
0.00427785
0.00427356
0.00426557
0.00426393
0.00425882
0.00425797
0.00425487
0.0042545
0.00425267
0.00425207
0.00425143
0.00424966
0.00427988
0.00428058
0.00345119
0.00368605
0.00370949
0.00370649
0.00369852
0.00369664
0.00369188
0.00369117
0.00368793
0.00368737
0.00368475
0.00368426
0.00368214
0.00368169
0.00368
0.00367949
0.0036782
0.00367742
0.00367824
0.0036831
0.00332032
0.0035914
0.00364283
0.00366138
0.00366623
0.00367306
0.00367427
0.00367805
0.00367844
0.00368083
0.00368084
0.00368238
0.00368219
0.00368323
0.00368289
0.00368355
0.00368311
0.0036835
0.00368348
0.00368793
0.00330591
0.00358039
0.00363463
0.00365653
0.00366409
0.00367372
0.00367697
0.00368364
0.00368577
0.00369071
0.00369226
0.00369611
0.00369724
0.00370025
0.00370105
0.00370337
0.00370389
0.00370551
0.00370611
0.00371105
0.00330745
0.00357968
0.0036336
0.00365583
0.00366415
0.00367476
0.00367902
0.00368689
0.00368995
0.00369626
0.00369869
0.00370384
0.00370579
0.00371
0.00371153
0.00371493
0.0037161
0.00371859
0.00371995
0.00372504
0.00330745
0.00357968
0.0036336
0.00365583
0.00366415
0.00367476
0.00367902
0.00368689
0.00368995
0.00369626
0.00369869
0.00370384
0.00370578
0.00371
0.00371153
0.00371494
0.0037161
0.00371861
0.00371996
0.00372506
0.00330591
0.00358039
0.00363463
0.00365653
0.00366409
0.00367372
0.00367697
0.00368364
0.00368576
0.00369072
0.00369226
0.00369612
0.00369723
0.00370027
0.00370104
0.0037034
0.00370388
0.00370555
0.00370612
0.00371111
0.00332032
0.0035914
0.00364283
0.00366138
0.00366622
0.00367306
0.00367427
0.00367806
0.00367844
0.00368084
0.00368083
0.0036824
0.00368216
0.00368327
0.00368283
0.00368364
0.00368301
0.00368369
0.00368334
0.00368812
0.00345119
0.00368605
0.00370948
0.00370649
0.00369852
0.00369664
0.00369188
0.00369117
0.00368792
0.00368738
0.00368472
0.00368429
0.00368209
0.00368176
0.00367987
0.00367966
0.00367789
0.00367797
0.00367776
0.00368377
0.00451465
0.00454174
0.00444685
0.00435465
0.00430991
0.00429288
0.00427785
0.00427357
0.00426556
0.00426394
0.00425879
0.00425801
0.00425479
0.00425461
0.00425248
0.00425239
0.00425088
0.00425061
0.00427789
0.00428263
0.00875246
0.00911792
0.00911796
0.00912245
0.0091159
0.00911789
0.00911292
0.0091146
0.00911093
0.00911245
0.00910973
0.00911117
0.00910899
0.00911013
0.00910837
0.00910933
0.0091084
0.00910816
0.00911243
0.00912775
0.0265969
0.0267977
0.0268952
0.0269744
0.0270352
0.0270926
0.0271409
0.0271886
0.02723
0.0272708
0.0273067
0.0273428
0.0273756
0.0274089
0.0274395
0.0274703
0.0274989
0.0275275
0.0275545
0.0275816
0.0276071
0.0276325
0.0276563
0.0276798
0.0277017
0.0277231
0.0277428
0.0277617
0.0277786
0.0277944
0.0278082
0.0278207
0.0278311
0.0278403
0.0278475
0.0278536
0.0278581
0.0278618
0.0278641
0.0278661
0.0278672
0.0278681
0.0278685
0.0278689
0.0278689
0.0278692
0.0278691
0.0278692
0.0278691
0.0278692
0.027869
0.0278691
0.027869
0.0278691
0.0278689
0.027869
0.0278689
0.027869
0.0278689
0.0278689
0.0278688
0.0278689
0.0278688
0.0278688
0.0278687
0.0278688
0.0278687
0.0278687
0.0278686
0.0278687
0.0278686
0.0278686
0.0278685
0.0278686
0.0278685
0.0278685
0.0278684
0.0278684
0.0278683
0.0278683
0.0278682
0.0278682
0.027868
0.0278681
0.0278678
0.0278679
0.0278675
0.0278676
0.0278646
0.0278627
0.0152362
0.0155219
0.015575
0.015622
0.0156529
0.0156878
0.0157127
0.015742
0.0157636
0.0157887
0.0158076
0.0158299
0.0158473
0.0158678
0.0158842
0.0159032
0.0159186
0.0159363
0.0159509
0.0159676
0.0159815
0.0159972
0.0160102
0.0160247
0.0160367
0.01605
0.0160608
0.0160726
0.0160818
0.0160918
0.0160993
0.0161073
0.0161129
0.016119
0.0161228
0.0161271
0.0161294
0.0161322
0.0161333
0.0161351
0.0161355
0.0161367
0.0161367
0.0161376
0.0161375
0.0161382
0.016138
0.0161387
0.0161385
0.0161391
0.0161389
0.0161395
0.0161393
0.0161399
0.0161398
0.0161403
0.0161402
0.0161407
0.0161406
0.0161411
0.016141
0.0161414
0.0161413
0.0161418
0.0161417
0.0161421
0.0161421
0.0161425
0.0161424
0.0161428
0.0161428
0.0161431
0.0161431
0.0161434
0.0161434
0.0161437
0.0161437
0.016144
0.0161439
0.0161442
0.0161442
0.0161445
0.0161444
0.0161446
0.0161445
0.0161448
0.0161445
0.0161449
0.0161422
0.0161408
0.0122376
0.0126398
0.0126801
0.012718
0.0127369
0.0127659
0.0127814
0.0128063
0.0128204
0.0128423
0.0128548
0.0128742
0.0128858
0.0129038
0.0129152
0.012932
0.0129428
0.0129586
0.012969
0.0129839
0.012994
0.0130081
0.0130178
0.013031
0.01304
0.0130523
0.0130605
0.0130716
0.0130788
0.0130885
0.0130944
0.0131025
0.013107
0.0131135
0.0131166
0.0131216
0.0131235
0.0131271
0.0131281
0.0131307
0.013131
0.013133
0.013133
0.0131347
0.0131346
0.013136
0.0131358
0.0131372
0.013137
0.0131383
0.0131382
0.0131394
0.0131394
0.0131405
0.0131405
0.0131416
0.0131416
0.0131427
0.0131427
0.0131437
0.0131438
0.0131448
0.0131448
0.0131458
0.0131458
0.0131468
0.0131468
0.0131478
0.0131478
0.0131487
0.0131488
0.0131497
0.0131497
0.0131505
0.0131506
0.0131514
0.0131515
0.0131522
0.0131523
0.013153
0.0131531
0.0131538
0.0131538
0.0131545
0.0131544
0.0131551
0.0131549
0.0131556
0.0131548
0.0131512
0.0117829
0.0122793
0.0123197
0.0123542
0.0123674
0.0123937
0.0124047
0.0124277
0.0124385
0.0124596
0.0124695
0.0124882
0.0124976
0.0125152
0.0125246
0.0125414
0.0125507
0.0125664
0.0125755
0.0125905
0.0125996
0.012614
0.0126228
0.0126365
0.0126449
0.0126577
0.0126656
0.0126774
0.0126845
0.012695
0.012701
0.0127101
0.0127149
0.0127224
0.0127258
0.0127318
0.012734
0.0127386
0.0127398
0.0127432
0.0127437
0.0127464
0.0127465
0.0127487
0.0127487
0.0127506
0.0127506
0.0127523
0.0127523
0.012754
0.012754
0.0127557
0.0127557
0.0127573
0.0127574
0.0127589
0.012759
0.0127605
0.0127606
0.012762
0.0127622
0.0127636
0.0127637
0.0127651
0.0127653
0.0127666
0.0127668
0.0127681
0.0127682
0.0127695
0.0127697
0.0127709
0.0127711
0.0127723
0.0127724
0.0127736
0.0127738
0.0127749
0.012775
0.0127761
0.0127762
0.0127772
0.0127774
0.0127784
0.0127784
0.0127794
0.0127794
0.0127803
0.0127805
0.0127762
0.0117495
0.012295
0.0123366
0.0123687
0.0123776
0.0124008
0.0124083
0.012429
0.0124372
0.012457
0.012465
0.0124828
0.0124905
0.0125073
0.0125155
0.0125321
0.0125404
0.012556
0.0125642
0.0125793
0.0125877
0.0126023
0.0126108
0.0126247
0.0126329
0.0126462
0.012654
0.0126664
0.0126736
0.0126849
0.0126911
0.0127009
0.012706
0.0127143
0.0127181
0.0127248
0.0127274
0.0127326
0.0127341
0.0127381
0.0127388
0.0127419
0.0127422
0.0127447
0.0127449
0.0127471
0.0127471
0.0127492
0.0127493
0.0127512
0.0127513
0.0127532
0.0127534
0.0127552
0.0127554
0.0127572
0.0127574
0.0127591
0.0127594
0.012761
0.0127613
0.0127629
0.0127632
0.0127648
0.0127651
0.0127666
0.0127669
0.0127684
0.0127687
0.0127702
0.0127705
0.0127719
0.0127722
0.0127736
0.0127739
0.0127753
0.0127755
0.0127768
0.0127771
0.0127784
0.0127786
0.0127798
0.0127801
0.0127812
0.0127814
0.0127826
0.0127827
0.0127837
0.0127843
0.0127795
0.0117678
0.012342
0.0123836
0.0124128
0.0124179
0.0124373
0.0124417
0.0124593
0.0124653
0.0124829
0.0124893
0.0125055
0.0125118
0.0125275
0.0125346
0.0125504
0.0125579
0.0125731
0.0125807
0.0125954
0.0126033
0.0126179
0.012626
0.01264
0.0126481
0.0126614
0.0126692
0.0126819
0.0126892
0.0127008
0.0127072
0.0127174
0.0127226
0.0127313
0.0127353
0.0127425
0.0127452
0.0127509
0.0127525
0.0127568
0.0127577
0.012761
0.0127614
0.0127641
0.0127643
0.0127666
0.0127668
0.012769
0.0127691
0.0127712
0.0127714
0.0127734
0.0127736
0.0127755
0.0127758
0.0127777
0.012778
0.0127798
0.0127801
0.0127819
0.0127822
0.012784
0.0127843
0.012786
0.0127864
0.0127881
0.0127884
0.01279
0.0127904
0.012792
0.0127923
0.0127939
0.0127942
0.0127957
0.0127961
0.0127976
0.0127979
0.0127993
0.0127996
0.012801
0.0128013
0.0128026
0.0128029
0.0128042
0.0128045
0.0128057
0.0128059
0.012807
0.0128079
0.0128028
0.0117681
0.01234
0.0123778
0.0124028
0.0124042
0.0124198
0.0124215
0.0124361
0.0124399
0.0124553
0.0124601
0.0124747
0.0124798
0.0124942
0.0125004
0.0125152
0.0125221
0.0125365
0.0125436
0.0125578
0.0125653
0.0125795
0.0125874
0.0126012
0.0126091
0.0126223
0.01263
0.0126426
0.0126499
0.0126614
0.0126678
0.012678
0.0126832
0.0126919
0.0126959
0.012703
0.0127058
0.0127114
0.012713
0.0127173
0.0127182
0.0127215
0.0127219
0.0127246
0.0127248
0.0127272
0.0127273
0.0127295
0.0127296
0.0127317
0.0127319
0.0127339
0.0127341
0.0127361
0.0127363
0.0127382
0.0127385
0.0127404
0.0127406
0.0127425
0.0127428
0.0127445
0.0127449
0.0127466
0.0127469
0.0127486
0.012749
0.0127506
0.0127509
0.0127525
0.0127529
0.0127544
0.0127548
0.0127563
0.0127567
0.0127581
0.0127585
0.0127599
0.0127602
0.0127616
0.0127619
0.0127632
0.0127635
0.0127648
0.0127651
0.0127663
0.0127665
0.0127676
0.0127685
0.0127635
0.0117501
0.0122869
0.0123157
0.0123347
0.0123326
0.0123447
0.012344
0.0123561
0.0123583
0.0123715
0.0123751
0.012388
0.0123922
0.0124054
0.012411
0.0124247
0.012431
0.0124447
0.0124513
0.012465
0.0124722
0.0124859
0.0124936
0.012507
0.0125147
0.0125275
0.0125351
0.0125473
0.0125544
0.0125655
0.0125717
0.0125814
0.0125864
0.0125947
0.0125984
0.0126052
0.0126077
0.0126129
0.0126144
0.0126184
0.0126191
0.0126222
0.0126225
0.012625
0.0126251
0.0126274
0.0126274
0.0126295
0.0126296
0.0126315
0.0126317
0.0126336
0.0126337
0.0126355
0.0126357
0.0126375
0.0126377
0.0126395
0.0126397
0.0126414
0.0126416
0.0126433
0.0126436
0.0126452
0.0126454
0.012647
0.0126473
0.0126488
0.0126491
0.0126506
0.0126509
0.0126523
0.0126526
0.012654
0.0126543
0.0126557
0.012656
0.0126573
0.0126576
0.0126588
0.0126591
0.0126603
0.0126605
0.0126617
0.0126619
0.0126631
0.0126632
0.0126642
0.0126649
0.0126603
0.0117791
0.0122535
0.0122704
0.0122831
0.0122784
0.0122874
0.0122854
0.0122955
0.0122967
0.0123079
0.0123107
0.0123221
0.0123259
0.012338
0.0123433
0.012356
0.012362
0.0123748
0.0123814
0.0123943
0.0124016
0.0124146
0.0124223
0.0124351
0.0124428
0.012455
0.0124625
0.012474
0.0124809
0.0124913
0.0124971
0.0125061
0.0125108
0.0125182
0.0125216
0.0125276
0.0125297
0.0125343
0.0125355
0.0125389
0.0125394
0.012542
0.0125422
0.0125444
0.0125444
0.0125463
0.0125463
0.0125481
0.012548
0.0125497
0.0125497
0.0125514
0.0125514
0.012553
0.0125531
0.0125546
0.0125547
0.0125562
0.0125564
0.0125578
0.012558
0.0125594
0.0125595
0.0125609
0.0125611
0.0125624
0.0125626
0.0125639
0.0125641
0.0125653
0.0125655
0.0125668
0.012567
0.0125681
0.0125683
0.0125695
0.0125697
0.0125708
0.0125709
0.012572
0.0125722
0.0125732
0.0125733
0.0125743
0.0125744
0.0125754
0.0125754
0.0125763
0.0125766
0.0125724
0.0122153
0.0125736
0.0125776
0.0125853
0.0125798
0.0125869
0.0125849
0.0125935
0.0125947
0.0126044
0.0126072
0.0126176
0.0126218
0.012633
0.0126387
0.0126505
0.012657
0.012669
0.0126763
0.0126886
0.0126965
0.0127089
0.0127171
0.0127292
0.0127374
0.012749
0.0127567
0.0127674
0.0127744
0.0127838
0.0127896
0.0127975
0.0128019
0.0128083
0.0128114
0.0128163
0.0128181
0.0128217
0.0128226
0.0128253
0.0128256
0.0128276
0.0128276
0.0128292
0.0128291
0.0128305
0.0128304
0.0128317
0.0128316
0.0128329
0.0128328
0.012834
0.0128339
0.0128351
0.0128351
0.0128362
0.0128362
0.0128373
0.0128373
0.0128384
0.0128384
0.0128394
0.0128394
0.0128404
0.0128405
0.0128415
0.0128415
0.0128425
0.0128425
0.0128434
0.0128435
0.0128444
0.0128444
0.0128453
0.0128453
0.0128462
0.0128462
0.012847
0.012847
0.0128478
0.0128478
0.0128486
0.0128486
0.0128493
0.0128492
0.0128499
0.0128498
0.0128504
0.0128499
0.0128466
0.0151657
0.0153743
0.0153738
0.0153785
0.0153752
0.0153808
0.0153813
0.0153892
0.0153927
0.0154019
0.0154071
0.0154175
0.0154246
0.0154361
0.0154447
0.0154569
0.0154664
0.0154791
0.0154895
0.0155027
0.0155137
0.015527
0.0155382
0.0155513
0.0155621
0.0155746
0.0155847
0.015596
0.0156049
0.0156146
0.0156218
0.0156296
0.015635
0.0156409
0.0156446
0.0156488
0.015651
0.0156537
0.0156548
0.0156566
0.0156569
0.0156581
0.0156581
0.015659
0.0156589
0.0156596
0.0156594
0.01566
0.0156598
0.0156604
0.0156603
0.0156608
0.0156607
0.0156612
0.0156611
0.0156616
0.0156615
0.015662
0.0156619
0.0156624
0.0156623
0.0156628
0.0156627
0.0156631
0.0156631
0.0156635
0.0156634
0.0156638
0.0156638
0.0156642
0.0156641
0.0156645
0.0156644
0.0156648
0.0156647
0.0156651
0.015665
0.0156654
0.0156653
0.0156656
0.0156655
0.0156658
0.0156657
0.015666
0.0156659
0.0156661
0.0156659
0.0156662
0.0156637
0.0156625
0.026433
0.0264936
0.0264965
0.0265014
0.0265017
0.0265081
0.0265131
0.0265236
0.0265329
0.026546
0.0265579
0.0265731
0.0265878
0.0266053
0.0266222
0.0266411
0.0266594
0.0266793
0.0266988
0.0267197
0.0267401
0.0267614
0.0267819
0.0268029
0.0268228
0.0268428
0.0268613
0.0268793
0.0268955
0.0269108
0.026924
0.0269361
0.0269462
0.0269551
0.026962
0.026968
0.0269722
0.0269758
0.0269781
0.0269799
0.0269809
0.0269818
0.0269821
0.0269826
0.0269826
0.0269828
0.0269826
0.0269828
0.0269826
0.0269827
0.0269826
0.0269826
0.0269825
0.0269826
0.0269824
0.0269825
0.0269824
0.0269824
0.0269823
0.0269824
0.0269822
0.0269823
0.0269822
0.0269822
0.0269821
0.0269822
0.026982
0.0269821
0.026982
0.026982
0.0269819
0.0269819
0.0269818
0.0269819
0.0269818
0.0269818
0.0269817
0.0269817
0.0269816
0.0269816
0.0269814
0.0269815
0.0269813
0.0269813
0.0269811
0.0269811
0.0269808
0.0269808
0.026978
0.0269764
0.012173
0.0123292
0.0123749
0.0124085
0.0124364
0.0124617
0.0124837
0.0125052
0.0125237
0.0125423
0.0125582
0.012575
0.0125894
0.0126051
0.0126185
0.012633
0.0126455
0.0126591
0.0126709
0.0126839
0.0126949
0.0127071
0.0127174
0.0127287
0.0127382
0.0127485
0.0127569
0.0127661
0.0127732
0.0127809
0.0127866
0.0127927
0.012797
0.0128016
0.0128044
0.0128076
0.0128092
0.0128113
0.0128121
0.0128134
0.0128136
0.0128145
0.0128144
0.0128151
0.0128149
0.0128155
0.0128153
0.0128158
0.0128156
0.012816
0.0128159
0.0128163
0.0128162
0.0128166
0.0128164
0.0128168
0.0128167
0.0128171
0.012817
0.0128173
0.0128172
0.0128176
0.0128175
0.0128178
0.0128177
0.012818
0.012818
0.0128183
0.0128182
0.0128185
0.0128184
0.0128187
0.0128186
0.0128189
0.0128189
0.0128191
0.0128191
0.0128194
0.0128193
0.0128196
0.0128195
0.0128198
0.0128198
0.0128201
0.01282
0.0128204
0.0128204
0.0128209
0.0128202
0.0128203
0.0117355
0.0120126
0.0120593
0.0120935
0.0121205
0.0121459
0.0121674
0.0121888
0.0122071
0.0122256
0.0122414
0.012258
0.0122723
0.0122877
0.0123011
0.0123154
0.0123279
0.0123413
0.012353
0.0123657
0.0123768
0.0123888
0.0123992
0.0124103
0.0124198
0.01243
0.0124386
0.0124476
0.0124549
0.0124626
0.0124685
0.0124746
0.0124791
0.0124837
0.0124868
0.0124901
0.0124919
0.0124941
0.012495
0.0124963
0.0124967
0.0124976
0.0124977
0.0124983
0.0124983
0.0124988
0.0124987
0.0124991
0.0124991
0.0124995
0.0124994
0.0124998
0.0124998
0.0125002
0.0125001
0.0125005
0.0125005
0.0125008
0.0125008
0.0125011
0.0125011
0.0125014
0.0125014
0.0125017
0.0125017
0.012502
0.012502
0.0125023
0.0125023
0.0125026
0.0125026
0.0125029
0.0125029
0.0125032
0.0125032
0.0125034
0.0125034
0.0125037
0.0125037
0.012504
0.0125039
0.0125042
0.0125042
0.0125045
0.0125044
0.0125047
0.0125046
0.012505
0.0125048
0.0125052
0.0112669
0.0116612
0.0117126
0.0117447
0.01177
0.0117932
0.0118134
0.0118332
0.0118508
0.0118681
0.0118835
0.0118988
0.0119128
0.0119271
0.0119402
0.0119537
0.011966
0.0119786
0.0119902
0.0120022
0.0120133
0.0120247
0.0120351
0.0120458
0.0120555
0.0120653
0.0120742
0.012083
0.0120907
0.0120983
0.0121047
0.0121109
0.0121159
0.0121206
0.0121242
0.0121276
0.0121299
0.012132
0.0121334
0.0121347
0.0121353
0.0121361
0.0121363
0.0121368
0.0121369
0.0121372
0.0121373
0.0121375
0.0121375
0.0121378
0.0121378
0.012138
0.012138
0.0121383
0.0121383
0.0121385
0.0121385
0.0121387
0.0121388
0.012139
0.012139
0.0121392
0.0121393
0.0121395
0.0121395
0.0121397
0.0121397
0.0121399
0.0121399
0.0121401
0.0121402
0.0121404
0.0121404
0.0121406
0.0121406
0.0121408
0.0121408
0.012141
0.012141
0.0121412
0.0121412
0.0121414
0.0121414
0.0121416
0.0121415
0.0121417
0.0121416
0.0121419
0.0121416
0.0121376
0.0111066
0.0115587
0.0116093
0.0116369
0.0116588
0.0116791
0.0116969
0.0117147
0.0117311
0.0117473
0.0117619
0.0117763
0.0117895
0.011803
0.0118158
0.0118288
0.0118409
0.011853
0.0118644
0.0118761
0.0118871
0.0118983
0.0119089
0.0119195
0.0119293
0.0119392
0.0119484
0.0119574
0.0119656
0.0119735
0.0119805
0.011987
0.0119926
0.0119977
0.0120018
0.0120055
0.0120083
0.0120107
0.0120124
0.0120139
0.0120147
0.0120155
0.0120159
0.0120163
0.0120165
0.0120167
0.0120168
0.012017
0.012017
0.0120171
0.0120172
0.0120173
0.0120173
0.0120175
0.0120175
0.0120176
0.0120176
0.0120178
0.0120178
0.0120179
0.012018
0.0120181
0.0120181
0.0120182
0.0120183
0.0120184
0.0120184
0.0120185
0.0120186
0.0120187
0.0120187
0.0120188
0.0120189
0.012019
0.012019
0.0120191
0.0120192
0.0120193
0.0120193
0.0120194
0.0120194
0.0120195
0.0120195
0.0120197
0.0120196
0.0120198
0.0120197
0.0120198
0.0120197
0.0120167
0.0110081
0.0114977
0.0115451
0.0115672
0.0115842
0.0116007
0.0116152
0.0116304
0.0116447
0.0116594
0.0116726
0.0116857
0.0116978
0.0117103
0.0117223
0.0117345
0.0117461
0.0117577
0.0117686
0.0117798
0.0117906
0.0118016
0.011812
0.0118225
0.0118323
0.0118422
0.0118515
0.0118607
0.0118692
0.0118773
0.0118846
0.0118915
0.0118975
0.0119029
0.0119075
0.0119115
0.0119147
0.0119174
0.0119193
0.0119209
0.011922
0.0119228
0.0119233
0.0119238
0.0119239
0.0119242
0.0119243
0.0119244
0.0119244
0.0119245
0.0119246
0.0119247
0.0119247
0.0119248
0.0119248
0.0119249
0.0119249
0.011925
0.011925
0.0119251
0.0119251
0.0119252
0.0119253
0.0119253
0.0119254
0.0119255
0.0119255
0.0119256
0.0119256
0.0119257
0.0119257
0.0119258
0.0119258
0.0119259
0.0119259
0.011926
0.011926
0.0119261
0.0119261
0.0119262
0.0119262
0.0119263
0.0119263
0.0119264
0.0119264
0.0119265
0.0119264
0.0119265
0.0119263
0.0119217
0.0109882
0.0114874
0.0115295
0.0115457
0.0115578
0.01157
0.0115811
0.0115932
0.0116052
0.0116179
0.0116295
0.0116411
0.0116519
0.0116632
0.0116743
0.0116858
0.0116967
0.0117077
0.0117182
0.011729
0.0117394
0.0117501
0.0117603
0.0117707
0.0117805
0.0117904
0.0117997
0.011809
0.0118176
0.0118259
0.0118334
0.0118405
0.0118467
0.0118524
0.0118571
0.0118614
0.0118647
0.0118676
0.0118697
0.0118715
0.0118726
0.0118735
0.011874
0.0118745
0.0118747
0.011875
0.0118751
0.0118752
0.0118752
0.0118753
0.0118753
0.0118754
0.0118754
0.0118755
0.0118755
0.0118756
0.0118756
0.0118757
0.0118757
0.0118758
0.0118759
0.0118759
0.011876
0.011876
0.011876
0.0118761
0.0118761
0.0118762
0.0118762
0.0118763
0.0118763
0.0118764
0.0118764
0.0118765
0.0118765
0.0118766
0.0118766
0.0118767
0.0118767
0.0118768
0.0118768
0.0118769
0.0118768
0.0118769
0.0118769
0.011877
0.0118769
0.011877
0.0118769
0.0118727
0.0109883
0.0114849
0.011523
0.0115348
0.0115428
0.0115515
0.0115595
0.0115689
0.0115785
0.0115891
0.011599
0.011609
0.0116185
0.0116287
0.0116387
0.0116493
0.0116594
0.0116698
0.0116797
0.01169
0.0117
0.0117104
0.0117204
0.0117306
0.0117402
0.01175
0.0117592
0.0117684
0.0117769
0.0117852
0.0117926
0.0117997
0.0118058
0.0118115
0.0118163
0.0118205
0.0118238
0.0118267
0.0118288
0.0118306
0.0118317
0.0118326
0.0118331
0.0118336
0.0118338
0.0118341
0.0118342
0.0118343
0.0118343
0.0118344
0.0118344
0.0118345
0.0118345
0.0118346
0.0118346
0.0118347
0.0118347
0.0118348
0.0118348
0.0118349
0.011835
0.011835
0.0118351
0.0118351
0.0118352
0.0118352
0.0118352
0.0118353
0.0118353
0.0118354
0.0118354
0.0118355
0.0118355
0.0118356
0.0118356
0.0118357
0.0118357
0.0118358
0.0118358
0.0118359
0.0118359
0.011836
0.011836
0.011836
0.011836
0.0118361
0.011836
0.0118361
0.011836
0.0118319
0.011008
0.0114883
0.0115229
0.011532
0.0115374
0.0115435
0.0115491
0.0115565
0.0115642
0.011573
0.0115813
0.0115899
0.0115983
0.0116075
0.0116166
0.0116263
0.0116357
0.0116454
0.0116548
0.0116646
0.0116743
0.0116843
0.011694
0.0117039
0.0117133
0.0117228
0.0117318
0.0117408
0.0117491
0.0117571
0.0117643
0.0117711
0.011777
0.0117824
0.0117869
0.0117909
0.0117941
0.0117968
0.0117987
0.0118003
0.0118013
0.0118022
0.0118026
0.0118031
0.0118033
0.0118035
0.0118036
0.0118037
0.0118037
0.0118039
0.0118039
0.011804
0.011804
0.0118041
0.0118041
0.0118042
0.0118042
0.0118043
0.0118043
0.0118044
0.0118045
0.0118046
0.0118046
0.0118047
0.0118047
0.0118048
0.0118048
0.0118049
0.0118049
0.011805
0.011805
0.0118051
0.0118051
0.0118052
0.0118053
0.0118053
0.0118054
0.0118055
0.0118055
0.0118056
0.0118056
0.0118057
0.0118057
0.0118057
0.0118057
0.0118058
0.0118057
0.0118058
0.0118057
0.0118013
0.0111021
0.0115321
0.0115591
0.0115654
0.0115688
0.011573
0.0115771
0.011583
0.0115892
0.0115964
0.0116034
0.011611
0.0116184
0.0116268
0.0116352
0.0116443
0.0116531
0.0116624
0.0116714
0.011681
0.0116903
0.0117001
0.0117095
0.0117192
0.0117284
0.0117377
0.0117465
0.0117552
0.0117632
0.0117709
0.0117777
0.0117841
0.0117896
0.0117946
0.0117987
0.0118023
0.0118051
0.0118075
0.0118091
0.0118105
0.0118114
0.0118121
0.0118125
0.011813
0.0118131
0.0118134
0.0118134
0.0118136
0.0118136
0.0118138
0.0118138
0.0118139
0.0118139
0.0118141
0.0118141
0.0118142
0.0118143
0.0118144
0.0118144
0.0118145
0.0118146
0.0118147
0.0118147
0.0118149
0.0118149
0.011815
0.011815
0.0118152
0.0118152
0.0118153
0.0118154
0.0118155
0.0118155
0.0118156
0.0118157
0.0118158
0.0118158
0.0118159
0.0118159
0.0118161
0.0118161
0.0118162
0.0118162
0.0118163
0.0118163
0.0118164
0.0118164
0.0118165
0.0118164
0.0118137
0.0112488
0.0116029
0.0116204
0.0116243
0.0116262
0.0116293
0.0116325
0.0116375
0.0116425
0.0116488
0.0116547
0.0116618
0.0116686
0.0116767
0.0116844
0.0116932
0.0117014
0.0117106
0.0117192
0.0117287
0.0117377
0.0117475
0.0117566
0.0117662
0.0117751
0.0117843
0.0117926
0.0118011
0.0118086
0.011816
0.0118222
0.0118282
0.0118331
0.0118377
0.0118412
0.0118445
0.0118467
0.0118488
0.0118501
0.0118514
0.011852
0.0118528
0.011853
0.0118535
0.0118536
0.0118539
0.0118539
0.0118542
0.0118542
0.0118544
0.0118544
0.0118547
0.0118547
0.0118549
0.0118549
0.0118552
0.0118552
0.0118554
0.0118554
0.0118556
0.0118557
0.0118559
0.0118559
0.0118561
0.0118561
0.0118563
0.0118564
0.0118566
0.0118566
0.0118568
0.0118568
0.011857
0.011857
0.0118572
0.0118573
0.0118574
0.0118575
0.0118577
0.0118577
0.0118579
0.0118579
0.0118581
0.0118581
0.0118583
0.0118582
0.0118584
0.0118584
0.0118585
0.0118586
0.0118548
0.011687
0.0119059
0.011911
0.0119126
0.011913
0.0119158
0.0119182
0.0119233
0.0119274
0.0119337
0.0119389
0.0119462
0.0119526
0.011961
0.0119684
0.0119774
0.0119853
0.0119949
0.0120033
0.0120133
0.0120222
0.0120323
0.0120412
0.0120512
0.0120599
0.0120694
0.0120775
0.0120861
0.0120932
0.0121006
0.0121063
0.0121123
0.0121166
0.0121211
0.0121241
0.0121272
0.012129
0.0121311
0.012132
0.0121333
0.0121337
0.0121345
0.0121346
0.0121352
0.0121352
0.0121357
0.0121356
0.012136
0.012136
0.0121364
0.0121363
0.0121367
0.0121366
0.012137
0.012137
0.0121373
0.0121373
0.0121377
0.0121376
0.012138
0.012138
0.0121383
0.0121383
0.0121386
0.0121386
0.0121389
0.0121389
0.0121392
0.0121392
0.0121395
0.0121395
0.0121398
0.0121398
0.01214
0.01214
0.0121403
0.0121403
0.0121406
0.0121406
0.0121408
0.0121408
0.0121411
0.0121411
0.0121413
0.0121413
0.0121416
0.0121415
0.0121419
0.0121419
0.0121424
0.0120909
0.0121806
0.0121823
0.0121818
0.0121819
0.0121837
0.0121858
0.0121903
0.012194
0.0122
0.0122048
0.012212
0.0122182
0.0122266
0.0122337
0.0122428
0.0122505
0.0122602
0.0122685
0.0122787
0.0122874
0.0122978
0.0123066
0.0123168
0.0123254
0.012335
0.0123429
0.0123517
0.0123585
0.0123659
0.0123714
0.0123774
0.0123815
0.0123859
0.0123886
0.0123917
0.0123933
0.0123953
0.012396
0.0123973
0.0123975
0.0123984
0.0123983
0.0123989
0.0123988
0.0123993
0.0123991
0.0123996
0.0123994
0.0123999
0.0123997
0.0124001
0.0124
0.0124004
0.0124002
0.0124006
0.0124005
0.0124009
0.0124008
0.0124011
0.012401
0.0124014
0.0124013
0.0124016
0.0124015
0.0124018
0.0124018
0.0124021
0.012402
0.0124023
0.0124022
0.0124025
0.0124024
0.0124027
0.0124027
0.0124029
0.0124029
0.0124031
0.0124031
0.0124034
0.0124033
0.0124036
0.0124035
0.0124038
0.0124038
0.0124042
0.0124041
0.0124047
0.0124039
0.0124041
0.00422031
0.0043361
0.00434875
0.00435495
0.00436499
0.00437436
0.00438349
0.00439387
0.00440129
0.00441163
0.00441751
0.00442763
0.00443241
0.00444222
0.00444615
0.00445548
0.00445879
0.00446768
0.00447056
0.00447902
0.00448154
0.00448951
0.00449171
0.00449916
0.00450106
0.00450795
0.00450952
0.00451579
0.00451696
0.00452254
0.00452329
0.00452816
0.0045285
0.00453269
0.00453266
0.00453625
0.00453591
0.00453903
0.00453851
0.00454127
0.00454067
0.00454319
0.00454258
0.00454493
0.00454435
0.00454657
0.00454604
0.00454816
0.00454768
0.0045497
0.00454928
0.00455121
0.00455084
0.00455269
0.00455236
0.00455413
0.00455384
0.00455555
0.00455529
0.00455693
0.00455671
0.00455829
0.00455809
0.00455962
0.00455944
0.00456092
0.00456076
0.0045622
0.00456204
0.00456345
0.00456331
0.00456468
0.00456454
0.00456589
0.00456575
0.00456709
0.00456695
0.00456827
0.00456813
0.00456945
0.0045693
0.00457063
0.00457046
0.00457178
0.00457159
0.0045729
0.00457264
0.00457399
0.00457327
0.00457415
0.00419184
0.0045044
0.0045377
0.00454941
0.00456018
0.00456979
0.00457875
0.00458767
0.0045951
0.00460322
0.00460942
0.00461699
0.00462243
0.00462962
0.00463447
0.00464125
0.00464561
0.00465203
0.00465605
0.00466216
0.00466589
0.00467165
0.00467506
0.00468043
0.00468354
0.00468849
0.00469124
0.00469569
0.00469799
0.00470186
0.00470367
0.00470693
0.00470824
0.00471088
0.00471175
0.00471382
0.00471431
0.00471593
0.00471616
0.00471746
0.00471755
0.00471865
0.00471867
0.00471966
0.00471967
0.00472059
0.0047206
0.00472148
0.00472151
0.00472235
0.0047224
0.00472321
0.00472327
0.00472406
0.00472414
0.00472491
0.00472499
0.00472574
0.00472584
0.00472656
0.00472667
0.00472738
0.00472749
0.00472819
0.00472831
0.00472899
0.00472911
0.00472978
0.00472991
0.00473057
0.0047307
0.00473135
0.00473149
0.00473213
0.00473227
0.0047329
0.00473305
0.00473368
0.00473382
0.00473446
0.0047346
0.00473524
0.00473537
0.00473602
0.00473613
0.00473678
0.00473684
0.00473746
0.00473747
0.0047382
0.00384566
0.0043013
0.00436234
0.00438078
0.00439244
0.00440241
0.00441092
0.00441908
0.0044262
0.00443319
0.00443924
0.00444543
0.00445089
0.00445667
0.00446175
0.00446715
0.00447183
0.00447687
0.00448127
0.00448606
0.00449023
0.00449476
0.00449866
0.00450287
0.00450647
0.00451036
0.00451363
0.00451713
0.00451998
0.00452299
0.00452534
0.00452781
0.00452965
0.00453158
0.00453291
0.00453433
0.00453521
0.0045362
0.00453674
0.00453741
0.00453773
0.00453821
0.00453841
0.00453879
0.00453894
0.00453926
0.0045394
0.0045397
0.00453983
0.00454012
0.00454025
0.00454054
0.00454067
0.00454096
0.00454109
0.00454137
0.00454151
0.00454179
0.00454193
0.00454221
0.00454235
0.00454262
0.00454277
0.00454304
0.00454319
0.00454346
0.00454361
0.00454388
0.00454403
0.0045443
0.00454445
0.00454472
0.00454488
0.00454515
0.0045453
0.00454558
0.00454573
0.00454601
0.00454617
0.00454645
0.0045466
0.00454689
0.00454704
0.00454733
0.00454747
0.00454775
0.00454789
0.00454813
0.00454835
0.00454736
0.00367048
0.00419107
0.00427238
0.00429205
0.00430506
0.00431237
0.00432093
0.00432658
0.00433368
0.00433861
0.00434456
0.00434894
0.00435422
0.00435855
0.00436352
0.00436777
0.00437239
0.00437645
0.00438078
0.00438476
0.00438892
0.0043928
0.00439674
0.00440042
0.0044041
0.00440756
0.00441097
0.00441415
0.00441719
0.00441997
0.00442255
0.00442485
0.00442691
0.0044287
0.00443025
0.00443154
0.00443261
0.00443344
0.00443411
0.0044346
0.00443499
0.00443527
0.00443549
0.00443565
0.00443579
0.0044359
0.00443602
0.0044361
0.00443621
0.00443629
0.00443639
0.00443648
0.00443658
0.00443667
0.00443677
0.00443686
0.00443696
0.00443705
0.00443716
0.00443725
0.00443736
0.00443745
0.00443756
0.00443766
0.00443777
0.00443787
0.00443798
0.00443808
0.0044382
0.0044383
0.00443842
0.00443852
0.00443865
0.00443875
0.00443888
0.00443899
0.00443913
0.00443923
0.00443937
0.00443949
0.00443963
0.00443974
0.00443987
0.00443999
0.00444009
0.0044402
0.00444024
0.00444031
0.00444021
0.00443918
0.0035667
0.00411024
0.00419589
0.00421387
0.00422444
0.00422969
0.00423656
0.00424102
0.00424709
0.00425134
0.00425662
0.00426038
0.00426507
0.00426911
0.00427367
0.00427802
0.00428238
0.0042865
0.00429063
0.00429464
0.00429869
0.00430262
0.00430651
0.00431026
0.00431393
0.00431747
0.00432092
0.00432421
0.00432733
0.00433024
0.00433293
0.00433537
0.00433755
0.00433948
0.00434115
0.00434257
0.00434373
0.00434466
0.00434539
0.00434593
0.00434634
0.00434663
0.00434684
0.00434699
0.0043471
0.00434718
0.00434725
0.0043473
0.00434736
0.0043474
0.00434745
0.00434749
0.00434754
0.00434758
0.00434764
0.00434768
0.00434773
0.00434777
0.00434782
0.00434787
0.00434792
0.00434796
0.00434802
0.00434806
0.00434811
0.00434816
0.00434821
0.00434826
0.00434832
0.00434836
0.00434842
0.00434847
0.00434853
0.00434858
0.00434863
0.00434869
0.00434874
0.0043488
0.00434886
0.00434891
0.00434897
0.00434903
0.00434908
0.00434913
0.00434918
0.00434922
0.00434925
0.00434924
0.00434925
0.00434787
0.0035488
0.00409442
0.00417758
0.00419151
0.00419893
0.00420151
0.00420657
0.00420937
0.00421442
0.00421762
0.00422217
0.00422527
0.00422942
0.00423277
0.00423692
0.00424052
0.00424451
0.00424807
0.00425187
0.00425547
0.00425924
0.00426289
0.00426658
0.00427014
0.00427366
0.00427709
0.00428043
0.00428368
0.00428674
0.00428966
0.00429232
0.0042948
0.00429698
0.00429896
0.00430063
0.0043021
0.00430327
0.00430425
0.00430497
0.00430555
0.00430592
0.00430623
0.0043064
0.00430655
0.00430661
0.00430668
0.0043067
0.00430674
0.00430675
0.00430678
0.00430678
0.00430681
0.00430682
0.00430684
0.00430685
0.00430687
0.00430688
0.00430691
0.00430692
0.00430695
0.00430696
0.00430699
0.004307
0.00430703
0.00430704
0.00430707
0.00430709
0.00430712
0.00430714
0.00430717
0.00430719
0.00430722
0.00430724
0.00430727
0.0043073
0.00430733
0.00430737
0.0043074
0.00430743
0.00430747
0.0043075
0.00430754
0.00430756
0.00430759
0.00430759
0.00430761
0.00430754
0.00430753
0.00430731
0.00430588
0.00354878
0.00409363
0.00417551
0.00418792
0.00419386
0.00419524
0.0041989
0.00420076
0.00420486
0.00420729
0.00421115
0.00421366
0.00421729
0.00422018
0.00422392
0.00422717
0.00423086
0.00423416
0.00423774
0.00424115
0.00424477
0.00424829
0.00425187
0.00425536
0.00425881
0.00426219
0.00426549
0.00426871
0.00427175
0.00427466
0.0042773
0.00427977
0.00428194
0.00428392
0.00428559
0.00428706
0.00428821
0.0042892
0.00428991
0.00429049
0.00429086
0.00429117
0.00429134
0.00429149
0.00429155
0.00429163
0.00429165
0.00429169
0.00429169
0.00429172
0.00429173
0.00429176
0.00429176
0.00429179
0.0042918
0.00429182
0.00429183
0.00429186
0.00429187
0.0042919
0.00429191
0.00429194
0.00429195
0.00429198
0.004292
0.00429203
0.00429204
0.00429208
0.00429209
0.00429213
0.00429215
0.00429218
0.0042922
0.00429224
0.00429226
0.0042923
0.00429233
0.00429236
0.0042924
0.00429243
0.00429247
0.0042925
0.00429253
0.00429256
0.00429255
0.00429257
0.00429251
0.0042925
0.00429229
0.00429091
0.00356677
0.00410765
0.00418939
0.00420298
0.00420945
0.00421099
0.00421445
0.00421601
0.00421952
0.00422158
0.00422491
0.0042271
0.00423038
0.00423295
0.00423639
0.00423961
0.00424312
0.00424652
0.00425003
0.00425353
0.00425714
0.00426072
0.00426431
0.00426784
0.00427133
0.00427474
0.00427807
0.00428129
0.00428435
0.00428722
0.00428987
0.00429229
0.00429445
0.00429637
0.00429802
0.00429943
0.00430058
0.00430151
0.00430223
0.00430278
0.00430318
0.00430347
0.00430368
0.00430383
0.00430394
0.00430402
0.0043041
0.00430415
0.00430421
0.00430425
0.00430431
0.00430435
0.0043044
0.00430445
0.0043045
0.00430454
0.0043046
0.00430464
0.00430469
0.00430474
0.00430479
0.00430484
0.0043049
0.00430494
0.004305
0.00430505
0.0043051
0.00430515
0.00430521
0.00430526
0.00430531
0.00430537
0.00430542
0.00430548
0.00430554
0.00430559
0.00430565
0.00430571
0.00430577
0.00430582
0.00430588
0.00430594
0.004306
0.00430605
0.0043061
0.00430614
0.00430618
0.00430616
0.00430619
0.00430489
0.00366912
0.00418326
0.00425697
0.00426922
0.0042755
0.00427694
0.00428023
0.00428148
0.00428458
0.00428615
0.00428914
0.00429097
0.00429403
0.00429639
0.00429967
0.00430245
0.00430578
0.00430876
0.00431215
0.00431534
0.00431885
0.0043222
0.0043257
0.00432906
0.00433247
0.00433574
0.00433899
0.00434207
0.00434502
0.00434774
0.00435026
0.00435252
0.00435455
0.00435632
0.00435784
0.00435912
0.00436017
0.004361
0.00436166
0.00436215
0.00436253
0.00436282
0.00436304
0.0043632
0.00436335
0.00436346
0.00436358
0.00436367
0.00436378
0.00436387
0.00436397
0.00436406
0.00436416
0.00436426
0.00436436
0.00436446
0.00436456
0.00436466
0.00436477
0.00436486
0.00436497
0.00436507
0.00436518
0.00436529
0.0043654
0.0043655
0.00436562
0.00436572
0.00436584
0.00436595
0.00436607
0.00436618
0.00436631
0.00436642
0.00436655
0.00436666
0.0043668
0.00436691
0.00436705
0.00436717
0.00436731
0.00436743
0.00436756
0.00436768
0.00436779
0.0043679
0.00436796
0.00436801
0.00436794
0.00436704
0.00384097
0.00428433
0.0043339
0.00434231
0.00434538
0.00434795
0.00435013
0.00435282
0.0043552
0.00435807
0.00436056
0.00436364
0.00436641
0.00436984
0.00437287
0.0043765
0.00437964
0.00438337
0.00438665
0.00439051
0.00439391
0.00439782
0.00440121
0.00440504
0.00440834
0.00441201
0.0044151
0.00441847
0.00442121
0.00442414
0.00442643
0.00442886
0.00443065
0.00443255
0.00443385
0.00443525
0.00443611
0.00443709
0.00443761
0.00443829
0.0044386
0.00443909
0.00443928
0.00443966
0.00443981
0.00444014
0.00444028
0.00444059
0.00444072
0.00444102
0.00444115
0.00444144
0.00444158
0.00444187
0.00444201
0.00444229
0.00444243
0.00444272
0.00444286
0.00444314
0.00444329
0.00444357
0.00444371
0.00444399
0.00444414
0.00444442
0.00444457
0.00444485
0.004445
0.00444528
0.00444543
0.00444571
0.00444587
0.00444615
0.00444631
0.00444658
0.00444675
0.00444703
0.00444719
0.00444747
0.00444764
0.00444792
0.00444808
0.00444838
0.00444853
0.00444881
0.00444897
0.00444918
0.00444949
0.0044486
0.00417905
0.00447207
0.00449025
0.00449009
0.004491
0.00449242
0.0044944
0.00449733
0.00449956
0.00450322
0.00450552
0.00450974
0.00451223
0.00451688
0.0045195
0.00452437
0.00452706
0.00453207
0.00453489
0.00454002
0.00454292
0.00454804
0.00455093
0.00455592
0.0045587
0.00456344
0.00456599
0.00457032
0.0045725
0.00457629
0.00457802
0.00458123
0.00458249
0.0045851
0.00458592
0.00458797
0.00458844
0.00459004
0.00459027
0.00459156
0.00459164
0.00459274
0.00459276
0.00459375
0.00459376
0.00459468
0.0045947
0.00459558
0.00459561
0.00459646
0.00459651
0.00459733
0.00459739
0.00459819
0.00459826
0.00459904
0.00459912
0.00459988
0.00459997
0.00460071
0.00460082
0.00460153
0.00460165
0.00460235
0.00460247
0.00460316
0.00460329
0.00460396
0.00460409
0.00460476
0.00460489
0.00460555
0.00460569
0.00460634
0.00460648
0.00460712
0.00460727
0.00460791
0.00460806
0.00460871
0.00460885
0.0046095
0.00460963
0.00461029
0.00461041
0.00461107
0.00461114
0.00461176
0.00461183
0.00461259
0.00419353
0.00428591
0.00428393
0.00427894
0.00427983
0.00428156
0.00428422
0.00428904
0.00429168
0.00429785
0.00430018
0.00430712
0.00430926
0.00431663
0.00431857
0.00432609
0.00432791
0.00433547
0.00433729
0.00434483
0.00434663
0.00435401
0.00435575
0.00436286
0.00436448
0.00437118
0.00437258
0.00437874
0.0043798
0.00438531
0.00438598
0.00439082
0.0043911
0.00439526
0.00439518
0.00439876
0.0043984
0.00440151
0.00440097
0.00440374
0.00440312
0.00440565
0.00440503
0.0044074
0.00440681
0.00440905
0.00440851
0.00441064
0.00441016
0.00441219
0.00441177
0.00441371
0.00441334
0.0044152
0.00441487
0.00441665
0.00441636
0.00441808
0.00441782
0.00441948
0.00441925
0.00442084
0.00442064
0.00442218
0.004422
0.00442349
0.00442333
0.00442478
0.00442463
0.00442604
0.0044259
0.00442728
0.00442715
0.00442851
0.00442837
0.00442972
0.00442958
0.00443092
0.00443078
0.00443211
0.00443196
0.0044333
0.00443313
0.00443447
0.00443428
0.0044356
0.00443535
0.0044367
0.00443599
0.0044367
0.00422031
0.0043361
0.00434875
0.00435495
0.00436499
0.00437436
0.00438349
0.00439387
0.00440129
0.00441163
0.00441751
0.00442763
0.00443241
0.00444222
0.00444615
0.00445548
0.00445879
0.00446768
0.00447056
0.00447902
0.00448154
0.00448951
0.00449171
0.00449916
0.00450106
0.00450795
0.00450952
0.00451579
0.00451696
0.00452254
0.00452329
0.00452816
0.0045285
0.00453269
0.00453266
0.00453625
0.00453591
0.00453903
0.00453851
0.00454127
0.00454067
0.00454319
0.00454258
0.00454493
0.00454435
0.00454657
0.00454604
0.00454816
0.00454768
0.0045497
0.00454928
0.00455121
0.00455084
0.00455269
0.00455236
0.00455413
0.00455384
0.00455555
0.00455529
0.00455694
0.00455671
0.00455829
0.00455809
0.00455962
0.00455944
0.00456092
0.00456076
0.0045622
0.00456205
0.00456345
0.00456331
0.00456468
0.00456454
0.00456589
0.00456575
0.00456709
0.00456695
0.00456827
0.00456813
0.00456945
0.0045693
0.00457063
0.00457046
0.00457178
0.00457159
0.0045729
0.00457264
0.00457399
0.00457327
0.00457415
0.00419184
0.0045044
0.0045377
0.00454941
0.00456018
0.00456979
0.00457875
0.00458767
0.0045951
0.00460322
0.00460942
0.00461699
0.00462243
0.00462962
0.00463447
0.00464125
0.00464561
0.00465203
0.00465605
0.00466216
0.00466589
0.00467165
0.00467506
0.00468043
0.00468354
0.00468849
0.00469124
0.00469569
0.00469799
0.00470186
0.00470367
0.00470693
0.00470824
0.00471088
0.00471175
0.00471382
0.00471431
0.00471593
0.00471616
0.00471746
0.00471755
0.00471865
0.00471867
0.00471966
0.00471967
0.00472059
0.0047206
0.00472148
0.00472151
0.00472235
0.0047224
0.00472321
0.00472327
0.00472406
0.00472414
0.00472491
0.00472499
0.00472574
0.00472584
0.00472656
0.00472667
0.00472738
0.00472749
0.00472819
0.00472831
0.00472899
0.00472911
0.00472978
0.00472991
0.00473057
0.0047307
0.00473135
0.00473149
0.00473213
0.00473227
0.0047329
0.00473305
0.00473368
0.00473382
0.00473446
0.0047346
0.00473524
0.00473537
0.00473602
0.00473613
0.00473678
0.00473684
0.00473746
0.00473747
0.0047382
0.00384566
0.0043013
0.00436234
0.00438078
0.00439244
0.00440241
0.00441092
0.00441908
0.0044262
0.00443319
0.00443924
0.00444543
0.00445089
0.00445667
0.00446175
0.00446715
0.00447183
0.00447687
0.00448127
0.00448606
0.00449023
0.00449476
0.00449866
0.00450287
0.00450647
0.00451036
0.00451363
0.00451713
0.00451998
0.00452299
0.00452534
0.00452781
0.00452965
0.00453158
0.00453291
0.00453433
0.00453521
0.0045362
0.00453674
0.00453741
0.00453773
0.00453821
0.00453841
0.00453879
0.00453894
0.00453926
0.0045394
0.0045397
0.00453983
0.00454012
0.00454025
0.00454054
0.00454067
0.00454096
0.00454109
0.00454137
0.00454151
0.00454179
0.00454193
0.00454221
0.00454235
0.00454262
0.00454277
0.00454304
0.00454319
0.00454346
0.00454361
0.00454388
0.00454403
0.0045443
0.00454445
0.00454472
0.00454488
0.00454515
0.0045453
0.00454558
0.00454573
0.00454601
0.00454617
0.00454645
0.0045466
0.00454689
0.00454704
0.00454733
0.00454747
0.00454775
0.00454789
0.00454813
0.00454835
0.00454736
0.00367048
0.00419107
0.00427238
0.00429205
0.00430506
0.00431237
0.00432093
0.00432658
0.00433368
0.00433861
0.00434456
0.00434894
0.00435422
0.00435855
0.00436352
0.00436777
0.00437239
0.00437645
0.00438078
0.00438476
0.00438892
0.0043928
0.00439674
0.00440042
0.0044041
0.00440756
0.00441097
0.00441415
0.00441719
0.00441997
0.00442255
0.00442485
0.00442691
0.0044287
0.00443025
0.00443154
0.00443261
0.00443344
0.00443411
0.0044346
0.00443499
0.00443527
0.00443549
0.00443565
0.00443579
0.0044359
0.00443602
0.0044361
0.00443621
0.00443629
0.00443639
0.00443648
0.00443658
0.00443667
0.00443677
0.00443686
0.00443696
0.00443705
0.00443716
0.00443725
0.00443736
0.00443745
0.00443756
0.00443766
0.00443777
0.00443787
0.00443798
0.00443808
0.0044382
0.0044383
0.00443842
0.00443852
0.00443865
0.00443875
0.00443888
0.00443899
0.00443913
0.00443923
0.00443937
0.00443949
0.00443963
0.00443974
0.00443987
0.00443999
0.00444009
0.0044402
0.00444024
0.00444031
0.00444021
0.00443918
0.0035667
0.00411024
0.00419589
0.00421387
0.00422444
0.00422969
0.00423656
0.00424102
0.00424709
0.00425134
0.00425662
0.00426038
0.00426507
0.00426911
0.00427367
0.00427802
0.00428238
0.0042865
0.00429063
0.00429464
0.00429869
0.00430262
0.00430651
0.00431026
0.00431393
0.00431747
0.00432092
0.0043242
0.00432733
0.00433024
0.00433293
0.00433537
0.00433755
0.00433948
0.00434115
0.00434257
0.00434373
0.00434466
0.00434539
0.00434593
0.00434634
0.00434663
0.00434684
0.00434699
0.0043471
0.00434718
0.00434725
0.0043473
0.00434736
0.0043474
0.00434745
0.00434749
0.00434754
0.00434758
0.00434764
0.00434768
0.00434773
0.00434777
0.00434782
0.00434787
0.00434792
0.00434796
0.00434802
0.00434806
0.00434811
0.00434816
0.00434821
0.00434826
0.00434832
0.00434836
0.00434842
0.00434847
0.00434853
0.00434858
0.00434863
0.00434869
0.00434874
0.0043488
0.00434886
0.00434891
0.00434897
0.00434903
0.00434908
0.00434913
0.00434918
0.00434922
0.00434925
0.00434924
0.00434925
0.00434787
0.0035488
0.00409442
0.00417758
0.00419151
0.00419893
0.00420151
0.00420657
0.00420937
0.00421442
0.00421762
0.00422217
0.00422527
0.00422942
0.00423277
0.00423692
0.00424052
0.00424451
0.00424807
0.00425187
0.00425547
0.00425924
0.00426289
0.00426658
0.00427014
0.00427366
0.00427709
0.00428043
0.00428368
0.00428674
0.00428966
0.00429232
0.0042948
0.00429698
0.00429896
0.00430063
0.0043021
0.00430327
0.00430425
0.00430497
0.00430555
0.00430592
0.00430623
0.0043064
0.00430655
0.00430661
0.00430668
0.0043067
0.00430674
0.00430675
0.00430678
0.00430678
0.00430681
0.00430682
0.00430684
0.00430685
0.00430687
0.00430688
0.00430691
0.00430692
0.00430695
0.00430696
0.00430699
0.004307
0.00430703
0.00430704
0.00430707
0.00430709
0.00430712
0.00430714
0.00430717
0.00430719
0.00430722
0.00430724
0.00430727
0.0043073
0.00430733
0.00430737
0.0043074
0.00430743
0.00430747
0.0043075
0.00430754
0.00430756
0.00430759
0.00430759
0.00430761
0.00430754
0.00430753
0.00430731
0.00430588
0.00354878
0.00409363
0.00417551
0.00418792
0.00419386
0.00419524
0.0041989
0.00420076
0.00420486
0.00420729
0.00421115
0.00421366
0.00421729
0.00422018
0.00422392
0.00422717
0.00423086
0.00423416
0.00423774
0.00424115
0.00424477
0.00424829
0.00425187
0.00425536
0.00425881
0.00426219
0.00426549
0.00426871
0.00427175
0.00427466
0.0042773
0.00427977
0.00428194
0.00428392
0.00428559
0.00428706
0.00428821
0.0042892
0.00428991
0.00429049
0.00429086
0.00429117
0.00429134
0.00429149
0.00429155
0.00429163
0.00429165
0.00429169
0.00429169
0.00429172
0.00429173
0.00429176
0.00429176
0.00429179
0.0042918
0.00429182
0.00429183
0.00429186
0.00429187
0.0042919
0.00429191
0.00429194
0.00429195
0.00429198
0.004292
0.00429203
0.00429204
0.00429208
0.00429209
0.00429213
0.00429215
0.00429218
0.0042922
0.00429224
0.00429226
0.0042923
0.00429233
0.00429236
0.0042924
0.00429243
0.00429247
0.0042925
0.00429253
0.00429256
0.00429255
0.00429257
0.00429251
0.0042925
0.00429229
0.00429091
0.00356677
0.00410765
0.00418939
0.00420298
0.00420945
0.00421099
0.00421445
0.00421601
0.00421952
0.00422158
0.00422491
0.0042271
0.00423038
0.00423295
0.00423639
0.00423961
0.00424312
0.00424652
0.00425003
0.00425353
0.00425714
0.00426072
0.00426431
0.00426784
0.00427133
0.00427474
0.00427807
0.00428129
0.00428435
0.00428722
0.00428987
0.00429229
0.00429445
0.00429637
0.00429802
0.00429943
0.00430058
0.00430151
0.00430223
0.00430278
0.00430318
0.00430347
0.00430368
0.00430383
0.00430394
0.00430402
0.0043041
0.00430415
0.00430421
0.00430425
0.00430431
0.00430435
0.0043044
0.00430445
0.0043045
0.00430454
0.0043046
0.00430464
0.00430469
0.00430474
0.00430479
0.00430484
0.00430489
0.00430494
0.004305
0.00430505
0.0043051
0.00430515
0.00430521
0.00430526
0.00430531
0.00430537
0.00430542
0.00430548
0.00430554
0.00430559
0.00430565
0.00430571
0.00430577
0.00430582
0.00430588
0.00430594
0.004306
0.00430605
0.0043061
0.00430614
0.00430618
0.00430616
0.00430619
0.00430489
0.00366912
0.00418326
0.00425697
0.00426922
0.0042755
0.00427694
0.00428023
0.00428148
0.00428458
0.00428615
0.00428914
0.00429097
0.00429403
0.00429639
0.00429967
0.00430245
0.00430578
0.00430876
0.00431215
0.00431534
0.00431885
0.0043222
0.0043257
0.00432906
0.00433247
0.00433574
0.00433899
0.00434207
0.00434502
0.00434774
0.00435026
0.00435252
0.00435455
0.00435632
0.00435784
0.00435912
0.00436017
0.004361
0.00436166
0.00436215
0.00436253
0.00436282
0.00436304
0.0043632
0.00436335
0.00436346
0.00436358
0.00436367
0.00436378
0.00436387
0.00436397
0.00436406
0.00436416
0.00436426
0.00436436
0.00436446
0.00436456
0.00436466
0.00436477
0.00436486
0.00436497
0.00436507
0.00436518
0.00436529
0.0043654
0.0043655
0.00436562
0.00436572
0.00436584
0.00436595
0.00436607
0.00436618
0.00436631
0.00436642
0.00436655
0.00436666
0.0043668
0.00436691
0.00436705
0.00436717
0.00436731
0.00436743
0.00436756
0.00436768
0.00436779
0.0043679
0.00436796
0.00436801
0.00436794
0.00436704
0.00384097
0.00428433
0.0043339
0.00434231
0.00434538
0.00434795
0.00435013
0.00435282
0.0043552
0.00435807
0.00436056
0.00436364
0.00436641
0.00436984
0.00437287
0.0043765
0.00437964
0.00438337
0.00438665
0.00439051
0.00439391
0.00439782
0.00440121
0.00440504
0.00440834
0.00441201
0.0044151
0.00441847
0.00442121
0.00442414
0.00442643
0.00442886
0.00443065
0.00443255
0.00443385
0.00443525
0.00443611
0.00443709
0.00443761
0.00443829
0.0044386
0.00443909
0.00443928
0.00443966
0.00443981
0.00444014
0.00444028
0.00444059
0.00444072
0.00444102
0.00444115
0.00444144
0.00444158
0.00444187
0.00444201
0.00444229
0.00444243
0.00444272
0.00444286
0.00444314
0.00444329
0.00444357
0.00444371
0.00444399
0.00444414
0.00444442
0.00444457
0.00444485
0.004445
0.00444528
0.00444543
0.00444571
0.00444587
0.00444615
0.0044463
0.00444658
0.00444675
0.00444703
0.00444719
0.00444747
0.00444764
0.00444792
0.00444808
0.00444838
0.00444853
0.00444881
0.00444897
0.00444918
0.00444949
0.0044486
0.00417905
0.00447207
0.00449025
0.00449009
0.004491
0.00449242
0.0044944
0.00449733
0.00449956
0.00450322
0.00450552
0.00450974
0.00451223
0.00451688
0.0045195
0.00452437
0.00452706
0.00453207
0.00453489
0.00454002
0.00454292
0.00454804
0.00455093
0.00455592
0.0045587
0.00456344
0.00456599
0.00457032
0.0045725
0.00457629
0.00457802
0.00458123
0.00458249
0.0045851
0.00458592
0.00458797
0.00458844
0.00459004
0.00459027
0.00459156
0.00459164
0.00459274
0.00459276
0.00459375
0.00459376
0.00459468
0.0045947
0.00459558
0.00459561
0.00459646
0.0045965
0.00459733
0.00459739
0.00459819
0.00459826
0.00459904
0.00459912
0.00459988
0.00459997
0.00460071
0.00460082
0.00460153
0.00460165
0.00460235
0.00460247
0.00460316
0.00460329
0.00460396
0.00460409
0.00460476
0.00460489
0.00460555
0.00460569
0.00460634
0.00460648
0.00460712
0.00460727
0.00460791
0.00460806
0.00460871
0.00460885
0.0046095
0.00460963
0.00461029
0.00461041
0.00461107
0.00461114
0.00461176
0.00461183
0.00461259
0.00419353
0.00428591
0.00428393
0.00427894
0.00427983
0.00428156
0.00428422
0.00428904
0.00429168
0.00429785
0.00430018
0.00430712
0.00430926
0.00431663
0.00431857
0.00432609
0.00432791
0.00433547
0.00433729
0.00434483
0.00434663
0.00435401
0.00435575
0.00436286
0.00436448
0.00437118
0.00437258
0.00437874
0.0043798
0.00438531
0.00438598
0.00439082
0.0043911
0.00439526
0.00439518
0.00439876
0.0043984
0.00440151
0.00440097
0.00440374
0.00440312
0.00440565
0.00440503
0.00440739
0.00440681
0.00440904
0.00440851
0.00441064
0.00441016
0.00441219
0.00441177
0.00441371
0.00441334
0.0044152
0.00441487
0.00441665
0.00441636
0.00441808
0.00441782
0.00441948
0.00441925
0.00442084
0.00442064
0.00442218
0.004422
0.00442349
0.00442333
0.00442478
0.00442463
0.00442604
0.0044259
0.00442728
0.00442715
0.00442851
0.00442837
0.00442972
0.00442958
0.00443092
0.00443078
0.00443211
0.00443196
0.0044333
0.00443313
0.00443447
0.00443428
0.0044356
0.00443535
0.0044367
0.00443599
0.0044367
0.012173
0.0123292
0.0123749
0.0124085
0.0124364
0.0124617
0.0124837
0.0125052
0.0125237
0.0125423
0.0125582
0.012575
0.0125894
0.0126051
0.0126185
0.012633
0.0126455
0.0126591
0.0126709
0.0126839
0.0126949
0.0127071
0.0127174
0.0127287
0.0127382
0.0127485
0.0127569
0.0127661
0.0127732
0.0127809
0.0127866
0.0127927
0.012797
0.0128016
0.0128044
0.0128076
0.0128092
0.0128113
0.0128121
0.0128134
0.0128136
0.0128145
0.0128144
0.0128151
0.0128149
0.0128155
0.0128153
0.0128158
0.0128156
0.012816
0.0128159
0.0128163
0.0128162
0.0128166
0.0128164
0.0128168
0.0128167
0.0128171
0.012817
0.0128173
0.0128172
0.0128176
0.0128175
0.0128178
0.0128177
0.012818
0.012818
0.0128183
0.0128182
0.0128185
0.0128184
0.0128187
0.0128186
0.0128189
0.0128189
0.0128191
0.0128191
0.0128194
0.0128193
0.0128196
0.0128195
0.0128198
0.0128198
0.0128201
0.01282
0.0128204
0.0128204
0.0128209
0.0128202
0.0128203
0.0117355
0.0120126
0.0120593
0.0120935
0.0121205
0.0121459
0.0121674
0.0121888
0.0122071
0.0122256
0.0122414
0.012258
0.0122723
0.0122877
0.0123011
0.0123154
0.0123279
0.0123413
0.012353
0.0123657
0.0123768
0.0123888
0.0123992
0.0124103
0.0124198
0.01243
0.0124386
0.0124476
0.0124549
0.0124626
0.0124685
0.0124746
0.0124791
0.0124837
0.0124868
0.0124901
0.0124919
0.0124941
0.012495
0.0124963
0.0124967
0.0124976
0.0124977
0.0124983
0.0124983
0.0124988
0.0124987
0.0124991
0.0124991
0.0124995
0.0124994
0.0124998
0.0124998
0.0125002
0.0125001
0.0125005
0.0125005
0.0125008
0.0125008
0.0125011
0.0125011
0.0125014
0.0125014
0.0125017
0.0125017
0.012502
0.012502
0.0125023
0.0125023
0.0125026
0.0125026
0.0125029
0.0125029
0.0125032
0.0125032
0.0125034
0.0125034
0.0125037
0.0125037
0.012504
0.0125039
0.0125042
0.0125042
0.0125045
0.0125044
0.0125047
0.0125046
0.012505
0.0125048
0.0125052
0.0112669
0.0116612
0.0117126
0.0117447
0.01177
0.0117932
0.0118134
0.0118332
0.0118508
0.0118681
0.0118835
0.0118988
0.0119128
0.0119271
0.0119402
0.0119537
0.011966
0.0119786
0.0119902
0.0120022
0.0120133
0.0120247
0.0120351
0.0120458
0.0120555
0.0120653
0.0120742
0.012083
0.0120907
0.0120983
0.0121047
0.0121109
0.0121159
0.0121206
0.0121242
0.0121276
0.0121299
0.012132
0.0121334
0.0121347
0.0121353
0.0121361
0.0121363
0.0121368
0.0121369
0.0121372
0.0121373
0.0121375
0.0121375
0.0121378
0.0121378
0.012138
0.012138
0.0121383
0.0121383
0.0121385
0.0121385
0.0121387
0.0121388
0.012139
0.012139
0.0121392
0.0121393
0.0121395
0.0121395
0.0121397
0.0121397
0.0121399
0.0121399
0.0121401
0.0121402
0.0121404
0.0121404
0.0121406
0.0121406
0.0121408
0.0121408
0.012141
0.012141
0.0121412
0.0121412
0.0121414
0.0121414
0.0121416
0.0121415
0.0121417
0.0121416
0.0121419
0.0121416
0.0121376
0.0111066
0.0115587
0.0116093
0.0116369
0.0116588
0.0116791
0.0116969
0.0117147
0.0117311
0.0117473
0.0117619
0.0117763
0.0117895
0.011803
0.0118158
0.0118288
0.0118409
0.011853
0.0118644
0.0118761
0.0118871
0.0118983
0.0119089
0.0119195
0.0119293
0.0119392
0.0119484
0.0119574
0.0119656
0.0119735
0.0119805
0.011987
0.0119926
0.0119977
0.0120018
0.0120055
0.0120083
0.0120107
0.0120124
0.0120139
0.0120147
0.0120155
0.0120159
0.0120163
0.0120165
0.0120167
0.0120168
0.012017
0.012017
0.0120171
0.0120172
0.0120173
0.0120173
0.0120175
0.0120175
0.0120176
0.0120176
0.0120178
0.0120178
0.0120179
0.012018
0.0120181
0.0120181
0.0120182
0.0120183
0.0120184
0.0120184
0.0120185
0.0120186
0.0120187
0.0120187
0.0120188
0.0120189
0.012019
0.012019
0.0120191
0.0120192
0.0120193
0.0120193
0.0120194
0.0120194
0.0120195
0.0120195
0.0120197
0.0120196
0.0120198
0.0120197
0.0120198
0.0120197
0.0120167
0.0110081
0.0114977
0.0115451
0.0115672
0.0115842
0.0116007
0.0116152
0.0116304
0.0116447
0.0116594
0.0116726
0.0116857
0.0116978
0.0117103
0.0117223
0.0117345
0.0117461
0.0117577
0.0117686
0.0117798
0.0117906
0.0118016
0.011812
0.0118225
0.0118323
0.0118422
0.0118515
0.0118607
0.0118692
0.0118773
0.0118846
0.0118915
0.0118975
0.0119029
0.0119075
0.0119115
0.0119147
0.0119174
0.0119193
0.0119209
0.011922
0.0119228
0.0119233
0.0119238
0.0119239
0.0119242
0.0119243
0.0119244
0.0119244
0.0119245
0.0119246
0.0119247
0.0119247
0.0119248
0.0119248
0.0119249
0.0119249
0.011925
0.011925
0.0119251
0.0119251
0.0119252
0.0119252
0.0119253
0.0119254
0.0119255
0.0119255
0.0119256
0.0119256
0.0119257
0.0119257
0.0119258
0.0119258
0.0119259
0.0119259
0.011926
0.011926
0.0119261
0.0119261
0.0119262
0.0119262
0.0119263
0.0119263
0.0119264
0.0119264
0.0119265
0.0119264
0.0119265
0.0119263
0.0119217
0.0109882
0.0114874
0.0115295
0.0115457
0.0115578
0.01157
0.0115811
0.0115932
0.0116052
0.0116179
0.0116295
0.0116411
0.0116519
0.0116632
0.0116743
0.0116858
0.0116967
0.0117077
0.0117182
0.011729
0.0117394
0.0117501
0.0117603
0.0117707
0.0117805
0.0117904
0.0117997
0.011809
0.0118176
0.0118259
0.0118334
0.0118405
0.0118467
0.0118524
0.0118571
0.0118614
0.0118647
0.0118676
0.0118697
0.0118715
0.0118726
0.0118735
0.011874
0.0118745
0.0118747
0.011875
0.0118751
0.0118752
0.0118752
0.0118753
0.0118753
0.0118754
0.0118754
0.0118755
0.0118755
0.0118756
0.0118756
0.0118757
0.0118757
0.0118758
0.0118758
0.0118759
0.0118759
0.011876
0.011876
0.0118761
0.0118761
0.0118762
0.0118762
0.0118763
0.0118763
0.0118764
0.0118764
0.0118765
0.0118765
0.0118766
0.0118766
0.0118767
0.0118767
0.0118768
0.0118768
0.0118769
0.0118768
0.0118769
0.0118769
0.011877
0.0118769
0.011877
0.0118769
0.0118727
0.0109883
0.0114849
0.011523
0.0115348
0.0115428
0.0115515
0.0115595
0.0115689
0.0115785
0.0115891
0.011599
0.011609
0.0116185
0.0116287
0.0116387
0.0116493
0.0116594
0.0116698
0.0116797
0.01169
0.0117
0.0117104
0.0117204
0.0117306
0.0117402
0.01175
0.0117592
0.0117684
0.0117769
0.0117852
0.0117926
0.0117997
0.0118058
0.0118115
0.0118163
0.0118205
0.0118238
0.0118267
0.0118288
0.0118306
0.0118317
0.0118326
0.0118331
0.0118336
0.0118338
0.0118341
0.0118342
0.0118343
0.0118343
0.0118344
0.0118344
0.0118345
0.0118345
0.0118346
0.0118346
0.0118347
0.0118347
0.0118348
0.0118348
0.0118349
0.0118349
0.011835
0.0118351
0.0118351
0.0118351
0.0118352
0.0118352
0.0118353
0.0118353
0.0118354
0.0118354
0.0118355
0.0118355
0.0118356
0.0118356
0.0118357
0.0118357
0.0118358
0.0118358
0.0118359
0.0118359
0.011836
0.011836
0.011836
0.011836
0.0118361
0.011836
0.0118361
0.011836
0.0118319
0.011008
0.0114883
0.0115229
0.011532
0.0115374
0.0115435
0.0115491
0.0115565
0.0115642
0.011573
0.0115813
0.0115899
0.0115983
0.0116075
0.0116166
0.0116263
0.0116357
0.0116454
0.0116548
0.0116646
0.0116743
0.0116843
0.011694
0.0117039
0.0117133
0.0117228
0.0117318
0.0117408
0.0117491
0.0117571
0.0117643
0.0117711
0.011777
0.0117824
0.0117869
0.0117909
0.0117941
0.0117968
0.0117987
0.0118003
0.0118013
0.0118022
0.0118026
0.0118031
0.0118033
0.0118035
0.0118036
0.0118037
0.0118037
0.0118039
0.0118039
0.011804
0.011804
0.0118041
0.0118041
0.0118042
0.0118042
0.0118043
0.0118043
0.0118044
0.0118045
0.0118046
0.0118046
0.0118047
0.0118047
0.0118048
0.0118048
0.0118049
0.0118049
0.011805
0.011805
0.0118051
0.0118051
0.0118052
0.0118053
0.0118053
0.0118054
0.0118055
0.0118055
0.0118056
0.0118056
0.0118057
0.0118057
0.0118057
0.0118057
0.0118058
0.0118057
0.0118058
0.0118057
0.0118013
0.0111021
0.0115321
0.0115591
0.0115654
0.0115688
0.011573
0.0115771
0.011583
0.0115892
0.0115964
0.0116034
0.011611
0.0116184
0.0116268
0.0116352
0.0116443
0.0116531
0.0116624
0.0116714
0.011681
0.0116903
0.0117001
0.0117095
0.0117192
0.0117284
0.0117377
0.0117465
0.0117552
0.0117632
0.0117709
0.0117777
0.0117841
0.0117896
0.0117946
0.0117987
0.0118023
0.0118051
0.0118075
0.0118091
0.0118105
0.0118114
0.0118121
0.0118125
0.011813
0.0118131
0.0118134
0.0118134
0.0118136
0.0118136
0.0118138
0.0118138
0.0118139
0.0118139
0.0118141
0.0118141
0.0118142
0.0118143
0.0118144
0.0118144
0.0118145
0.0118146
0.0118147
0.0118147
0.0118149
0.0118149
0.011815
0.011815
0.0118152
0.0118152
0.0118153
0.0118154
0.0118155
0.0118155
0.0118156
0.0118157
0.0118158
0.0118158
0.0118159
0.0118159
0.0118161
0.0118161
0.0118162
0.0118162
0.0118163
0.0118163
0.0118164
0.0118164
0.0118165
0.0118164
0.0118137
0.0112488
0.0116029
0.0116204
0.0116243
0.0116262
0.0116293
0.0116325
0.0116375
0.0116425
0.0116488
0.0116547
0.0116618
0.0116686
0.0116767
0.0116844
0.0116932
0.0117014
0.0117106
0.0117192
0.0117287
0.0117377
0.0117475
0.0117566
0.0117662
0.0117751
0.0117843
0.0117926
0.0118011
0.0118086
0.011816
0.0118222
0.0118282
0.0118331
0.0118377
0.0118412
0.0118445
0.0118467
0.0118488
0.0118501
0.0118514
0.011852
0.0118528
0.011853
0.0118535
0.0118536
0.0118539
0.0118539
0.0118542
0.0118542
0.0118544
0.0118544
0.0118547
0.0118547
0.0118549
0.0118549
0.0118552
0.0118552
0.0118554
0.0118554
0.0118556
0.0118557
0.0118559
0.0118559
0.0118561
0.0118561
0.0118563
0.0118564
0.0118566
0.0118566
0.0118568
0.0118568
0.011857
0.011857
0.0118572
0.0118573
0.0118574
0.0118575
0.0118577
0.0118577
0.0118579
0.0118579
0.0118581
0.0118581
0.0118582
0.0118582
0.0118584
0.0118584
0.0118585
0.0118586
0.0118548
0.011687
0.0119059
0.011911
0.0119126
0.011913
0.0119158
0.0119182
0.0119233
0.0119274
0.0119337
0.0119389
0.0119462
0.0119526
0.011961
0.0119684
0.0119774
0.0119853
0.0119949
0.0120033
0.0120133
0.0120222
0.0120323
0.0120412
0.0120512
0.0120599
0.0120694
0.0120775
0.0120861
0.0120932
0.0121006
0.0121063
0.0121123
0.0121166
0.0121211
0.0121241
0.0121272
0.012129
0.0121311
0.012132
0.0121333
0.0121337
0.0121345
0.0121346
0.0121352
0.0121352
0.0121356
0.0121356
0.012136
0.012136
0.0121364
0.0121363
0.0121367
0.0121366
0.012137
0.012137
0.0121373
0.0121373
0.0121377
0.0121376
0.012138
0.012138
0.0121383
0.0121383
0.0121386
0.0121386
0.0121389
0.0121389
0.0121392
0.0121392
0.0121395
0.0121395
0.0121397
0.0121398
0.01214
0.01214
0.0121403
0.0121403
0.0121406
0.0121406
0.0121408
0.0121408
0.0121411
0.0121411
0.0121413
0.0121413
0.0121416
0.0121415
0.0121419
0.0121419
0.0121424
0.0120909
0.0121806
0.0121823
0.0121818
0.0121819
0.0121837
0.0121858
0.0121903
0.012194
0.0122
0.0122048
0.012212
0.0122182
0.0122266
0.0122337
0.0122428
0.0122505
0.0122602
0.0122685
0.0122787
0.0122874
0.0122978
0.0123066
0.0123168
0.0123254
0.012335
0.0123429
0.0123517
0.0123585
0.0123659
0.0123714
0.0123774
0.0123815
0.0123859
0.0123886
0.0123917
0.0123933
0.0123953
0.012396
0.0123973
0.0123975
0.0123984
0.0123983
0.0123989
0.0123988
0.0123993
0.0123991
0.0123996
0.0123994
0.0123999
0.0123997
0.0124001
0.0124
0.0124004
0.0124002
0.0124006
0.0124005
0.0124009
0.0124008
0.0124011
0.012401
0.0124014
0.0124013
0.0124016
0.0124015
0.0124018
0.0124017
0.0124021
0.012402
0.0124023
0.0124022
0.0124025
0.0124024
0.0124027
0.0124027
0.0124029
0.0124029
0.0124031
0.0124031
0.0124034
0.0124033
0.0124036
0.0124035
0.0124038
0.0124038
0.0124042
0.0124041
0.0124047
0.0124039
0.0124041
0.0265969
0.0267977
0.0268952
0.0269744
0.0270352
0.0270926
0.0271409
0.0271886
0.02723
0.0272708
0.0273067
0.0273428
0.0273756
0.0274089
0.0274395
0.0274703
0.0274989
0.0275275
0.0275545
0.0275816
0.0276071
0.0276325
0.0276563
0.0276798
0.0277017
0.0277231
0.0277428
0.0277617
0.0277786
0.0277944
0.0278082
0.0278207
0.0278311
0.0278403
0.0278475
0.0278536
0.0278581
0.0278618
0.0278641
0.0278661
0.0278672
0.0278681
0.0278685
0.0278689
0.0278689
0.0278692
0.0278691
0.0278692
0.0278691
0.0278692
0.027869
0.0278691
0.027869
0.0278691
0.0278689
0.027869
0.0278689
0.027869
0.0278689
0.0278689
0.0278688
0.0278689
0.0278688
0.0278688
0.0278687
0.0278688
0.0278687
0.0278687
0.0278686
0.0278687
0.0278686
0.0278686
0.0278685
0.0278686
0.0278685
0.0278685
0.0278684
0.0278684
0.0278683
0.0278683
0.0278682
0.0278682
0.027868
0.0278681
0.0278678
0.0278679
0.0278675
0.0278676
0.0278646
0.0278627
0.0152362
0.0155219
0.015575
0.015622
0.0156529
0.0156878
0.0157127
0.015742
0.0157636
0.0157887
0.0158076
0.0158299
0.0158473
0.0158678
0.0158842
0.0159032
0.0159186
0.0159363
0.0159509
0.0159676
0.0159815
0.0159972
0.0160102
0.0160247
0.0160367
0.01605
0.0160608
0.0160726
0.0160818
0.0160918
0.0160993
0.0161073
0.0161129
0.016119
0.0161228
0.0161271
0.0161294
0.0161322
0.0161333
0.0161351
0.0161355
0.0161367
0.0161367
0.0161376
0.0161375
0.0161382
0.016138
0.0161387
0.0161385
0.0161391
0.0161389
0.0161395
0.0161393
0.0161399
0.0161398
0.0161403
0.0161402
0.0161407
0.0161406
0.0161411
0.016141
0.0161414
0.0161413
0.0161418
0.0161417
0.0161421
0.0161421
0.0161425
0.0161424
0.0161428
0.0161428
0.0161431
0.0161431
0.0161434
0.0161434
0.0161437
0.0161437
0.016144
0.0161439
0.0161442
0.0161442
0.0161445
0.0161444
0.0161446
0.0161445
0.0161448
0.0161445
0.0161449
0.0161422
0.0161408
0.0122376
0.0126398
0.0126801
0.012718
0.0127369
0.0127659
0.0127814
0.0128063
0.0128204
0.0128423
0.0128548
0.0128742
0.0128858
0.0129038
0.0129152
0.012932
0.0129428
0.0129586
0.012969
0.0129839
0.012994
0.0130081
0.0130178
0.013031
0.01304
0.0130523
0.0130605
0.0130716
0.0130788
0.0130885
0.0130944
0.0131025
0.013107
0.0131135
0.0131166
0.0131216
0.0131235
0.0131271
0.0131281
0.0131307
0.013131
0.013133
0.013133
0.0131347
0.0131346
0.013136
0.0131358
0.0131372
0.013137
0.0131383
0.0131382
0.0131394
0.0131394
0.0131405
0.0131405
0.0131416
0.0131416
0.0131427
0.0131427
0.0131437
0.0131438
0.0131448
0.0131448
0.0131458
0.0131458
0.0131468
0.0131468
0.0131478
0.0131478
0.0131487
0.0131488
0.0131497
0.0131497
0.0131505
0.0131506
0.0131514
0.0131515
0.0131522
0.0131523
0.013153
0.0131531
0.0131538
0.0131538
0.0131545
0.0131544
0.0131551
0.0131549
0.0131556
0.0131548
0.0131512
0.0117829
0.0122793
0.0123197
0.0123542
0.0123674
0.0123937
0.0124047
0.0124277
0.0124385
0.0124596
0.0124695
0.0124882
0.0124976
0.0125152
0.0125246
0.0125414
0.0125507
0.0125664
0.0125755
0.0125905
0.0125996
0.012614
0.0126228
0.0126365
0.0126449
0.0126577
0.0126656
0.0126774
0.0126845
0.012695
0.012701
0.0127101
0.0127149
0.0127224
0.0127258
0.0127318
0.012734
0.0127386
0.0127398
0.0127432
0.0127437
0.0127464
0.0127465
0.0127487
0.0127487
0.0127506
0.0127506
0.0127523
0.0127523
0.012754
0.012754
0.0127557
0.0127557
0.0127573
0.0127574
0.0127589
0.012759
0.0127605
0.0127606
0.012762
0.0127622
0.0127636
0.0127637
0.0127651
0.0127653
0.0127666
0.0127668
0.0127681
0.0127682
0.0127695
0.0127697
0.0127709
0.0127711
0.0127723
0.0127724
0.0127736
0.0127738
0.0127749
0.012775
0.0127761
0.0127762
0.0127772
0.0127774
0.0127784
0.0127784
0.0127794
0.0127794
0.0127803
0.0127805
0.0127762
0.0117495
0.012295
0.0123366
0.0123687
0.0123776
0.0124008
0.0124083
0.012429
0.0124372
0.012457
0.012465
0.0124828
0.0124905
0.0125073
0.0125155
0.0125321
0.0125404
0.012556
0.0125642
0.0125793
0.0125877
0.0126023
0.0126108
0.0126247
0.0126329
0.0126462
0.012654
0.0126664
0.0126736
0.0126849
0.0126911
0.0127009
0.012706
0.0127143
0.0127181
0.0127248
0.0127274
0.0127326
0.0127341
0.0127381
0.0127388
0.0127419
0.0127422
0.0127447
0.0127449
0.0127471
0.0127471
0.0127492
0.0127493
0.0127512
0.0127513
0.0127532
0.0127534
0.0127552
0.0127554
0.0127572
0.0127574
0.0127591
0.0127594
0.012761
0.0127613
0.0127629
0.0127632
0.0127648
0.0127651
0.0127666
0.0127669
0.0127684
0.0127687
0.0127702
0.0127705
0.0127719
0.0127722
0.0127736
0.0127739
0.0127753
0.0127755
0.0127768
0.0127771
0.0127784
0.0127786
0.0127798
0.0127801
0.0127812
0.0127814
0.0127826
0.0127827
0.0127837
0.0127843
0.0127795
0.0117678
0.012342
0.0123836
0.0124128
0.0124179
0.0124373
0.0124417
0.0124593
0.0124653
0.0124829
0.0124893
0.0125055
0.0125118
0.0125275
0.0125346
0.0125504
0.0125579
0.0125731
0.0125807
0.0125954
0.0126033
0.0126179
0.012626
0.01264
0.0126481
0.0126614
0.0126692
0.0126819
0.0126892
0.0127008
0.0127072
0.0127174
0.0127226
0.0127313
0.0127353
0.0127425
0.0127452
0.0127508
0.0127525
0.0127568
0.0127577
0.012761
0.0127614
0.0127641
0.0127643
0.0127666
0.0127668
0.012769
0.0127691
0.0127712
0.0127714
0.0127734
0.0127736
0.0127755
0.0127758
0.0127777
0.012778
0.0127798
0.0127801
0.0127819
0.0127822
0.012784
0.0127843
0.012786
0.0127864
0.0127881
0.0127884
0.01279
0.0127904
0.012792
0.0127923
0.0127939
0.0127942
0.0127957
0.0127961
0.0127976
0.0127979
0.0127993
0.0127996
0.012801
0.0128013
0.0128026
0.0128029
0.0128042
0.0128045
0.0128057
0.0128059
0.012807
0.0128079
0.0128028
0.0117681
0.01234
0.0123778
0.0124028
0.0124042
0.0124198
0.0124215
0.0124361
0.0124399
0.0124553
0.0124601
0.0124747
0.0124798
0.0124942
0.0125004
0.0125152
0.0125221
0.0125365
0.0125436
0.0125578
0.0125653
0.0125795
0.0125874
0.0126012
0.0126091
0.0126223
0.01263
0.0126426
0.0126499
0.0126614
0.0126678
0.012678
0.0126832
0.0126919
0.0126959
0.012703
0.0127058
0.0127114
0.012713
0.0127173
0.0127182
0.0127215
0.0127219
0.0127246
0.0127248
0.0127272
0.0127273
0.0127295
0.0127296
0.0127317
0.0127319
0.0127339
0.0127341
0.0127361
0.0127363
0.0127382
0.0127385
0.0127404
0.0127406
0.0127425
0.0127428
0.0127445
0.0127449
0.0127466
0.0127469
0.0127486
0.012749
0.0127506
0.0127509
0.0127525
0.0127529
0.0127544
0.0127548
0.0127563
0.0127567
0.0127581
0.0127585
0.0127599
0.0127602
0.0127616
0.0127619
0.0127632
0.0127635
0.0127648
0.0127651
0.0127663
0.0127665
0.0127676
0.0127685
0.0127635
0.0117501
0.0122869
0.0123157
0.0123347
0.0123326
0.0123447
0.012344
0.0123561
0.0123583
0.0123715
0.012375
0.012388
0.0123922
0.0124054
0.012411
0.0124247
0.012431
0.0124447
0.0124513
0.012465
0.0124722
0.0124859
0.0124936
0.012507
0.0125147
0.0125275
0.0125351
0.0125473
0.0125544
0.0125655
0.0125717
0.0125814
0.0125864
0.0125947
0.0125984
0.0126052
0.0126077
0.0126129
0.0126144
0.0126184
0.0126191
0.0126222
0.0126225
0.012625
0.0126251
0.0126274
0.0126274
0.0126295
0.0126296
0.0126315
0.0126317
0.0126336
0.0126337
0.0126355
0.0126357
0.0126375
0.0126377
0.0126395
0.0126397
0.0126414
0.0126416
0.0126433
0.0126436
0.0126452
0.0126454
0.012647
0.0126473
0.0126488
0.0126491
0.0126506
0.0126509
0.0126523
0.0126526
0.012654
0.0126543
0.0126557
0.012656
0.0126573
0.0126576
0.0126588
0.0126591
0.0126603
0.0126605
0.0126617
0.0126619
0.0126631
0.0126632
0.0126642
0.0126649
0.0126603
0.0117791
0.0122535
0.0122704
0.0122831
0.0122784
0.0122874
0.0122854
0.0122955
0.0122967
0.0123079
0.0123107
0.0123221
0.0123259
0.012338
0.0123433
0.012356
0.012362
0.0123748
0.0123814
0.0123943
0.0124016
0.0124146
0.0124223
0.0124351
0.0124428
0.012455
0.0124625
0.012474
0.0124809
0.0124913
0.0124971
0.0125061
0.0125108
0.0125182
0.0125216
0.0125276
0.0125297
0.0125343
0.0125355
0.0125389
0.0125394
0.012542
0.0125422
0.0125444
0.0125444
0.0125463
0.0125463
0.0125481
0.012548
0.0125497
0.0125497
0.0125514
0.0125514
0.012553
0.0125531
0.0125546
0.0125547
0.0125562
0.0125564
0.0125578
0.012558
0.0125594
0.0125595
0.0125609
0.0125611
0.0125624
0.0125626
0.0125639
0.0125641
0.0125653
0.0125655
0.0125668
0.012567
0.0125681
0.0125683
0.0125695
0.0125697
0.0125708
0.0125709
0.012572
0.0125722
0.0125732
0.0125733
0.0125743
0.0125744
0.0125754
0.0125754
0.0125763
0.0125766
0.0125724
0.0122153
0.0125736
0.0125776
0.0125853
0.0125798
0.0125869
0.0125849
0.0125935
0.0125947
0.0126044
0.0126072
0.0126176
0.0126218
0.012633
0.0126387
0.0126505
0.012657
0.012669
0.0126763
0.0126886
0.0126965
0.0127089
0.0127171
0.0127292
0.0127374
0.012749
0.0127567
0.0127674
0.0127744
0.0127838
0.0127896
0.0127975
0.0128019
0.0128083
0.0128114
0.0128163
0.0128181
0.0128217
0.0128226
0.0128253
0.0128256
0.0128276
0.0128276
0.0128292
0.0128291
0.0128305
0.0128304
0.0128317
0.0128316
0.0128329
0.0128328
0.012834
0.0128339
0.0128351
0.0128351
0.0128362
0.0128362
0.0128373
0.0128373
0.0128384
0.0128384
0.0128394
0.0128394
0.0128404
0.0128405
0.0128415
0.0128415
0.0128425
0.0128425
0.0128434
0.0128435
0.0128444
0.0128444
0.0128453
0.0128453
0.0128461
0.0128462
0.012847
0.012847
0.0128478
0.0128478
0.0128486
0.0128486
0.0128493
0.0128492
0.0128499
0.0128498
0.0128504
0.0128499
0.0128466
0.0151657
0.0153743
0.0153738
0.0153785
0.0153752
0.0153808
0.0153813
0.0153892
0.0153927
0.0154019
0.0154071
0.0154175
0.0154246
0.0154361
0.0154447
0.0154569
0.0154664
0.0154791
0.0154895
0.0155027
0.0155137
0.015527
0.0155382
0.0155513
0.0155621
0.0155746
0.0155847
0.015596
0.0156049
0.0156146
0.0156218
0.0156296
0.015635
0.0156409
0.0156446
0.0156488
0.015651
0.0156537
0.0156548
0.0156566
0.0156569
0.0156581
0.0156581
0.015659
0.0156588
0.0156596
0.0156594
0.01566
0.0156598
0.0156604
0.0156603
0.0156608
0.0156607
0.0156612
0.0156611
0.0156616
0.0156615
0.015662
0.0156619
0.0156624
0.0156623
0.0156628
0.0156627
0.0156631
0.0156631
0.0156635
0.0156634
0.0156638
0.0156638
0.0156642
0.0156641
0.0156645
0.0156644
0.0156648
0.0156647
0.0156651
0.015665
0.0156654
0.0156653
0.0156656
0.0156655
0.0156658
0.0156657
0.015666
0.0156659
0.0156661
0.0156659
0.0156662
0.0156637
0.0156625
0.026433
0.0264936
0.0264965
0.0265014
0.0265017
0.0265081
0.0265131
0.0265236
0.0265329
0.026546
0.0265579
0.0265731
0.0265878
0.0266053
0.0266222
0.0266411
0.0266594
0.0266793
0.0266988
0.0267197
0.0267401
0.0267614
0.0267819
0.0268029
0.0268228
0.0268428
0.0268613
0.0268793
0.0268955
0.0269108
0.026924
0.0269361
0.0269462
0.0269551
0.026962
0.026968
0.0269722
0.0269758
0.026978
0.0269799
0.0269809
0.0269818
0.0269821
0.0269826
0.0269825
0.0269828
0.0269826
0.0269828
0.0269826
0.0269827
0.0269825
0.0269826
0.0269825
0.0269826
0.0269824
0.0269825
0.0269824
0.0269824
0.0269823
0.0269824
0.0269822
0.0269823
0.0269822
0.0269822
0.0269821
0.0269822
0.026982
0.0269821
0.026982
0.026982
0.0269819
0.0269819
0.0269818
0.0269819
0.0269817
0.0269818
0.0269817
0.0269817
0.0269816
0.0269816
0.0269814
0.0269814
0.0269813
0.0269813
0.0269811
0.0269811
0.0269808
0.0269808
0.026978
0.0269764
)
;

boundaryField
{
    upperWall
    {
        type            zeroGradient;
    }
    lowerWall
    {
        type            zeroGradient;
    }
    heatedWall
    {
        type            zeroGradient;
    }
    inlet
    {
        type            zeroGradient;
    }
    outlet
    {
        type            zeroGradient;
    }
    frontAndBack
    {
        type            empty;
    }
}


// ************************************************************************* //
