/*--------------------------------*- C++ -*----------------------------------*\
  =========                 |
  \\      /  F ield         | OpenFOAM: The Open Source CFD Toolbox
   \\    /   O peration     | Website:  https://openfoam.org
    \\  /    A nd           | Version:  7
     \\/     M anipulation  |
\*---------------------------------------------------------------------------*/
FoamFile
{
    version     2.0;
    format      ascii;
    class       volScalarField;
    location    "1.865";
    object      nut;
}
// * * * * * * * * * * * * * * * * * * * * * * * * * * * * * * * * * * * * * //

dimensions      [0 2 -1 0 0 0 0];

internalField   nonuniform List<scalar> 
7920
(
0.00875638
0.00912597
0.00912998
0.00913476
0.00912914
0.00913002
0.00912541
0.00912625
0.00912303
0.00912395
0.00912156
0.00912241
0.00912042
0.00912111
0.00911983
0.0091203
0.0091202
0.00911879
0.00912565
0.00913611
0.00451644
0.00454421
0.00445043
0.00435862
0.00431431
0.00429696
0.00428192
0.00427727
0.00426926
0.00426741
0.00426219
0.00426122
0.00425837
0.00425806
0.00425608
0.00425578
0.00425471
0.00425372
0.00428264
0.0042842
0.00345192
0.00368685
0.0037109
0.00370823
0.0037007
0.00369889
0.00369409
0.00369317
0.00368962
0.00368879
0.0036858
0.00368507
0.00368264
0.00368207
0.00368016
0.00367973
0.00367834
0.00367787
0.00367859
0.00368371
0.00332078
0.0035919
0.00364365
0.00366246
0.00366758
0.00367452
0.00367574
0.00367936
0.0036795
0.00368142
0.00368107
0.00368219
0.00368159
0.00368226
0.0036816
0.00368208
0.00368152
0.00368193
0.00368199
0.00368662
0.00330633
0.00358088
0.00363536
0.00365747
0.00366523
0.00367494
0.00367819
0.00368469
0.00368658
0.00369109
0.00369228
0.00369558
0.0036963
0.00369874
0.00369919
0.00370108
0.00370143
0.00370288
0.00370354
0.00370856
0.00330786
0.00358017
0.00363433
0.00365677
0.00366526
0.00367594
0.00368017
0.00368786
0.00369069
0.00369656
0.00369862
0.0037032
0.00370473
0.00370833
0.00370947
0.00371235
0.0037133
0.00371552
0.00371689
0.00372199
0.00330786
0.00358017
0.00363433
0.00365677
0.00366526
0.00367594
0.00368017
0.00368786
0.00369069
0.00369656
0.00369862
0.0037032
0.00370473
0.00370833
0.00370947
0.00371236
0.0037133
0.00371553
0.00371691
0.00372201
0.00330633
0.00358088
0.00363536
0.00365748
0.00366523
0.00367494
0.00367819
0.0036847
0.00368658
0.0036911
0.00369227
0.00369558
0.00369629
0.00369875
0.00369918
0.0037011
0.00370143
0.00370292
0.00370355
0.00370862
0.00332078
0.0035919
0.00364365
0.00366246
0.00366757
0.00367452
0.00367574
0.00367936
0.0036795
0.00368142
0.00368106
0.00368221
0.00368157
0.00368229
0.00368156
0.00368216
0.00368144
0.00368211
0.00368187
0.0036868
0.00345192
0.00368685
0.0037109
0.00370823
0.0037007
0.00369889
0.00369409
0.00369317
0.00368962
0.0036888
0.00368579
0.00368509
0.00368261
0.00368211
0.00368008
0.00367984
0.00367813
0.00367829
0.00367818
0.00368437
0.00451644
0.00454421
0.00445043
0.00435862
0.00431431
0.00429696
0.00428192
0.00427728
0.00426926
0.00426741
0.00426218
0.00426123
0.00425834
0.0042581
0.00425601
0.00425589
0.00425448
0.00425418
0.00428135
0.00428566
0.00875638
0.00912597
0.00912998
0.00913476
0.00912914
0.00913002
0.00912541
0.00912625
0.00912302
0.00912396
0.00912154
0.00912243
0.00912038
0.00912118
0.00911972
0.00912049
0.00911985
0.00911944
0.00912415
0.00913938
0.0033631
0.00377623
0.00379316
0.00376837
0.00376149
0.0037473
0.0037466
0.00373837
0.00373856
0.00373294
0.00373338
0.00372929
0.00372973
0.00372661
0.00372704
0.00372444
0.00372521
0.00372202
0.00372273
0.00373183
0.00297849
0.00348741
0.00355945
0.00356917
0.00357041
0.00357036
0.0035699
0.00356934
0.00356865
0.00356797
0.00356733
0.00356666
0.0035662
0.00356561
0.00356536
0.00356484
0.00356467
0.00356425
0.00356512
0.00356676
0.00289875
0.00341352
0.00348919
0.00350469
0.00350749
0.00351124
0.00351232
0.00351473
0.00351538
0.00351694
0.00351732
0.00351833
0.00351862
0.00351933
0.00351973
0.00352021
0.00352089
0.003521
0.00352156
0.00352827
0.0028966
0.00341147
0.00348632
0.00350102
0.00350228
0.00350452
0.00350451
0.0035057
0.00350584
0.00350678
0.00350692
0.00350761
0.00350777
0.00350828
0.00350859
0.00350894
0.00350962
0.00350971
0.0035105
0.00351487
0.00289359
0.00340811
0.00348296
0.00349803
0.00349906
0.00350106
0.00350058
0.00350139
0.00350101
0.00350155
0.00350122
0.00350158
0.00350132
0.00350155
0.00350139
0.00350159
0.00350163
0.00350189
0.00350223
0.0035067
0.0028952
0.00340987
0.00348448
0.00349944
0.00350042
0.0035024
0.00350187
0.00350265
0.00350217
0.00350264
0.00350218
0.00350244
0.00350202
0.00350213
0.00350178
0.00350184
0.00350167
0.00350177
0.00350184
0.00350589
0.0028952
0.00340987
0.00348448
0.00349944
0.00350042
0.0035024
0.00350187
0.00350265
0.00350217
0.00350264
0.00350218
0.00350244
0.00350202
0.00350213
0.00350178
0.00350185
0.00350167
0.00350177
0.00350184
0.00350588
0.00289359
0.00340811
0.00348296
0.00349803
0.00349906
0.00350106
0.00350058
0.0035014
0.003501
0.00350155
0.00350122
0.00350158
0.00350131
0.00350156
0.00350138
0.00350162
0.00350161
0.00350192
0.0035022
0.00350671
0.0028966
0.00341147
0.00348632
0.00350102
0.00350228
0.00350452
0.00350451
0.0035057
0.00350584
0.00350678
0.00350691
0.00350762
0.00350775
0.00350831
0.00350852
0.00350904
0.00350946
0.00350981
0.00351041
0.00351498
0.00289875
0.00341352
0.00348919
0.00350469
0.00350749
0.00351124
0.00351232
0.00351473
0.00351537
0.00351695
0.00351731
0.00351835
0.0035186
0.00351939
0.00351963
0.00352038
0.0035206
0.00352139
0.00352112
0.00352873
0.00297849
0.00348741
0.00355945
0.00356917
0.00357041
0.00357036
0.0035699
0.00356935
0.00356865
0.00356798
0.00356732
0.00356667
0.00356617
0.00356566
0.00356528
0.00356498
0.00356443
0.00356464
0.00356443
0.00356807
0.0033631
0.00377623
0.00379316
0.00376837
0.00376149
0.0037473
0.0037466
0.00373837
0.00373856
0.00373294
0.00373338
0.0037293
0.00372972
0.00372663
0.00372702
0.0037245
0.00372513
0.00372225
0.0037224
0.00373281
0.000838548
0.00123525
0.00129207
0.001275
0.00123135
0.00119055
0.00115805
0.00113433
0.00111663
0.00110263
0.0010924
0.00108296
0.00107636
0.00106926
0.00106463
0.00105918
0.00105529
0.0010522
0.00104612
0.00105171
0.000356022
0.000750929
0.000881222
0.000931722
0.000948992
0.000959649
0.000964911
0.000970623
0.00097344
0.000976464
0.000977458
0.000978672
0.000978727
0.000978926
0.000978677
0.000978553
0.000978132
0.000977832
0.000977226
0.000979402
0.000307672
0.000664899
0.000783474
0.000836586
0.000852686
0.00086435
0.000867032
0.000872473
0.000874362
0.000878465
0.000880461
0.000884111
0.000886281
0.00088931
0.000891572
0.000894023
0.000896309
0.000898338
0.000899848
0.000903603
0.000316761
0.0006689
0.00078458
0.000835407
0.000851157
0.000860891
0.000862304
0.000864838
0.000864932
0.000865724
0.00086592
0.000866671
0.00086711
0.000867962
0.000868868
0.000869553
0.000870906
0.000871568
0.000872743
0.000875644
0.000312436
0.000664476
0.000779722
0.000830828
0.000846266
0.000856024
0.000857197
0.000859483
0.000859248
0.000859621
0.000859309
0.000859437
0.000859253
0.000859321
0.000859321
0.000859378
0.000859624
0.000859733
0.000860027
0.00086195
0.000314864
0.000666953
0.00078222
0.000832973
0.000848507
0.00085813
0.000859432
0.000861645
0.000861448
0.000861771
0.000861456
0.000861503
0.000861268
0.00086122
0.000861094
0.000861008
0.000861045
0.00086099
0.000861125
0.000862782
0.000314864
0.000666953
0.00078222
0.000832973
0.000848507
0.00085813
0.000859432
0.000861645
0.000861448
0.000861771
0.000861456
0.000861503
0.000861268
0.000861221
0.000861094
0.000861009
0.000861045
0.00086099
0.000861123
0.000862781
0.000312435
0.000664476
0.000779722
0.000830828
0.000846266
0.000856024
0.000857197
0.000859483
0.000859248
0.000859621
0.000859308
0.000859437
0.000859253
0.000859322
0.00085932
0.000859378
0.000859623
0.000859729
0.000860024
0.000861939
0.00031676
0.0006689
0.00078458
0.000835408
0.000851157
0.000860891
0.000862303
0.000864838
0.000864932
0.000865725
0.00086592
0.000866675
0.000867104
0.000867972
0.000868846
0.000869569
0.000870879
0.00087156
0.000872723
0.000875605
0.000307671
0.000664899
0.000783473
0.000836587
0.000852685
0.000864351
0.000867032
0.000872473
0.000874362
0.000878468
0.000880452
0.00088412
0.000886265
0.000889328
0.000891534
0.00089405
0.000896245
0.000898341
0.000899807
0.00090352
0.000356021
0.000750929
0.000881221
0.000931722
0.000948991
0.00095965
0.000964909
0.000970626
0.000973435
0.00097647
0.000977448
0.00097868
0.000978721
0.00097893
0.000978641
0.000978559
0.000978063
0.000977853
0.000977131
0.000979408
0.000838548
0.00123525
0.00129207
0.001275
0.00123135
0.00119055
0.00115805
0.00113433
0.00111663
0.00110264
0.0010924
0.00108298
0.00107636
0.00106931
0.00106463
0.00105929
0.0010553
0.00105243
0.0010462
0.00105238
0.000838548
0.00123525
0.00129207
0.001275
0.00123135
0.00119055
0.00115805
0.00113433
0.00111663
0.00110263
0.0010924
0.00108296
0.00107636
0.00106926
0.00106463
0.00105918
0.00105529
0.0010522
0.00104612
0.00105171
0.000356022
0.000750929
0.000881222
0.000931722
0.000948992
0.000959649
0.000964911
0.000970623
0.00097344
0.000976464
0.000977458
0.000978672
0.000978727
0.000978926
0.000978677
0.000978553
0.000978132
0.000977832
0.000977226
0.000979402
0.000307672
0.000664899
0.000783474
0.000836586
0.000852686
0.00086435
0.000867032
0.000872473
0.000874362
0.000878465
0.000880461
0.000884111
0.000886281
0.00088931
0.000891573
0.000894023
0.000896309
0.000898338
0.000899848
0.000903603
0.000316761
0.0006689
0.00078458
0.000835407
0.000851157
0.000860891
0.000862304
0.000864838
0.000864932
0.000865724
0.00086592
0.000866671
0.00086711
0.000867962
0.000868868
0.000869553
0.000870906
0.000871568
0.000872743
0.000875644
0.000312436
0.000664476
0.000779722
0.000830828
0.000846266
0.000856024
0.000857197
0.000859483
0.000859248
0.000859621
0.000859309
0.000859437
0.000859254
0.000859321
0.000859321
0.000859378
0.000859624
0.000859733
0.000860028
0.00086195
0.000314864
0.000666953
0.00078222
0.000832973
0.000848507
0.00085813
0.000859432
0.000861645
0.000861448
0.000861771
0.000861456
0.000861503
0.000861268
0.000861221
0.000861094
0.000861008
0.000861045
0.00086099
0.000861125
0.000862782
0.000314864
0.000666953
0.00078222
0.000832973
0.000848507
0.00085813
0.000859432
0.000861645
0.000861448
0.000861771
0.000861456
0.000861503
0.000861268
0.000861221
0.000861094
0.000861009
0.000861045
0.00086099
0.000861123
0.000862781
0.000312435
0.000664476
0.000779722
0.000830828
0.000846266
0.000856024
0.000857197
0.000859483
0.000859248
0.000859621
0.000859308
0.000859437
0.000859253
0.000859322
0.00085932
0.000859378
0.000859623
0.00085973
0.000860024
0.000861939
0.00031676
0.0006689
0.00078458
0.000835408
0.000851157
0.000860891
0.000862303
0.000864839
0.000864932
0.000865725
0.00086592
0.000866675
0.000867104
0.000867972
0.000868846
0.000869569
0.000870879
0.00087156
0.000872723
0.000875605
0.000307671
0.000664899
0.000783473
0.000836587
0.000852685
0.000864351
0.000867032
0.000872473
0.000874362
0.000878468
0.000880452
0.00088412
0.000886265
0.000889328
0.000891534
0.00089405
0.000896246
0.000898341
0.000899807
0.00090352
0.000356021
0.000750929
0.000881222
0.000931722
0.000948991
0.00095965
0.000964909
0.000970626
0.000973435
0.00097647
0.000977448
0.00097868
0.000978721
0.00097893
0.000978641
0.000978559
0.000978063
0.000977853
0.000977131
0.000979408
0.000838548
0.00123525
0.00129207
0.001275
0.00123135
0.00119055
0.00115805
0.00113433
0.00111663
0.00110264
0.0010924
0.00108298
0.00107636
0.00106931
0.00106463
0.00105929
0.0010553
0.00105243
0.0010462
0.00105238
0.0033631
0.00377623
0.00379316
0.00376837
0.00376149
0.0037473
0.0037466
0.00373837
0.00373856
0.00373294
0.00373338
0.00372929
0.00372973
0.00372661
0.00372704
0.00372444
0.00372521
0.00372202
0.00372273
0.00373183
0.00297849
0.00348741
0.00355945
0.00356917
0.00357041
0.00357036
0.0035699
0.00356934
0.00356865
0.00356797
0.00356733
0.00356666
0.0035662
0.00356561
0.00356536
0.00356484
0.00356467
0.00356425
0.00356512
0.00356676
0.00289875
0.00341352
0.00348919
0.00350469
0.00350749
0.00351124
0.00351232
0.00351473
0.00351538
0.00351694
0.00351732
0.00351833
0.00351862
0.00351933
0.00351973
0.00352021
0.00352089
0.003521
0.00352156
0.00352827
0.0028966
0.00341147
0.00348632
0.00350102
0.00350228
0.00350452
0.00350451
0.0035057
0.00350584
0.00350678
0.00350692
0.00350761
0.00350777
0.00350828
0.00350859
0.00350894
0.00350962
0.00350971
0.0035105
0.00351487
0.00289359
0.00340811
0.00348296
0.00349803
0.00349906
0.00350106
0.00350058
0.00350139
0.00350101
0.00350155
0.00350122
0.00350158
0.00350132
0.00350155
0.00350139
0.00350159
0.00350163
0.00350189
0.00350223
0.0035067
0.0028952
0.00340987
0.00348448
0.00349944
0.00350042
0.0035024
0.00350187
0.00350265
0.00350217
0.00350264
0.00350218
0.00350244
0.00350202
0.00350213
0.00350178
0.00350184
0.00350167
0.00350177
0.00350184
0.00350589
0.0028952
0.00340987
0.00348448
0.00349944
0.00350042
0.0035024
0.00350187
0.00350265
0.00350217
0.00350264
0.00350218
0.00350244
0.00350202
0.00350213
0.00350178
0.00350185
0.00350167
0.00350177
0.00350184
0.00350588
0.00289359
0.00340811
0.00348296
0.00349803
0.00349906
0.00350106
0.00350058
0.0035014
0.003501
0.00350155
0.00350122
0.00350158
0.00350131
0.00350156
0.00350138
0.00350162
0.00350161
0.00350192
0.0035022
0.00350671
0.0028966
0.00341147
0.00348632
0.00350102
0.00350228
0.00350452
0.00350451
0.0035057
0.00350584
0.00350678
0.00350691
0.00350762
0.00350775
0.00350831
0.00350852
0.00350904
0.00350946
0.00350981
0.00351041
0.00351498
0.00289875
0.00341352
0.00348919
0.00350469
0.00350749
0.00351124
0.00351232
0.00351473
0.00351537
0.00351695
0.00351731
0.00351835
0.0035186
0.00351939
0.00351963
0.00352038
0.0035206
0.00352139
0.00352112
0.00352873
0.00297849
0.00348741
0.00355945
0.00356917
0.00357041
0.00357036
0.0035699
0.00356935
0.00356865
0.00356798
0.00356732
0.00356667
0.00356617
0.00356566
0.00356528
0.00356498
0.00356443
0.00356464
0.00356443
0.00356807
0.0033631
0.00377623
0.00379316
0.00376837
0.00376149
0.0037473
0.0037466
0.00373837
0.00373856
0.00373294
0.00373338
0.0037293
0.00372972
0.00372663
0.00372702
0.0037245
0.00372513
0.00372225
0.0037224
0.00373281
0.00875638
0.00912597
0.00912998
0.00913476
0.00912914
0.00913002
0.00912541
0.00912625
0.00912303
0.00912395
0.00912156
0.00912241
0.00912042
0.00912111
0.00911983
0.0091203
0.0091202
0.00911879
0.00912565
0.0091361
0.00451644
0.00454421
0.00445043
0.00435862
0.00431431
0.00429696
0.00428192
0.00427727
0.00426926
0.00426741
0.00426219
0.00426122
0.00425837
0.00425806
0.00425608
0.00425578
0.00425471
0.00425372
0.00428264
0.0042842
0.00345192
0.00368685
0.0037109
0.00370823
0.0037007
0.00369889
0.00369409
0.00369317
0.00368962
0.00368879
0.0036858
0.00368507
0.00368264
0.00368207
0.00368016
0.00367973
0.00367834
0.00367787
0.00367859
0.00368371
0.00332078
0.0035919
0.00364365
0.00366246
0.00366758
0.00367452
0.00367574
0.00367936
0.0036795
0.00368142
0.00368107
0.00368219
0.00368159
0.00368226
0.0036816
0.00368208
0.00368152
0.00368193
0.00368199
0.00368662
0.00330633
0.00358088
0.00363536
0.00365747
0.00366523
0.00367494
0.00367819
0.00368469
0.00368658
0.00369109
0.00369228
0.00369558
0.0036963
0.00369874
0.00369919
0.00370108
0.00370143
0.00370288
0.00370354
0.00370856
0.00330786
0.00358017
0.00363433
0.00365677
0.00366526
0.00367594
0.00368017
0.00368786
0.00369069
0.00369656
0.00369862
0.0037032
0.00370473
0.00370833
0.00370947
0.00371235
0.0037133
0.00371552
0.00371689
0.00372199
0.00330786
0.00358017
0.00363433
0.00365677
0.00366526
0.00367594
0.00368017
0.00368786
0.00369069
0.00369656
0.00369862
0.0037032
0.00370473
0.00370833
0.00370947
0.00371236
0.0037133
0.00371553
0.00371691
0.00372201
0.00330633
0.00358088
0.00363536
0.00365748
0.00366523
0.00367494
0.00367819
0.0036847
0.00368658
0.0036911
0.00369227
0.00369558
0.00369629
0.00369875
0.00369918
0.0037011
0.00370143
0.00370292
0.00370355
0.00370862
0.00332078
0.0035919
0.00364365
0.00366246
0.00366757
0.00367452
0.00367574
0.00367936
0.0036795
0.00368142
0.00368106
0.00368221
0.00368157
0.00368229
0.00368156
0.00368216
0.00368144
0.00368211
0.00368187
0.0036868
0.00345192
0.00368685
0.0037109
0.00370823
0.0037007
0.00369889
0.00369409
0.00369317
0.00368962
0.0036888
0.00368578
0.00368509
0.00368261
0.00368211
0.00368008
0.00367984
0.00367813
0.00367829
0.00367818
0.00368437
0.00451644
0.00454421
0.00445043
0.00435862
0.00431431
0.00429696
0.00428192
0.00427728
0.00426926
0.00426741
0.00426218
0.00426123
0.00425834
0.0042581
0.00425601
0.00425589
0.00425448
0.00425418
0.00428135
0.00428566
0.00875638
0.00912597
0.00912998
0.00913476
0.00912914
0.00913002
0.00912541
0.00912625
0.00912302
0.00912396
0.00912154
0.00912243
0.00912038
0.00912118
0.00911972
0.00912049
0.00911985
0.00911944
0.00912415
0.00913938
0.0266211
0.0268124
0.0269042
0.0269808
0.0270421
0.0271011
0.02715
0.0271967
0.0272363
0.0272759
0.0273117
0.0273478
0.0273801
0.0274116
0.0274394
0.0274666
0.027491
0.0275148
0.0275357
0.0275552
0.0275717
0.0275867
0.0275992
0.0276107
0.02762
0.0276284
0.0276347
0.0276401
0.0276438
0.0276468
0.0276485
0.0276499
0.0276504
0.027651
0.0276511
0.0276513
0.0276512
0.0276513
0.0276511
0.0276512
0.027651
0.027651
0.0276508
0.0276509
0.0276507
0.0276507
0.0276506
0.0276506
0.0276504
0.0276505
0.0276503
0.0276503
0.0276502
0.0276502
0.02765
0.0276501
0.0276499
0.0276499
0.0276498
0.0276498
0.0276497
0.0276497
0.0276495
0.0276495
0.0276494
0.0276494
0.0276493
0.0276493
0.0276491
0.0276491
0.027649
0.027649
0.0276489
0.0276488
0.0276487
0.0276487
0.0276486
0.0276485
0.0276484
0.0276483
0.0276482
0.0276482
0.027648
0.0276479
0.0276477
0.0276477
0.0276473
0.0276473
0.0276443
0.0276426
0.0152485
0.0155268
0.0155762
0.0156212
0.0156521
0.0156875
0.0157125
0.0157408
0.0157611
0.0157851
0.0158035
0.0158254
0.0158422
0.0158613
0.0158758
0.0158923
0.015905
0.0159195
0.0159303
0.0159424
0.0159508
0.0159601
0.0159664
0.0159736
0.0159781
0.0159836
0.0159864
0.0159902
0.0159915
0.0159938
0.0159941
0.0159954
0.0159951
0.0159959
0.0159954
0.0159959
0.0159953
0.0159957
0.0159951
0.0159955
0.015995
0.0159953
0.0159948
0.0159952
0.0159947
0.015995
0.0159946
0.0159949
0.0159944
0.0159947
0.0159943
0.0159946
0.0159943
0.0159945
0.0159942
0.0159944
0.0159941
0.0159943
0.0159941
0.0159943
0.015994
0.0159942
0.015994
0.0159942
0.015994
0.0159941
0.0159939
0.0159941
0.0159939
0.0159941
0.0159939
0.0159941
0.0159939
0.0159941
0.0159939
0.0159941
0.0159939
0.0159941
0.0159939
0.015994
0.0159939
0.015994
0.0159939
0.015994
0.0159938
0.0159939
0.0159936
0.0159938
0.0159911
0.0159898
0.0122437
0.01264
0.0126767
0.0127116
0.0127294
0.0127582
0.0127737
0.0127976
0.0128101
0.0128301
0.0128414
0.0128598
0.0128706
0.0128871
0.0128964
0.0129106
0.0129187
0.0129313
0.0129384
0.0129492
0.0129547
0.0129633
0.0129671
0.012974
0.0129765
0.0129819
0.0129834
0.0129873
0.0129877
0.0129903
0.0129899
0.0129915
0.0129906
0.0129917
0.0129906
0.0129915
0.0129903
0.0129911
0.0129899
0.0129906
0.0129896
0.0129902
0.0129893
0.0129899
0.012989
0.0129896
0.0129887
0.0129893
0.0129885
0.012989
0.0129883
0.0129888
0.0129881
0.0129886
0.012988
0.0129885
0.0129879
0.0129884
0.0129878
0.0129883
0.0129878
0.0129882
0.0129878
0.0129882
0.0129878
0.0129882
0.0129878
0.0129882
0.0129879
0.0129883
0.012988
0.0129883
0.0129881
0.0129884
0.0129882
0.0129885
0.0129883
0.0129886
0.0129885
0.0129888
0.0129886
0.0129889
0.0129888
0.012989
0.0129889
0.0129892
0.0129889
0.0129893
0.0129883
0.0129847
0.0117843
0.0122775
0.0123147
0.012345
0.0123559
0.0123813
0.0123927
0.0124153
0.0124244
0.0124427
0.0124507
0.0124678
0.0124763
0.0124923
0.0124997
0.0125135
0.0125198
0.0125321
0.0125379
0.0125489
0.0125536
0.0125626
0.0125658
0.0125729
0.012575
0.0125808
0.012582
0.0125865
0.0125868
0.0125899
0.0125893
0.0125914
0.0125902
0.0125917
0.0125903
0.0125914
0.0125899
0.0125909
0.0125895
0.0125903
0.012589
0.0125898
0.0125886
0.0125894
0.0125883
0.012589
0.012588
0.0125886
0.0125877
0.0125884
0.0125875
0.0125881
0.0125873
0.0125879
0.0125872
0.0125878
0.0125871
0.0125877
0.0125871
0.0125876
0.0125871
0.0125876
0.0125871
0.0125876
0.0125872
0.0125877
0.0125873
0.0125878
0.0125874
0.0125879
0.0125876
0.0125881
0.0125878
0.0125883
0.0125881
0.0125885
0.0125883
0.0125888
0.0125886
0.0125891
0.0125889
0.0125894
0.0125892
0.0125897
0.0125895
0.01259
0.0125898
0.0125902
0.0125902
0.0125857
0.0117474
0.0122919
0.012331
0.0123582
0.0123638
0.0123855
0.0123938
0.0124146
0.0124212
0.0124377
0.0124432
0.0124587
0.0124655
0.0124808
0.0124869
0.0125
0.0125051
0.0125168
0.0125218
0.0125328
0.012537
0.0125461
0.0125489
0.0125562
0.012558
0.012564
0.0125652
0.01257
0.0125704
0.0125738
0.0125733
0.0125757
0.0125745
0.0125761
0.0125746
0.0125759
0.0125743
0.0125754
0.0125738
0.0125748
0.0125734
0.0125743
0.012573
0.0125738
0.0125726
0.0125735
0.0125723
0.0125731
0.0125721
0.0125729
0.0125719
0.0125727
0.0125718
0.0125725
0.0125717
0.0125724
0.0125717
0.0125724
0.0125717
0.0125724
0.0125718
0.0125724
0.0125719
0.0125725
0.0125721
0.0125727
0.0125723
0.0125728
0.0125725
0.0125731
0.0125728
0.0125733
0.0125731
0.0125737
0.0125734
0.012574
0.0125738
0.0125744
0.0125742
0.0125748
0.0125747
0.0125752
0.0125751
0.0125756
0.0125755
0.012576
0.012576
0.0125764
0.0125767
0.0125717
0.0117637
0.0123379
0.0123778
0.012402
0.0124033
0.0124208
0.0124261
0.0124442
0.0124485
0.0124626
0.012466
0.0124796
0.0124848
0.0124988
0.0125037
0.0125157
0.0125196
0.0125304
0.0125345
0.012545
0.0125486
0.0125575
0.0125599
0.012567
0.0125686
0.0125745
0.0125756
0.0125805
0.0125808
0.0125844
0.0125839
0.0125864
0.0125853
0.012587
0.0125855
0.0125868
0.0125852
0.0125863
0.0125847
0.0125857
0.0125843
0.0125852
0.0125839
0.0125848
0.0125836
0.0125844
0.0125833
0.0125841
0.0125831
0.0125839
0.0125829
0.0125837
0.0125828
0.0125836
0.0125828
0.0125835
0.0125828
0.0125835
0.0125829
0.0125836
0.012583
0.0125837
0.0125832
0.0125838
0.0125834
0.012584
0.0125836
0.0125843
0.0125839
0.0125846
0.0125843
0.0125849
0.0125847
0.0125853
0.0125851
0.0125857
0.0125856
0.0125861
0.012586
0.0125866
0.0125865
0.0125871
0.0125871
0.0125876
0.0125876
0.0125881
0.0125881
0.0125886
0.0125891
0.0125839
0.011764
0.0123361
0.0123724
0.0123923
0.0123899
0.0124039
0.0124063
0.0124213
0.0124235
0.0124351
0.0124367
0.0124482
0.0124519
0.0124642
0.0124678
0.0124784
0.0124812
0.0124908
0.0124941
0.0125035
0.0125066
0.0125147
0.0125166
0.0125231
0.0125244
0.0125299
0.0125308
0.0125355
0.0125357
0.0125392
0.0125387
0.0125411
0.0125399
0.0125417
0.0125401
0.0125415
0.0125398
0.012541
0.0125394
0.0125404
0.0125389
0.0125399
0.0125386
0.0125395
0.0125382
0.0125391
0.012538
0.0125388
0.0125378
0.0125386
0.0125376
0.0125384
0.0125375
0.0125383
0.0125375
0.0125382
0.0125375
0.0125382
0.0125376
0.0125383
0.0125377
0.0125384
0.0125379
0.0125385
0.0125381
0.0125388
0.0125384
0.012539
0.0125387
0.0125393
0.012539
0.0125396
0.0125394
0.01254
0.0125398
0.0125404
0.0125403
0.0125409
0.0125408
0.0125414
0.0125413
0.0125419
0.0125418
0.0125424
0.0125424
0.0125429
0.0125429
0.0125433
0.0125439
0.0125387
0.0117479
0.0122841
0.0123111
0.0123254
0.01232
0.0123308
0.0123307
0.0123427
0.0123429
0.0123522
0.0123523
0.0123619
0.0123642
0.0123746
0.0123769
0.0123858
0.0123876
0.0123958
0.0123981
0.0124063
0.0124085
0.0124155
0.0124168
0.0124225
0.0124233
0.0124282
0.0124287
0.0124329
0.0124329
0.0124361
0.0124354
0.0124377
0.0124365
0.0124381
0.0124365
0.0124378
0.0124362
0.0124373
0.0124358
0.0124367
0.0124353
0.0124362
0.0124349
0.0124358
0.0124346
0.0124354
0.0124343
0.0124351
0.0124341
0.0124348
0.0124339
0.0124346
0.0124338
0.0124345
0.0124337
0.0124344
0.0124337
0.0124344
0.0124337
0.0124344
0.0124338
0.0124344
0.0124339
0.0124345
0.0124341
0.0124347
0.0124343
0.0124349
0.0124346
0.0124351
0.0124348
0.0124354
0.0124352
0.0124357
0.0124355
0.0124361
0.0124359
0.0124365
0.0124363
0.0124369
0.0124368
0.0124373
0.0124372
0.0124377
0.0124377
0.0124382
0.0124381
0.0124385
0.012439
0.0124343
0.0117806
0.0122531
0.0122679
0.0122765
0.0122694
0.0122774
0.0122755
0.0122846
0.0122831
0.0122903
0.0122894
0.0122971
0.0122982
0.0123064
0.0123075
0.0123144
0.0123153
0.0123219
0.0123233
0.0123299
0.0123312
0.0123368
0.0123374
0.012342
0.0123423
0.0123463
0.0123464
0.0123499
0.0123496
0.0123523
0.0123515
0.0123534
0.0123521
0.0123535
0.0123521
0.0123532
0.0123517
0.0123526
0.0123512
0.0123521
0.0123508
0.0123516
0.0123504
0.0123512
0.0123501
0.0123508
0.0123498
0.0123505
0.0123495
0.0123502
0.0123493
0.01235
0.0123492
0.0123498
0.0123491
0.0123497
0.012349
0.0123496
0.012349
0.0123495
0.012349
0.0123495
0.012349
0.0123495
0.0123491
0.0123496
0.0123492
0.0123497
0.0123494
0.0123499
0.0123496
0.0123501
0.0123498
0.0123503
0.01235
0.0123505
0.0123503
0.0123508
0.0123506
0.0123511
0.0123509
0.0123514
0.0123513
0.0123517
0.0123516
0.012352
0.0123519
0.0123523
0.0123524
0.0123482
0.0122224
0.0125773
0.0125792
0.0125839
0.0125769
0.0125829
0.0125801
0.0125865
0.0125842
0.0125894
0.012588
0.0125938
0.0125938
0.0125996
0.0125997
0.0126046
0.0126047
0.0126095
0.01261
0.0126147
0.0126152
0.0126191
0.0126191
0.0126224
0.0126223
0.0126252
0.0126251
0.0126276
0.0126271
0.012629
0.0126282
0.0126296
0.0126285
0.0126296
0.0126284
0.0126292
0.012628
0.0126288
0.0126277
0.0126284
0.0126273
0.012628
0.012627
0.0126276
0.0126267
0.0126273
0.0126265
0.012627
0.0126263
0.0126268
0.0126261
0.0126266
0.0126259
0.0126264
0.0126258
0.0126263
0.0126257
0.0126262
0.0126257
0.0126261
0.0126256
0.012626
0.0126256
0.012626
0.0126256
0.012626
0.0126257
0.0126261
0.0126258
0.0126261
0.0126259
0.0126262
0.012626
0.0126263
0.0126261
0.0126264
0.0126262
0.0126266
0.0126264
0.0126267
0.0126266
0.0126269
0.0126267
0.012627
0.0126269
0.0126272
0.012627
0.0126273
0.0126267
0.0126235
0.0151812
0.0153866
0.0153847
0.0153872
0.0153828
0.0153867
0.0153851
0.0153891
0.0153877
0.015391
0.0153904
0.0153941
0.0153943
0.0153979
0.0153981
0.0154011
0.0154014
0.0154043
0.0154049
0.0154077
0.0154082
0.0154106
0.0154107
0.0154127
0.0154128
0.0154146
0.0154147
0.0154162
0.015416
0.0154172
0.0154168
0.0154176
0.015417
0.0154177
0.0154171
0.0154176
0.0154169
0.0154174
0.0154168
0.0154172
0.0154167
0.0154171
0.0154165
0.0154169
0.0154164
0.0154168
0.0154163
0.0154167
0.0154162
0.0154166
0.0154162
0.0154165
0.0154161
0.0154164
0.0154161
0.0154163
0.015416
0.0154163
0.015416
0.0154162
0.015416
0.0154162
0.015416
0.0154162
0.015416
0.0154162
0.015416
0.0154162
0.015416
0.0154162
0.0154161
0.0154162
0.0154161
0.0154163
0.0154161
0.0154163
0.0154162
0.0154163
0.0154162
0.0154164
0.0154162
0.0154164
0.0154163
0.0154164
0.0154163
0.0154164
0.0154162
0.0154164
0.0154139
0.0154128
0.0264656
0.0265233
0.0265246
0.0265266
0.0265251
0.0265282
0.026529
0.0265323
0.026533
0.0265356
0.0265366
0.0265397
0.0265416
0.0265447
0.0265463
0.0265489
0.0265504
0.0265529
0.0265547
0.0265572
0.0265587
0.0265607
0.0265618
0.0265634
0.0265644
0.0265658
0.0265667
0.0265678
0.0265684
0.0265692
0.0265694
0.02657
0.0265699
0.0265703
0.0265701
0.0265703
0.0265701
0.0265703
0.0265701
0.0265703
0.0265701
0.0265702
0.02657
0.0265702
0.02657
0.0265701
0.02657
0.0265701
0.0265699
0.02657
0.0265699
0.02657
0.0265698
0.0265699
0.0265698
0.0265699
0.0265698
0.0265698
0.0265697
0.0265698
0.0265697
0.0265697
0.0265697
0.0265697
0.0265696
0.0265697
0.0265696
0.0265696
0.0265695
0.0265696
0.0265695
0.0265695
0.0265695
0.0265695
0.0265694
0.0265694
0.0265694
0.0265694
0.0265693
0.0265693
0.0265692
0.0265693
0.0265692
0.0265692
0.026569
0.026569
0.0265689
0.0265689
0.0265662
0.026565
0.0121827
0.012333
0.0123759
0.0124084
0.0124365
0.0124621
0.012484
0.0125046
0.0125221
0.01254
0.0125557
0.0125722
0.0125861
0.0126005
0.0126123
0.012625
0.0126353
0.0126464
0.0126551
0.0126642
0.0126709
0.012678
0.0126829
0.0126884
0.0126919
0.012696
0.0126982
0.0127009
0.0127019
0.0127036
0.0127038
0.0127047
0.0127045
0.0127051
0.0127046
0.012705
0.0127046
0.0127049
0.0127045
0.0127048
0.0127044
0.0127047
0.0127043
0.0127046
0.0127042
0.0127045
0.0127041
0.0127044
0.012704
0.0127043
0.012704
0.0127042
0.0127039
0.0127042
0.0127039
0.0127041
0.0127039
0.0127041
0.0127039
0.0127041
0.0127039
0.012704
0.0127038
0.012704
0.0127038
0.012704
0.0127038
0.012704
0.0127039
0.012704
0.0127039
0.012704
0.0127039
0.012704
0.0127039
0.0127041
0.012704
0.0127041
0.012704
0.0127042
0.0127041
0.0127043
0.0127042
0.0127044
0.0127043
0.0127046
0.0127045
0.012705
0.0127042
0.0127043
0.0117469
0.0120169
0.0120605
0.0120933
0.0121203
0.0121461
0.0121675
0.0121882
0.0122054
0.0122231
0.0122385
0.0122548
0.0122686
0.0122829
0.0122947
0.0123071
0.0123174
0.0123283
0.0123371
0.0123461
0.012353
0.01236
0.0123651
0.0123705
0.0123742
0.0123782
0.0123806
0.0123833
0.0123845
0.0123861
0.0123864
0.0123873
0.0123872
0.0123876
0.0123873
0.0123876
0.0123872
0.0123874
0.012387
0.0123872
0.0123868
0.012387
0.0123866
0.0123868
0.0123865
0.0123866
0.0123863
0.0123864
0.0123861
0.0123863
0.012386
0.0123861
0.0123859
0.012386
0.0123858
0.0123859
0.0123857
0.0123858
0.0123856
0.0123857
0.0123855
0.0123856
0.0123854
0.0123855
0.0123853
0.0123854
0.0123853
0.0123854
0.0123853
0.0123853
0.0123852
0.0123853
0.0123852
0.0123853
0.0123852
0.0123853
0.0123852
0.0123853
0.0123852
0.0123853
0.0123852
0.0123853
0.0123853
0.0123854
0.0123853
0.0123855
0.0123853
0.0123856
0.0123854
0.0123856
0.0112781
0.0116674
0.0117158
0.0117457
0.0117705
0.0117944
0.0118152
0.0118348
0.0118515
0.0118678
0.0118825
0.0118977
0.0119115
0.0119251
0.011937
0.0119487
0.0119591
0.0119695
0.0119786
0.0119875
0.0119948
0.0120017
0.0120072
0.0120126
0.0120167
0.0120208
0.0120237
0.0120266
0.0120283
0.01203
0.0120308
0.0120317
0.0120319
0.0120323
0.0120322
0.0120323
0.0120322
0.0120323
0.012032
0.0120321
0.0120319
0.012032
0.0120318
0.0120318
0.0120316
0.0120317
0.0120315
0.0120315
0.0120314
0.0120314
0.0120313
0.0120313
0.0120311
0.0120312
0.0120311
0.0120311
0.012031
0.012031
0.0120309
0.0120309
0.0120308
0.0120308
0.0120307
0.0120308
0.0120307
0.0120307
0.0120306
0.0120307
0.0120306
0.0120306
0.0120306
0.0120306
0.0120306
0.0120306
0.0120305
0.0120306
0.0120305
0.0120306
0.0120305
0.0120306
0.0120305
0.0120306
0.0120306
0.0120306
0.0120305
0.0120306
0.0120305
0.0120306
0.0120303
0.0120266
0.0111158
0.0115659
0.0116143
0.011639
0.0116594
0.0116804
0.0116997
0.0117182
0.0117339
0.0117487
0.0117624
0.0117766
0.01179
0.0118033
0.011815
0.0118263
0.0118364
0.0118465
0.0118558
0.0118648
0.0118725
0.0118797
0.0118856
0.0118911
0.0118957
0.0119
0.0119035
0.0119066
0.0119089
0.0119109
0.0119121
0.0119132
0.0119136
0.0119141
0.0119142
0.0119144
0.0119143
0.0119144
0.0119143
0.0119143
0.0119142
0.0119142
0.0119141
0.0119142
0.0119141
0.0119141
0.011914
0.011914
0.0119139
0.0119139
0.0119138
0.0119139
0.0119138
0.0119138
0.0119137
0.0119137
0.0119137
0.0119137
0.0119136
0.0119136
0.0119136
0.0119136
0.0119135
0.0119135
0.0119135
0.0119135
0.0119135
0.0119135
0.0119134
0.0119135
0.0119134
0.0119134
0.0119134
0.0119134
0.0119134
0.0119134
0.0119134
0.0119134
0.0119134
0.0119134
0.0119134
0.0119134
0.0119134
0.0119134
0.0119134
0.0119134
0.0119133
0.0119134
0.0119132
0.0119105
0.0110148
0.0115051
0.0115511
0.0115699
0.0115848
0.0116017
0.0116182
0.0116347
0.0116487
0.0116617
0.0116735
0.0116862
0.0116986
0.011711
0.0117221
0.0117325
0.011742
0.0117514
0.0117603
0.0117691
0.0117768
0.011784
0.0117899
0.0117954
0.0118001
0.0118045
0.0118082
0.0118116
0.0118141
0.0118164
0.0118178
0.011819
0.0118197
0.0118202
0.0118204
0.0118206
0.0118206
0.0118207
0.0118206
0.0118206
0.0118206
0.0118206
0.0118205
0.0118205
0.0118204
0.0118204
0.0118203
0.0118204
0.0118203
0.0118203
0.0118202
0.0118202
0.0118202
0.0118202
0.0118201
0.0118201
0.0118201
0.0118201
0.01182
0.01182
0.01182
0.01182
0.0118199
0.01182
0.0118199
0.0118199
0.0118199
0.0118199
0.0118199
0.0118199
0.0118199
0.0118199
0.0118198
0.0118199
0.0118198
0.0118198
0.0118198
0.0118198
0.0118198
0.0118198
0.0118198
0.0118198
0.0118198
0.0118198
0.0118198
0.0118198
0.0118197
0.0118198
0.0118196
0.0118153
0.0109934
0.0114945
0.0115361
0.0115488
0.0115582
0.0115707
0.011584
0.0115979
0.0116097
0.0116205
0.0116303
0.0116412
0.0116521
0.0116634
0.0116734
0.0116829
0.0116914
0.0117
0.0117082
0.0117165
0.0117238
0.0117307
0.0117364
0.0117417
0.0117462
0.0117505
0.0117542
0.0117577
0.0117603
0.0117627
0.0117643
0.0117656
0.0117663
0.0117669
0.0117671
0.0117674
0.0117674
0.0117674
0.0117674
0.0117674
0.0117673
0.0117673
0.0117672
0.0117673
0.0117672
0.0117672
0.0117671
0.0117671
0.011767
0.011767
0.011767
0.011767
0.0117669
0.0117669
0.0117669
0.0117669
0.0117668
0.0117668
0.0117668
0.0117668
0.0117667
0.0117667
0.0117667
0.0117667
0.0117666
0.0117666
0.0117666
0.0117666
0.0117666
0.0117666
0.0117665
0.0117666
0.0117665
0.0117665
0.0117665
0.0117665
0.0117665
0.0117665
0.0117665
0.0117665
0.0117665
0.0117665
0.0117665
0.0117665
0.0117664
0.0117665
0.0117664
0.0117664
0.0117662
0.0117624
0.0109935
0.0114922
0.0115299
0.0115383
0.0115437
0.0115527
0.0115629
0.011574
0.0115832
0.0115917
0.0115995
0.0116085
0.0116177
0.0116274
0.011636
0.0116441
0.0116514
0.0116588
0.011666
0.0116735
0.01168
0.0116862
0.0116913
0.0116961
0.0117002
0.0117042
0.0117076
0.0117109
0.0117134
0.0117157
0.0117172
0.0117184
0.0117191
0.0117197
0.0117199
0.0117202
0.0117202
0.0117203
0.0117202
0.0117202
0.0117201
0.0117202
0.0117201
0.0117201
0.01172
0.01172
0.0117199
0.0117199
0.0117198
0.0117199
0.0117198
0.0117198
0.0117197
0.0117197
0.0117197
0.0117197
0.0117196
0.0117196
0.0117196
0.0117196
0.0117195
0.0117195
0.0117195
0.0117195
0.0117195
0.0117195
0.0117194
0.0117194
0.0117194
0.0117194
0.0117194
0.0117194
0.0117194
0.0117194
0.0117193
0.0117194
0.0117193
0.0117193
0.0117193
0.0117193
0.0117193
0.0117193
0.0117193
0.0117193
0.0117193
0.0117193
0.0117192
0.0117193
0.0117191
0.0117154
0.0110147
0.0114962
0.0115301
0.011536
0.0115392
0.0115458
0.0115534
0.0115619
0.0115687
0.0115752
0.0115811
0.0115883
0.0115958
0.0116037
0.0116106
0.0116172
0.011623
0.0116292
0.0116352
0.0116414
0.0116469
0.011652
0.0116563
0.0116603
0.0116638
0.0116672
0.0116701
0.011673
0.0116751
0.0116771
0.0116784
0.0116795
0.0116801
0.0116806
0.0116807
0.0116809
0.0116809
0.011681
0.0116809
0.011681
0.0116809
0.0116809
0.0116808
0.0116808
0.0116807
0.0116808
0.0116807
0.0116807
0.0116806
0.0116806
0.0116806
0.0116806
0.0116805
0.0116805
0.0116805
0.0116805
0.0116804
0.0116804
0.0116804
0.0116804
0.0116803
0.0116804
0.0116803
0.0116803
0.0116803
0.0116803
0.0116803
0.0116803
0.0116802
0.0116803
0.0116802
0.0116802
0.0116802
0.0116802
0.0116802
0.0116802
0.0116802
0.0116802
0.0116802
0.0116802
0.0116802
0.0116802
0.0116802
0.0116802
0.0116802
0.0116802
0.0116801
0.0116801
0.0116801
0.011676
0.0111114
0.0115408
0.0115666
0.0115702
0.0115721
0.0115767
0.0115821
0.0115881
0.0115926
0.0115971
0.0116013
0.0116067
0.0116123
0.0116183
0.0116233
0.0116282
0.0116325
0.0116373
0.0116419
0.0116467
0.0116509
0.0116548
0.011658
0.0116612
0.0116638
0.0116665
0.0116687
0.011671
0.0116726
0.0116742
0.0116751
0.011676
0.0116763
0.0116768
0.0116768
0.011677
0.0116769
0.011677
0.0116769
0.0116769
0.0116768
0.0116769
0.0116768
0.0116768
0.0116767
0.0116767
0.0116766
0.0116766
0.0116766
0.0116766
0.0116765
0.0116765
0.0116764
0.0116765
0.0116764
0.0116764
0.0116763
0.0116764
0.0116763
0.0116763
0.0116762
0.0116763
0.0116762
0.0116762
0.0116762
0.0116762
0.0116762
0.0116762
0.0116761
0.0116762
0.0116761
0.0116762
0.0116761
0.0116761
0.0116761
0.0116761
0.0116761
0.0116762
0.0116761
0.0116762
0.0116761
0.0116762
0.0116761
0.0116762
0.0116761
0.0116762
0.0116761
0.0116761
0.0116761
0.0116737
0.0112609
0.0116121
0.0116281
0.01163
0.0116309
0.0116339
0.0116371
0.0116408
0.0116432
0.0116461
0.0116486
0.0116524
0.0116558
0.0116598
0.0116628
0.0116661
0.0116687
0.0116721
0.0116749
0.0116783
0.0116807
0.0116835
0.0116853
0.0116875
0.0116891
0.011691
0.0116923
0.0116939
0.0116948
0.0116959
0.0116963
0.0116969
0.011697
0.0116973
0.0116971
0.0116973
0.0116971
0.0116972
0.011697
0.0116971
0.0116969
0.0116969
0.0116967
0.0116968
0.0116966
0.0116967
0.0116965
0.0116966
0.0116964
0.0116964
0.0116963
0.0116963
0.0116962
0.0116962
0.0116961
0.0116962
0.011696
0.0116961
0.011696
0.011696
0.0116959
0.0116959
0.0116958
0.0116959
0.0116958
0.0116958
0.0116958
0.0116958
0.0116957
0.0116958
0.0116957
0.0116958
0.0116957
0.0116957
0.0116957
0.0116957
0.0116957
0.0116958
0.0116957
0.0116958
0.0116957
0.0116958
0.0116958
0.0116958
0.0116958
0.0116959
0.0116958
0.0116959
0.0116958
0.0116925
0.0117006
0.0119155
0.0119193
0.0119193
0.0119188
0.0119206
0.0119215
0.0119237
0.0119242
0.011926
0.0119268
0.0119292
0.0119305
0.011933
0.0119339
0.0119361
0.0119369
0.0119391
0.0119401
0.0119423
0.0119431
0.0119448
0.0119454
0.0119468
0.0119472
0.0119485
0.0119488
0.0119499
0.01195
0.0119508
0.0119506
0.0119512
0.0119508
0.0119512
0.0119508
0.0119511
0.0119507
0.0119509
0.0119505
0.0119507
0.0119503
0.0119505
0.0119502
0.0119504
0.01195
0.0119502
0.0119499
0.01195
0.0119498
0.0119499
0.0119496
0.0119498
0.0119495
0.0119497
0.0119494
0.0119495
0.0119493
0.0119495
0.0119493
0.0119494
0.0119492
0.0119493
0.0119491
0.0119492
0.0119491
0.0119492
0.0119491
0.0119492
0.011949
0.0119491
0.011949
0.0119491
0.011949
0.0119491
0.011949
0.0119491
0.0119491
0.0119492
0.0119491
0.0119492
0.0119491
0.0119493
0.0119492
0.0119493
0.0119493
0.0119495
0.0119494
0.0119496
0.0119496
0.0119501
0.0121033
0.0121905
0.0121912
0.0121894
0.0121886
0.0121886
0.0121883
0.012189
0.0121884
0.0121893
0.0121889
0.0121901
0.01219
0.0121913
0.012191
0.0121923
0.012192
0.0121933
0.0121931
0.0121944
0.0121942
0.0121953
0.012195
0.012196
0.0121957
0.0121966
0.0121963
0.0121971
0.0121967
0.0121974
0.0121969
0.0121975
0.0121969
0.0121974
0.0121969
0.0121973
0.0121968
0.0121972
0.0121967
0.0121971
0.0121967
0.012197
0.0121966
0.0121969
0.0121966
0.0121969
0.0121965
0.0121968
0.0121965
0.0121968
0.0121965
0.0121967
0.0121965
0.0121967
0.0121965
0.0121967
0.0121965
0.0121967
0.0121965
0.0121967
0.0121965
0.0121967
0.0121966
0.0121968
0.0121966
0.0121968
0.0121966
0.0121968
0.0121967
0.0121969
0.0121968
0.0121969
0.0121968
0.012197
0.0121969
0.0121971
0.012197
0.0121972
0.0121971
0.0121973
0.0121972
0.0121974
0.0121974
0.0121976
0.0121976
0.0121978
0.0121979
0.0121983
0.0121976
0.0121978
0.00421562
0.00432712
0.00433781
0.00434268
0.00435168
0.00435975
0.00436746
0.00437611
0.00438206
0.00439082
0.00439543
0.00440394
0.00440725
0.00441509
0.00441733
0.0044245
0.00442596
0.00443241
0.00443307
0.00443863
0.00443855
0.00444327
0.00444262
0.00444664
0.00444553
0.00444889
0.00444737
0.00445013
0.00444831
0.00445058
0.0044486
0.00445053
0.00444851
0.00445022
0.00444825
0.0044498
0.00444792
0.00444934
0.00444756
0.00444888
0.00444721
0.00444843
0.00444686
0.004448
0.00444652
0.00444759
0.00444621
0.00444721
0.00444592
0.00444686
0.00444565
0.00444654
0.00444542
0.00444625
0.00444522
0.00444601
0.00444505
0.0044458
0.00444491
0.00444563
0.00444481
0.0044455
0.00444475
0.00444542
0.00444472
0.00444538
0.00444474
0.00444538
0.0044448
0.00444543
0.0044449
0.00444554
0.00444506
0.00444569
0.00444526
0.00444591
0.00444553
0.00444619
0.00444585
0.00444653
0.00444623
0.00444695
0.00444668
0.00444742
0.00444718
0.00444794
0.00444768
0.00444849
0.00444788
0.00444827
0.00419514
0.00450234
0.00453391
0.00454488
0.00455533
0.00456454
0.00457286
0.00458086
0.00458744
0.00459478
0.00460041
0.00460728
0.00461195
0.00461808
0.00462183
0.00462732
0.0046304
0.00463528
0.00463765
0.00464173
0.00464333
0.00464664
0.00464765
0.00465028
0.00465082
0.00465285
0.00465295
0.00465441
0.00465414
0.00465516
0.00465463
0.00465537
0.00465472
0.0046553
0.00465462
0.00465511
0.00465444
0.00465488
0.00465424
0.00465464
0.00465404
0.00465441
0.00465384
0.00465419
0.00465366
0.00465399
0.00465349
0.0046538
0.00465333
0.00465362
0.00465319
0.00465347
0.00465307
0.00465334
0.00465297
0.00465322
0.00465289
0.00465313
0.00465283
0.00465307
0.00465279
0.00465303
0.00465278
0.00465301
0.00465279
0.00465302
0.00465282
0.00465306
0.00465289
0.00465313
0.00465298
0.00465323
0.00465311
0.00465336
0.00465327
0.00465353
0.00465346
0.00465374
0.00465369
0.00465398
0.00465396
0.00465427
0.00465426
0.0046546
0.00465459
0.00465494
0.00465491
0.00465525
0.00465519
0.00465571
0.00385166
0.00430335
0.00436279
0.00438061
0.00439229
0.00440255
0.00441116
0.00441905
0.00442573
0.00443235
0.00443825
0.00444438
0.0044497
0.00445509
0.0044596
0.00446428
0.00446822
0.00447241
0.0044758
0.00447932
0.00448199
0.00448477
0.00448679
0.00448898
0.0044905
0.00449218
0.00449323
0.00449442
0.00449504
0.0044958
0.00449608
0.00449654
0.00449663
0.00449692
0.00449692
0.00449713
0.00449711
0.00449728
0.00449725
0.0044974
0.00449737
0.00449752
0.0044975
0.00449764
0.00449762
0.00449776
0.00449775
0.00449788
0.00449787
0.004498
0.004498
0.00449813
0.00449813
0.00449826
0.00449827
0.0044984
0.00449841
0.00449854
0.00449856
0.00449869
0.00449871
0.00449884
0.00449887
0.004499
0.00449903
0.00449916
0.00449921
0.00449934
0.00449938
0.00449952
0.00449957
0.00449971
0.00449977
0.00449991
0.00449997
0.00450012
0.00450019
0.00450034
0.00450041
0.00450057
0.00450065
0.00450081
0.00450089
0.00450106
0.00450114
0.00450131
0.00450138
0.00450151
0.00450165
0.00450064
0.00367649
0.00419421
0.00427389
0.00429263
0.00430556
0.00431344
0.00432257
0.00432832
0.00433507
0.0043396
0.00434544
0.00434995
0.00435539
0.00435962
0.00436423
0.00436792
0.00437195
0.00437539
0.00437903
0.00438207
0.00438506
0.00438747
0.00438978
0.00439167
0.00439349
0.00439499
0.00439638
0.00439745
0.00439839
0.00439905
0.0043996
0.00439994
0.00440024
0.0044004
0.00440056
0.00440065
0.00440076
0.00440081
0.00440091
0.00440096
0.00440105
0.00440111
0.0044012
0.00440126
0.00440135
0.00440141
0.0044015
0.00440156
0.00440165
0.00440172
0.00440181
0.00440188
0.00440197
0.00440204
0.00440214
0.00440221
0.0044023
0.00440238
0.00440247
0.00440254
0.00440264
0.00440271
0.00440281
0.00440288
0.00440298
0.00440305
0.00440315
0.00440323
0.00440333
0.00440341
0.00440351
0.00440359
0.0044037
0.00440378
0.00440389
0.00440397
0.00440409
0.00440417
0.00440429
0.00440438
0.00440449
0.00440458
0.00440469
0.00440478
0.00440486
0.00440494
0.00440496
0.004405
0.00440487
0.00440393
0.00357213
0.00411351
0.00419752
0.00421425
0.00422449
0.00423037
0.00423805
0.00424283
0.00424856
0.00425222
0.00425722
0.00426107
0.00426596
0.00427018
0.0042744
0.00427814
0.00428185
0.00428535
0.00428885
0.00429204
0.00429501
0.00429757
0.00429988
0.00430188
0.00430374
0.00430536
0.00430684
0.00430807
0.00430911
0.00430989
0.00431051
0.00431094
0.00431126
0.00431146
0.00431163
0.00431172
0.00431182
0.00431187
0.00431194
0.00431197
0.00431204
0.00431207
0.00431213
0.00431216
0.00431222
0.00431226
0.00431231
0.00431235
0.0043124
0.00431244
0.0043125
0.00431253
0.00431259
0.00431262
0.00431268
0.00431271
0.00431277
0.00431281
0.00431286
0.0043129
0.00431295
0.00431299
0.00431304
0.00431308
0.00431313
0.00431317
0.00431323
0.00431327
0.00431332
0.00431336
0.00431341
0.00431346
0.00431351
0.00431355
0.0043136
0.00431365
0.0043137
0.00431375
0.0043138
0.00431385
0.0043139
0.00431395
0.00431399
0.00431404
0.00431407
0.0043141
0.00431412
0.00431411
0.00431411
0.00431282
0.00355386
0.00409763
0.00417921
0.00419169
0.00419862
0.00420179
0.00420783
0.00421103
0.00421574
0.00421824
0.00422237
0.00422545
0.00422978
0.00423311
0.00423684
0.00423971
0.00424292
0.00424575
0.00424886
0.00425161
0.00425429
0.00425653
0.0042586
0.00426037
0.00426203
0.00426352
0.00426487
0.00426604
0.004267
0.00426776
0.0042683
0.00426872
0.00426897
0.00426915
0.00426923
0.00426931
0.00426932
0.00426935
0.00426934
0.00426936
0.00426935
0.00426936
0.00426935
0.00426937
0.00426936
0.00426938
0.00426938
0.00426939
0.00426939
0.00426941
0.00426941
0.00426943
0.00426944
0.00426946
0.00426946
0.00426949
0.00426949
0.00426952
0.00426952
0.00426955
0.00426956
0.00426958
0.00426959
0.00426962
0.00426963
0.00426966
0.00426967
0.0042697
0.00426972
0.00426975
0.00426977
0.0042698
0.00426982
0.00426985
0.00426988
0.00426991
0.00426995
0.00426998
0.00427002
0.00427005
0.00427009
0.00427013
0.00427015
0.00427019
0.00427018
0.0042702
0.00427013
0.00427013
0.0042699
0.0042686
0.00355384
0.00409691
0.00417726
0.00418823
0.0041937
0.00419559
0.00420036
0.00420255
0.00420627
0.00420792
0.00421122
0.0042136
0.0042173
0.00422
0.00422318
0.00422553
0.00422827
0.00423068
0.00423342
0.00423584
0.00423823
0.00424023
0.00424207
0.00424366
0.00424516
0.00424653
0.00424779
0.00424889
0.0042498
0.00425053
0.00425106
0.00425146
0.00425169
0.00425188
0.00425196
0.00425203
0.00425204
0.00425207
0.00425206
0.00425208
0.00425207
0.00425208
0.00425207
0.00425209
0.00425208
0.0042521
0.00425209
0.00425211
0.00425211
0.00425213
0.00425213
0.00425215
0.00425215
0.00425217
0.00425218
0.0042522
0.00425221
0.00425223
0.00425224
0.00425226
0.00425227
0.0042523
0.00425231
0.00425233
0.00425235
0.00425237
0.00425239
0.00425242
0.00425243
0.00425246
0.00425248
0.00425251
0.00425254
0.00425257
0.0042526
0.00425263
0.00425266
0.0042527
0.00425273
0.00425277
0.0042528
0.00425284
0.00425287
0.0042529
0.0042529
0.00425292
0.00425286
0.00425285
0.00425263
0.00425137
0.00357222
0.00411114
0.00419138
0.00420375
0.0042099
0.00421199
0.00421642
0.00421817
0.0042212
0.00422249
0.00422518
0.00422711
0.00423024
0.0042324
0.00423503
0.0042373
0.00423968
0.00424199
0.00424443
0.0042467
0.00424886
0.00425071
0.0042524
0.00425389
0.00425531
0.0042566
0.00425782
0.00425886
0.00425977
0.00426047
0.00426103
0.00426143
0.00426172
0.00426192
0.00426207
0.00426217
0.00426226
0.00426231
0.00426238
0.00426241
0.00426247
0.00426251
0.00426257
0.0042626
0.00426266
0.0042627
0.00426275
0.00426279
0.00426284
0.00426288
0.00426293
0.00426297
0.00426302
0.00426306
0.00426311
0.00426315
0.0042632
0.00426324
0.00426329
0.00426334
0.00426339
0.00426343
0.00426348
0.00426352
0.00426357
0.00426361
0.00426366
0.00426371
0.00426376
0.0042638
0.00426385
0.0042639
0.00426395
0.00426399
0.00426405
0.00426409
0.00426415
0.00426419
0.00426425
0.0042643
0.00426435
0.0042644
0.00426444
0.00426449
0.00426453
0.00426456
0.00426459
0.00426457
0.00426459
0.00426336
0.00367528
0.00418699
0.00425932
0.00427065
0.00427686
0.00427878
0.00428271
0.00428383
0.00428626
0.00428701
0.00428919
0.00429058
0.00429312
0.00429465
0.00429676
0.00429813
0.00430004
0.00430158
0.00430354
0.00430512
0.00430681
0.0043081
0.00430944
0.00431051
0.00431166
0.00431263
0.00431362
0.00431441
0.00431514
0.00431568
0.00431614
0.00431644
0.0043167
0.00431685
0.00431701
0.00431709
0.0043172
0.00431727
0.00431736
0.00431742
0.00431751
0.00431757
0.00431766
0.00431773
0.00431782
0.00431788
0.00431797
0.00431804
0.00431814
0.00431821
0.0043183
0.00431837
0.00431847
0.00431854
0.00431864
0.00431871
0.0043188
0.00431888
0.00431898
0.00431905
0.00431915
0.00431923
0.00431932
0.0043194
0.0043195
0.00431958
0.00431968
0.00431976
0.00431986
0.00431995
0.00432005
0.00432014
0.00432024
0.00432033
0.00432044
0.00432053
0.00432064
0.00432073
0.00432085
0.00432094
0.00432106
0.00432116
0.00432127
0.00432136
0.00432145
0.00432153
0.00432157
0.00432159
0.0043215
0.00432067
0.00384748
0.00428757
0.00433587
0.00434362
0.00434665
0.00434939
0.00435154
0.0043536
0.00435499
0.00435672
0.00435819
0.00436025
0.00436188
0.00436382
0.00436515
0.00436685
0.00436809
0.00436982
0.00437108
0.0043727
0.00437374
0.00437507
0.00437587
0.004377
0.00437768
0.00437869
0.00437925
0.00438008
0.00438045
0.00438105
0.00438123
0.00438164
0.0043817
0.00438198
0.00438199
0.0043822
0.00438218
0.00438237
0.00438234
0.00438251
0.00438249
0.00438265
0.00438264
0.00438279
0.00438278
0.00438293
0.00438292
0.00438307
0.00438307
0.00438321
0.00438322
0.00438336
0.00438337
0.00438351
0.00438352
0.00438366
0.00438368
0.00438382
0.00438384
0.00438398
0.00438401
0.00438415
0.00438418
0.00438432
0.00438436
0.0043845
0.00438455
0.00438469
0.00438474
0.00438488
0.00438494
0.00438509
0.00438515
0.0043853
0.00438537
0.00438552
0.0043856
0.00438576
0.00438584
0.004386
0.00438609
0.00438626
0.00438634
0.00438652
0.00438661
0.00438678
0.00438688
0.00438699
0.00438721
0.0043863
0.00418344
0.00447195
0.00448877
0.00448779
0.00448822
0.00448894
0.00448994
0.00449135
0.00449194
0.00449365
0.0044942
0.00449626
0.00449667
0.00449865
0.00449877
0.00450061
0.00450064
0.00450247
0.00450244
0.00450413
0.00450393
0.0045054
0.00450506
0.00450638
0.00450598
0.00450716
0.0045067
0.00450772
0.00450716
0.00450798
0.00450734
0.00450802
0.00450733
0.00450791
0.00450722
0.00450773
0.00450707
0.00450753
0.0045069
0.00450732
0.00450672
0.00450712
0.00450656
0.00450693
0.0045064
0.00450675
0.00450626
0.00450658
0.00450612
0.00450643
0.00450601
0.0045063
0.00450591
0.00450619
0.00450583
0.0045061
0.00450577
0.00450603
0.00450573
0.00450598
0.00450571
0.00450596
0.00450571
0.00450596
0.00450574
0.00450599
0.0045058
0.00450604
0.00450588
0.00450613
0.00450599
0.00450625
0.00450613
0.0045064
0.00450631
0.00450658
0.00450652
0.0045068
0.00450677
0.00450707
0.00450705
0.00450737
0.00450737
0.00450772
0.00450772
0.00450809
0.00450807
0.00450843
0.00450842
0.00450903
0.00418985
0.00427889
0.00427542
0.00426887
0.00426848
0.00426843
0.00426914
0.00427142
0.00427165
0.00427486
0.00427453
0.00427817
0.00427726
0.00428093
0.0042795
0.00428308
0.00428135
0.00428481
0.00428289
0.00428613
0.00428404
0.00428702
0.00428484
0.00428758
0.00428539
0.0042879
0.00428571
0.00428799
0.0042858
0.00428786
0.00428571
0.00428757
0.00428548
0.00428718
0.00428517
0.00428674
0.00428483
0.00428628
0.00428448
0.00428582
0.00428412
0.00428537
0.00428377
0.00428493
0.00428344
0.00428452
0.00428313
0.00428414
0.00428284
0.00428379
0.00428257
0.00428347
0.00428233
0.00428318
0.00428213
0.00428293
0.00428196
0.00428272
0.00428182
0.00428255
0.00428172
0.00428242
0.00428166
0.00428234
0.00428163
0.0042823
0.00428165
0.0042823
0.00428172
0.00428236
0.00428182
0.00428246
0.00428198
0.00428263
0.00428219
0.00428285
0.00428246
0.00428314
0.00428279
0.00428349
0.00428319
0.00428392
0.00428365
0.0042844
0.00428417
0.00428494
0.0042847
0.00428552
0.00428489
0.00428539
0.00421562
0.00432712
0.00433781
0.00434268
0.00435168
0.00435975
0.00436746
0.00437611
0.00438206
0.00439082
0.00439543
0.00440394
0.00440725
0.00441509
0.00441733
0.0044245
0.00442596
0.00443241
0.00443307
0.00443863
0.00443855
0.00444327
0.00444262
0.00444664
0.00444553
0.00444889
0.00444737
0.00445013
0.00444831
0.00445058
0.0044486
0.00445053
0.00444851
0.00445022
0.00444825
0.0044498
0.00444792
0.00444934
0.00444756
0.00444888
0.00444721
0.00444843
0.00444686
0.004448
0.00444652
0.00444759
0.00444621
0.00444721
0.00444592
0.00444686
0.00444565
0.00444654
0.00444542
0.00444626
0.00444522
0.00444601
0.00444505
0.0044458
0.00444491
0.00444563
0.00444481
0.0044455
0.00444475
0.00444542
0.00444472
0.00444538
0.00444474
0.00444538
0.0044448
0.00444543
0.00444491
0.00444554
0.00444506
0.00444569
0.00444526
0.00444591
0.00444553
0.00444619
0.00444585
0.00444653
0.00444623
0.00444695
0.00444668
0.00444742
0.00444718
0.00444794
0.00444768
0.0044485
0.00444788
0.00444827
0.00419514
0.00450234
0.00453391
0.00454488
0.00455533
0.00456454
0.00457286
0.00458086
0.00458744
0.00459478
0.00460041
0.00460728
0.00461195
0.00461808
0.00462183
0.00462732
0.0046304
0.00463528
0.00463765
0.00464173
0.00464333
0.00464664
0.00464765
0.00465028
0.00465082
0.00465285
0.00465295
0.00465441
0.00465414
0.00465516
0.00465463
0.00465537
0.00465472
0.0046553
0.00465462
0.00465511
0.00465444
0.00465488
0.00465424
0.00465464
0.00465404
0.00465441
0.00465384
0.00465419
0.00465366
0.00465399
0.00465349
0.0046538
0.00465333
0.00465362
0.00465319
0.00465347
0.00465307
0.00465334
0.00465297
0.00465322
0.00465289
0.00465313
0.00465283
0.00465307
0.00465279
0.00465303
0.00465278
0.00465301
0.00465279
0.00465302
0.00465282
0.00465306
0.00465289
0.00465313
0.00465298
0.00465323
0.00465311
0.00465336
0.00465327
0.00465353
0.00465346
0.00465374
0.00465369
0.00465398
0.00465396
0.00465427
0.00465426
0.0046546
0.00465459
0.00465494
0.00465491
0.00465525
0.00465519
0.00465571
0.00385166
0.00430335
0.00436279
0.00438061
0.00439229
0.00440255
0.00441116
0.00441905
0.00442573
0.00443235
0.00443825
0.00444438
0.0044497
0.00445509
0.0044596
0.00446428
0.00446822
0.00447241
0.0044758
0.00447932
0.00448199
0.00448477
0.00448679
0.00448898
0.0044905
0.00449218
0.00449323
0.00449442
0.00449504
0.0044958
0.00449608
0.00449654
0.00449663
0.00449692
0.00449692
0.00449713
0.00449711
0.00449728
0.00449725
0.0044974
0.00449737
0.00449752
0.0044975
0.00449764
0.00449762
0.00449776
0.00449775
0.00449788
0.00449787
0.004498
0.004498
0.00449813
0.00449813
0.00449826
0.00449827
0.0044984
0.00449841
0.00449854
0.00449856
0.00449869
0.00449871
0.00449884
0.00449887
0.004499
0.00449903
0.00449916
0.00449921
0.00449934
0.00449938
0.00449952
0.00449957
0.00449971
0.00449977
0.00449991
0.00449997
0.00450012
0.00450019
0.00450034
0.00450041
0.00450057
0.00450065
0.00450081
0.00450089
0.00450106
0.00450114
0.00450131
0.00450138
0.00450151
0.00450165
0.00450064
0.00367649
0.00419421
0.00427389
0.00429263
0.00430556
0.00431344
0.00432257
0.00432832
0.00433507
0.0043396
0.00434544
0.00434995
0.00435539
0.00435962
0.00436423
0.00436792
0.00437195
0.00437539
0.00437903
0.00438207
0.00438506
0.00438747
0.00438978
0.00439167
0.00439349
0.00439499
0.00439638
0.00439745
0.00439839
0.00439905
0.0043996
0.00439994
0.00440024
0.0044004
0.00440056
0.00440065
0.00440076
0.00440081
0.00440091
0.00440096
0.00440105
0.00440111
0.0044012
0.00440125
0.00440135
0.00440141
0.0044015
0.00440156
0.00440165
0.00440172
0.00440181
0.00440188
0.00440197
0.00440204
0.00440214
0.00440221
0.0044023
0.00440237
0.00440247
0.00440254
0.00440264
0.00440271
0.00440281
0.00440288
0.00440298
0.00440305
0.00440315
0.00440323
0.00440333
0.00440341
0.00440351
0.00440359
0.0044037
0.00440378
0.00440389
0.00440397
0.00440409
0.00440417
0.00440429
0.00440438
0.00440449
0.00440458
0.00440469
0.00440478
0.00440486
0.00440494
0.00440496
0.004405
0.00440487
0.00440393
0.00357213
0.00411351
0.00419752
0.00421425
0.00422449
0.00423037
0.00423805
0.00424283
0.00424856
0.00425222
0.00425722
0.00426107
0.00426596
0.00427018
0.0042744
0.00427814
0.00428185
0.00428535
0.00428885
0.00429204
0.00429501
0.00429757
0.00429988
0.00430188
0.00430373
0.00430536
0.00430684
0.00430806
0.00430911
0.00430989
0.00431051
0.00431094
0.00431126
0.00431146
0.00431163
0.00431172
0.00431182
0.00431186
0.00431194
0.00431197
0.00431204
0.00431207
0.00431213
0.00431216
0.00431222
0.00431226
0.00431231
0.00431235
0.0043124
0.00431244
0.00431249
0.00431253
0.00431259
0.00431262
0.00431268
0.00431271
0.00431277
0.00431281
0.00431286
0.0043129
0.00431295
0.00431299
0.00431304
0.00431308
0.00431313
0.00431317
0.00431323
0.00431327
0.00431332
0.00431336
0.00431341
0.00431345
0.00431351
0.00431355
0.0043136
0.00431365
0.0043137
0.00431375
0.0043138
0.00431385
0.0043139
0.00431395
0.00431399
0.00431404
0.00431407
0.0043141
0.00431412
0.00431411
0.0043141
0.00431282
0.00355386
0.00409763
0.00417921
0.00419169
0.00419862
0.00420179
0.00420783
0.00421103
0.00421574
0.00421824
0.00422237
0.00422545
0.00422978
0.00423311
0.00423684
0.00423971
0.00424292
0.00424575
0.00424886
0.00425161
0.00425429
0.00425653
0.0042586
0.00426037
0.00426203
0.00426352
0.00426487
0.00426604
0.004267
0.00426776
0.0042683
0.00426872
0.00426897
0.00426915
0.00426923
0.00426931
0.00426932
0.00426935
0.00426934
0.00426936
0.00426935
0.00426936
0.00426935
0.00426937
0.00426936
0.00426938
0.00426938
0.00426939
0.00426939
0.00426941
0.00426941
0.00426943
0.00426944
0.00426946
0.00426946
0.00426949
0.00426949
0.00426952
0.00426952
0.00426955
0.00426956
0.00426958
0.00426959
0.00426962
0.00426963
0.00426966
0.00426967
0.0042697
0.00426972
0.00426975
0.00426977
0.0042698
0.00426982
0.00426985
0.00426988
0.00426991
0.00426995
0.00426998
0.00427002
0.00427005
0.00427009
0.00427012
0.00427015
0.00427019
0.00427018
0.0042702
0.00427013
0.00427013
0.0042699
0.00426859
0.00355384
0.00409691
0.00417726
0.00418823
0.0041937
0.00419559
0.00420036
0.00420255
0.00420627
0.00420792
0.00421122
0.0042136
0.0042173
0.00422
0.00422318
0.00422553
0.00422827
0.00423068
0.00423342
0.00423584
0.00423823
0.00424023
0.00424207
0.00424366
0.00424516
0.00424653
0.00424779
0.00424889
0.0042498
0.00425053
0.00425106
0.00425146
0.00425169
0.00425188
0.00425196
0.00425203
0.00425204
0.00425207
0.00425206
0.00425208
0.00425207
0.00425208
0.00425207
0.00425209
0.00425208
0.0042521
0.00425209
0.00425211
0.00425211
0.00425213
0.00425213
0.00425215
0.00425215
0.00425217
0.00425218
0.0042522
0.00425221
0.00425223
0.00425224
0.00425226
0.00425227
0.0042523
0.00425231
0.00425233
0.00425235
0.00425237
0.00425239
0.00425242
0.00425243
0.00425246
0.00425248
0.00425251
0.00425254
0.00425257
0.0042526
0.00425263
0.00425266
0.0042527
0.00425273
0.00425277
0.0042528
0.00425284
0.00425287
0.0042529
0.0042529
0.00425292
0.00425286
0.00425285
0.00425263
0.00425137
0.00357222
0.00411114
0.00419138
0.00420375
0.0042099
0.004212
0.00421642
0.00421817
0.0042212
0.00422249
0.00422518
0.00422711
0.00423024
0.0042324
0.00423503
0.0042373
0.00423968
0.00424199
0.00424443
0.0042467
0.00424886
0.00425071
0.0042524
0.00425389
0.00425531
0.0042566
0.00425782
0.00425886
0.00425977
0.00426047
0.00426103
0.00426143
0.00426172
0.00426192
0.00426207
0.00426217
0.00426226
0.00426231
0.00426237
0.00426241
0.00426247
0.00426251
0.00426257
0.0042626
0.00426266
0.00426269
0.00426275
0.00426279
0.00426284
0.00426288
0.00426293
0.00426297
0.00426302
0.00426306
0.00426311
0.00426315
0.0042632
0.00426324
0.00426329
0.00426334
0.00426339
0.00426343
0.00426348
0.00426352
0.00426357
0.00426361
0.00426366
0.00426371
0.00426376
0.0042638
0.00426385
0.0042639
0.00426395
0.00426399
0.00426405
0.00426409
0.00426414
0.00426419
0.00426425
0.0042643
0.00426435
0.0042644
0.00426444
0.00426449
0.00426453
0.00426456
0.00426459
0.00426457
0.00426459
0.00426336
0.00367528
0.00418699
0.00425932
0.00427065
0.00427686
0.00427878
0.00428271
0.00428383
0.00428626
0.00428701
0.00428919
0.00429058
0.00429312
0.00429465
0.00429676
0.00429813
0.00430004
0.00430158
0.00430354
0.00430512
0.00430681
0.0043081
0.00430944
0.00431051
0.00431166
0.00431263
0.00431362
0.00431441
0.00431514
0.00431568
0.00431614
0.00431644
0.0043167
0.00431685
0.00431701
0.00431709
0.0043172
0.00431727
0.00431736
0.00431742
0.00431751
0.00431757
0.00431766
0.00431773
0.00431782
0.00431788
0.00431797
0.00431804
0.00431814
0.00431821
0.0043183
0.00431837
0.00431847
0.00431854
0.00431863
0.00431871
0.0043188
0.00431888
0.00431898
0.00431905
0.00431915
0.00431923
0.00431932
0.0043194
0.0043195
0.00431958
0.00431968
0.00431976
0.00431986
0.00431995
0.00432005
0.00432014
0.00432024
0.00432033
0.00432044
0.00432053
0.00432064
0.00432073
0.00432085
0.00432094
0.00432106
0.00432116
0.00432127
0.00432136
0.00432145
0.00432153
0.00432157
0.00432159
0.0043215
0.00432067
0.00384748
0.00428757
0.00433587
0.00434362
0.00434665
0.00434939
0.00435154
0.0043536
0.00435499
0.00435672
0.00435819
0.00436025
0.00436188
0.00436382
0.00436515
0.00436685
0.00436809
0.00436982
0.00437108
0.0043727
0.00437374
0.00437507
0.00437587
0.004377
0.00437768
0.00437869
0.00437925
0.00438008
0.00438045
0.00438105
0.00438123
0.00438164
0.0043817
0.00438198
0.00438199
0.0043822
0.00438218
0.00438237
0.00438234
0.00438251
0.00438249
0.00438265
0.00438264
0.00438279
0.00438278
0.00438293
0.00438292
0.00438307
0.00438307
0.00438321
0.00438322
0.00438336
0.00438337
0.00438351
0.00438352
0.00438366
0.00438368
0.00438381
0.00438384
0.00438398
0.00438401
0.00438414
0.00438418
0.00438432
0.00438436
0.0043845
0.00438455
0.00438469
0.00438474
0.00438488
0.00438494
0.00438509
0.00438515
0.0043853
0.00438537
0.00438552
0.0043856
0.00438576
0.00438584
0.004386
0.00438609
0.00438626
0.00438634
0.00438652
0.00438661
0.00438678
0.00438688
0.00438699
0.00438721
0.0043863
0.00418344
0.00447195
0.00448877
0.00448779
0.00448822
0.00448894
0.00448994
0.00449135
0.00449194
0.00449365
0.0044942
0.00449626
0.00449667
0.00449865
0.00449877
0.00450061
0.00450064
0.00450247
0.00450244
0.00450413
0.00450393
0.0045054
0.00450506
0.00450638
0.00450598
0.00450716
0.0045067
0.00450772
0.00450716
0.00450798
0.00450734
0.00450802
0.00450733
0.00450791
0.00450722
0.00450773
0.00450707
0.00450753
0.0045069
0.00450732
0.00450672
0.00450712
0.00450656
0.00450693
0.0045064
0.00450675
0.00450626
0.00450658
0.00450612
0.00450643
0.00450601
0.0045063
0.00450591
0.00450619
0.00450583
0.0045061
0.00450577
0.00450603
0.00450573
0.00450598
0.00450571
0.00450596
0.00450571
0.00450596
0.00450574
0.00450599
0.0045058
0.00450604
0.00450588
0.00450613
0.00450599
0.00450625
0.00450613
0.0045064
0.00450631
0.00450658
0.00450652
0.0045068
0.00450677
0.00450707
0.00450705
0.00450737
0.00450737
0.00450772
0.00450772
0.00450809
0.00450807
0.00450843
0.00450842
0.00450903
0.00418985
0.00427889
0.00427542
0.00426887
0.00426848
0.00426843
0.00426914
0.00427142
0.00427165
0.00427486
0.00427453
0.00427817
0.00427726
0.00428093
0.0042795
0.00428308
0.00428135
0.00428481
0.00428289
0.00428613
0.00428404
0.00428702
0.00428484
0.00428758
0.00428538
0.0042879
0.00428571
0.00428799
0.0042858
0.00428786
0.00428571
0.00428757
0.00428548
0.00428718
0.00428517
0.00428674
0.00428483
0.00428628
0.00428448
0.00428582
0.00428412
0.00428537
0.00428377
0.00428493
0.00428344
0.00428452
0.00428313
0.00428414
0.00428284
0.00428379
0.00428257
0.00428347
0.00428233
0.00428318
0.00428213
0.00428293
0.00428196
0.00428272
0.00428182
0.00428255
0.00428172
0.00428242
0.00428166
0.00428234
0.00428163
0.0042823
0.00428165
0.0042823
0.00428172
0.00428236
0.00428182
0.00428246
0.00428198
0.00428263
0.00428219
0.00428285
0.00428246
0.00428314
0.00428279
0.00428349
0.00428319
0.00428392
0.00428365
0.0042844
0.00428417
0.00428494
0.0042847
0.00428552
0.00428489
0.00428539
0.0121827
0.012333
0.0123759
0.0124084
0.0124365
0.0124621
0.012484
0.0125046
0.0125221
0.01254
0.0125557
0.0125722
0.0125861
0.0126005
0.0126123
0.012625
0.0126353
0.0126464
0.0126551
0.0126642
0.0126709
0.012678
0.0126829
0.0126884
0.0126919
0.012696
0.0126982
0.0127009
0.0127019
0.0127036
0.0127038
0.0127047
0.0127045
0.0127051
0.0127046
0.012705
0.0127046
0.0127049
0.0127045
0.0127048
0.0127044
0.0127047
0.0127043
0.0127046
0.0127042
0.0127045
0.0127041
0.0127044
0.012704
0.0127043
0.012704
0.0127042
0.0127039
0.0127042
0.0127039
0.0127041
0.0127039
0.0127041
0.0127039
0.0127041
0.0127039
0.012704
0.0127038
0.012704
0.0127038
0.012704
0.0127038
0.012704
0.0127039
0.012704
0.0127039
0.012704
0.0127039
0.012704
0.0127039
0.0127041
0.012704
0.0127041
0.012704
0.0127042
0.0127041
0.0127043
0.0127042
0.0127044
0.0127043
0.0127046
0.0127045
0.012705
0.0127042
0.0127043
0.0117469
0.0120169
0.0120605
0.0120933
0.0121203
0.0121461
0.0121675
0.0121882
0.0122054
0.0122231
0.0122385
0.0122548
0.0122686
0.0122829
0.0122947
0.0123071
0.0123174
0.0123283
0.0123371
0.0123461
0.012353
0.01236
0.0123651
0.0123705
0.0123742
0.0123782
0.0123806
0.0123833
0.0123845
0.0123861
0.0123864
0.0123873
0.0123872
0.0123876
0.0123873
0.0123876
0.0123872
0.0123874
0.012387
0.0123872
0.0123868
0.012387
0.0123866
0.0123868
0.0123865
0.0123866
0.0123863
0.0123864
0.0123861
0.0123863
0.012386
0.0123861
0.0123859
0.012386
0.0123858
0.0123859
0.0123857
0.0123858
0.0123856
0.0123857
0.0123855
0.0123856
0.0123854
0.0123855
0.0123853
0.0123854
0.0123853
0.0123854
0.0123853
0.0123853
0.0123852
0.0123853
0.0123852
0.0123853
0.0123852
0.0123853
0.0123852
0.0123853
0.0123852
0.0123853
0.0123852
0.0123853
0.0123853
0.0123854
0.0123853
0.0123855
0.0123853
0.0123856
0.0123854
0.0123856
0.0112781
0.0116674
0.0117158
0.0117457
0.0117705
0.0117944
0.0118152
0.0118348
0.0118515
0.0118678
0.0118825
0.0118977
0.0119115
0.0119251
0.011937
0.0119487
0.0119591
0.0119695
0.0119786
0.0119875
0.0119948
0.0120017
0.0120072
0.0120126
0.0120167
0.0120208
0.0120237
0.0120266
0.0120283
0.01203
0.0120308
0.0120317
0.0120319
0.0120323
0.0120322
0.0120323
0.0120322
0.0120323
0.012032
0.0120321
0.0120319
0.012032
0.0120317
0.0120318
0.0120316
0.0120317
0.0120315
0.0120315
0.0120314
0.0120314
0.0120313
0.0120313
0.0120311
0.0120312
0.0120311
0.0120311
0.012031
0.012031
0.0120309
0.0120309
0.0120308
0.0120308
0.0120307
0.0120308
0.0120307
0.0120307
0.0120306
0.0120307
0.0120306
0.0120306
0.0120306
0.0120306
0.0120306
0.0120306
0.0120305
0.0120306
0.0120305
0.0120306
0.0120305
0.0120306
0.0120305
0.0120306
0.0120306
0.0120306
0.0120305
0.0120306
0.0120305
0.0120306
0.0120303
0.0120266
0.0111158
0.0115659
0.0116143
0.011639
0.0116594
0.0116804
0.0116997
0.0117182
0.0117339
0.0117487
0.0117624
0.0117766
0.01179
0.0118033
0.011815
0.0118263
0.0118364
0.0118465
0.0118558
0.0118648
0.0118725
0.0118797
0.0118856
0.0118911
0.0118957
0.0119
0.0119035
0.0119066
0.0119089
0.0119109
0.0119121
0.0119132
0.0119136
0.0119141
0.0119142
0.0119144
0.0119143
0.0119144
0.0119143
0.0119143
0.0119142
0.0119142
0.0119141
0.0119142
0.0119141
0.0119141
0.011914
0.011914
0.0119139
0.0119139
0.0119138
0.0119139
0.0119138
0.0119138
0.0119137
0.0119137
0.0119137
0.0119137
0.0119136
0.0119136
0.0119136
0.0119136
0.0119135
0.0119135
0.0119135
0.0119135
0.0119135
0.0119135
0.0119134
0.0119135
0.0119134
0.0119134
0.0119134
0.0119134
0.0119134
0.0119134
0.0119134
0.0119134
0.0119134
0.0119134
0.0119134
0.0119134
0.0119134
0.0119134
0.0119134
0.0119134
0.0119133
0.0119134
0.0119132
0.0119105
0.0110148
0.0115051
0.0115511
0.0115699
0.0115848
0.0116017
0.0116182
0.0116347
0.0116487
0.0116617
0.0116735
0.0116862
0.0116986
0.011711
0.0117221
0.0117325
0.011742
0.0117514
0.0117603
0.0117691
0.0117768
0.011784
0.0117899
0.0117954
0.0118001
0.0118045
0.0118082
0.0118116
0.0118141
0.0118164
0.0118178
0.011819
0.0118197
0.0118202
0.0118204
0.0118206
0.0118206
0.0118207
0.0118206
0.0118206
0.0118206
0.0118206
0.0118205
0.0118205
0.0118204
0.0118204
0.0118203
0.0118204
0.0118203
0.0118203
0.0118202
0.0118202
0.0118202
0.0118202
0.0118201
0.0118201
0.0118201
0.0118201
0.01182
0.01182
0.01182
0.01182
0.0118199
0.01182
0.0118199
0.0118199
0.0118199
0.0118199
0.0118199
0.0118199
0.0118198
0.0118199
0.0118198
0.0118199
0.0118198
0.0118198
0.0118198
0.0118198
0.0118198
0.0118198
0.0118198
0.0118198
0.0118198
0.0118198
0.0118198
0.0118198
0.0118197
0.0118198
0.0118196
0.0118153
0.0109934
0.0114945
0.0115361
0.0115488
0.0115582
0.0115707
0.011584
0.0115979
0.0116097
0.0116205
0.0116303
0.0116412
0.0116521
0.0116634
0.0116734
0.0116829
0.0116914
0.0117
0.0117082
0.0117165
0.0117238
0.0117307
0.0117364
0.0117417
0.0117462
0.0117505
0.0117542
0.0117577
0.0117603
0.0117627
0.0117643
0.0117656
0.0117663
0.0117669
0.0117671
0.0117674
0.0117674
0.0117674
0.0117674
0.0117674
0.0117673
0.0117673
0.0117672
0.0117673
0.0117672
0.0117672
0.0117671
0.0117671
0.011767
0.011767
0.011767
0.011767
0.0117669
0.0117669
0.0117669
0.0117669
0.0117668
0.0117668
0.0117668
0.0117668
0.0117667
0.0117667
0.0117667
0.0117667
0.0117666
0.0117666
0.0117666
0.0117666
0.0117666
0.0117666
0.0117665
0.0117666
0.0117665
0.0117665
0.0117665
0.0117665
0.0117665
0.0117665
0.0117665
0.0117665
0.0117665
0.0117665
0.0117664
0.0117665
0.0117664
0.0117665
0.0117664
0.0117664
0.0117662
0.0117624
0.0109935
0.0114922
0.0115299
0.0115383
0.0115437
0.0115527
0.0115629
0.011574
0.0115832
0.0115917
0.0115995
0.0116085
0.0116177
0.0116274
0.011636
0.0116441
0.0116514
0.0116588
0.011666
0.0116735
0.01168
0.0116862
0.0116913
0.0116961
0.0117002
0.0117042
0.0117076
0.0117109
0.0117134
0.0117157
0.0117172
0.0117184
0.0117191
0.0117197
0.0117199
0.0117202
0.0117202
0.0117203
0.0117202
0.0117202
0.0117201
0.0117201
0.0117201
0.0117201
0.01172
0.01172
0.0117199
0.0117199
0.0117198
0.0117199
0.0117198
0.0117198
0.0117197
0.0117197
0.0117197
0.0117197
0.0117196
0.0117196
0.0117196
0.0117196
0.0117195
0.0117195
0.0117195
0.0117195
0.0117195
0.0117195
0.0117194
0.0117194
0.0117194
0.0117194
0.0117194
0.0117194
0.0117194
0.0117194
0.0117193
0.0117194
0.0117193
0.0117193
0.0117193
0.0117193
0.0117193
0.0117193
0.0117193
0.0117193
0.0117193
0.0117193
0.0117192
0.0117193
0.0117191
0.0117154
0.0110147
0.0114962
0.0115301
0.011536
0.0115392
0.0115458
0.0115534
0.0115619
0.0115687
0.0115752
0.0115811
0.0115883
0.0115958
0.0116037
0.0116106
0.0116172
0.011623
0.0116292
0.0116352
0.0116414
0.0116469
0.011652
0.0116563
0.0116603
0.0116638
0.0116672
0.0116701
0.011673
0.0116751
0.0116771
0.0116784
0.0116795
0.0116801
0.0116806
0.0116807
0.0116809
0.0116809
0.011681
0.0116809
0.011681
0.0116809
0.0116809
0.0116808
0.0116808
0.0116807
0.0116808
0.0116807
0.0116807
0.0116806
0.0116806
0.0116806
0.0116806
0.0116805
0.0116805
0.0116805
0.0116805
0.0116804
0.0116804
0.0116804
0.0116804
0.0116803
0.0116804
0.0116803
0.0116803
0.0116803
0.0116803
0.0116803
0.0116803
0.0116802
0.0116803
0.0116802
0.0116802
0.0116802
0.0116802
0.0116802
0.0116802
0.0116802
0.0116802
0.0116802
0.0116802
0.0116802
0.0116802
0.0116802
0.0116802
0.0116802
0.0116802
0.0116801
0.0116801
0.0116801
0.011676
0.0111114
0.0115408
0.0115666
0.0115702
0.0115721
0.0115767
0.0115821
0.0115881
0.0115926
0.0115971
0.0116013
0.0116067
0.0116123
0.0116183
0.0116233
0.0116282
0.0116325
0.0116373
0.0116419
0.0116467
0.0116509
0.0116548
0.011658
0.0116612
0.0116638
0.0116665
0.0116687
0.011671
0.0116726
0.0116742
0.0116751
0.011676
0.0116763
0.0116768
0.0116768
0.011677
0.0116769
0.011677
0.0116769
0.0116769
0.0116768
0.0116769
0.0116768
0.0116768
0.0116767
0.0116767
0.0116766
0.0116766
0.0116765
0.0116766
0.0116765
0.0116765
0.0116764
0.0116765
0.0116764
0.0116764
0.0116763
0.0116763
0.0116763
0.0116763
0.0116762
0.0116763
0.0116762
0.0116762
0.0116762
0.0116762
0.0116762
0.0116762
0.0116761
0.0116762
0.0116761
0.0116762
0.0116761
0.0116761
0.0116761
0.0116761
0.0116761
0.0116762
0.0116761
0.0116762
0.0116761
0.0116762
0.0116761
0.0116762
0.0116761
0.0116762
0.0116761
0.0116761
0.0116761
0.0116737
0.0112609
0.0116121
0.0116281
0.01163
0.0116309
0.0116339
0.0116371
0.0116408
0.0116432
0.0116461
0.0116486
0.0116524
0.0116558
0.0116598
0.0116628
0.0116661
0.0116687
0.0116721
0.0116749
0.0116783
0.0116807
0.0116835
0.0116853
0.0116875
0.0116891
0.011691
0.0116923
0.0116939
0.0116948
0.0116959
0.0116963
0.0116969
0.0116969
0.0116973
0.0116971
0.0116973
0.0116971
0.0116972
0.011697
0.0116971
0.0116969
0.0116969
0.0116967
0.0116968
0.0116966
0.0116967
0.0116965
0.0116966
0.0116964
0.0116964
0.0116963
0.0116963
0.0116962
0.0116962
0.0116961
0.0116962
0.011696
0.0116961
0.011696
0.011696
0.0116959
0.0116959
0.0116958
0.0116959
0.0116958
0.0116958
0.0116958
0.0116958
0.0116957
0.0116958
0.0116957
0.0116958
0.0116957
0.0116957
0.0116957
0.0116957
0.0116957
0.0116958
0.0116957
0.0116958
0.0116957
0.0116958
0.0116958
0.0116958
0.0116958
0.0116959
0.0116958
0.0116959
0.0116958
0.0116925
0.0117006
0.0119155
0.0119193
0.0119193
0.0119188
0.0119206
0.0119215
0.0119237
0.0119242
0.011926
0.0119268
0.0119292
0.0119305
0.011933
0.0119339
0.0119361
0.0119369
0.0119391
0.0119401
0.0119423
0.0119431
0.0119448
0.0119454
0.0119468
0.0119472
0.0119485
0.0119488
0.0119499
0.01195
0.0119508
0.0119506
0.0119512
0.0119508
0.0119512
0.0119508
0.0119511
0.0119507
0.0119509
0.0119505
0.0119507
0.0119503
0.0119505
0.0119502
0.0119504
0.01195
0.0119502
0.0119499
0.01195
0.0119498
0.0119499
0.0119496
0.0119498
0.0119495
0.0119497
0.0119494
0.0119495
0.0119493
0.0119495
0.0119493
0.0119494
0.0119492
0.0119493
0.0119491
0.0119492
0.0119491
0.0119492
0.0119491
0.0119492
0.011949
0.0119491
0.011949
0.0119491
0.011949
0.0119491
0.011949
0.0119491
0.0119491
0.0119492
0.0119491
0.0119492
0.0119491
0.0119493
0.0119492
0.0119493
0.0119493
0.0119495
0.0119494
0.0119496
0.0119496
0.0119501
0.0121033
0.0121905
0.0121912
0.0121894
0.0121886
0.0121886
0.0121883
0.012189
0.0121884
0.0121893
0.0121889
0.0121901
0.01219
0.0121913
0.012191
0.0121923
0.012192
0.0121933
0.0121931
0.0121944
0.0121942
0.0121953
0.012195
0.012196
0.0121957
0.0121966
0.0121963
0.0121971
0.0121967
0.0121974
0.0121969
0.0121975
0.0121969
0.0121974
0.0121969
0.0121973
0.0121968
0.0121972
0.0121967
0.0121971
0.0121967
0.012197
0.0121966
0.0121969
0.0121966
0.0121969
0.0121965
0.0121968
0.0121965
0.0121968
0.0121965
0.0121967
0.0121965
0.0121967
0.0121965
0.0121967
0.0121965
0.0121967
0.0121965
0.0121967
0.0121965
0.0121967
0.0121966
0.0121968
0.0121966
0.0121968
0.0121966
0.0121968
0.0121967
0.0121969
0.0121968
0.0121969
0.0121968
0.012197
0.0121969
0.0121971
0.012197
0.0121972
0.0121971
0.0121973
0.0121972
0.0121974
0.0121974
0.0121976
0.0121976
0.0121978
0.0121979
0.0121983
0.0121976
0.0121978
0.0266211
0.0268124
0.0269042
0.0269808
0.0270421
0.0271011
0.02715
0.0271967
0.0272363
0.0272759
0.0273117
0.0273478
0.0273801
0.0274116
0.0274394
0.0274666
0.027491
0.0275148
0.0275357
0.0275552
0.0275717
0.0275867
0.0275992
0.0276107
0.02762
0.0276284
0.0276347
0.0276401
0.0276438
0.0276468
0.0276485
0.0276499
0.0276504
0.027651
0.0276511
0.0276513
0.0276512
0.0276513
0.0276511
0.0276512
0.027651
0.027651
0.0276508
0.0276509
0.0276507
0.0276507
0.0276506
0.0276506
0.0276504
0.0276505
0.0276503
0.0276503
0.0276502
0.0276502
0.02765
0.0276501
0.0276499
0.0276499
0.0276498
0.0276498
0.0276497
0.0276497
0.0276495
0.0276495
0.0276494
0.0276494
0.0276493
0.0276493
0.0276491
0.0276491
0.027649
0.027649
0.0276489
0.0276488
0.0276487
0.0276487
0.0276486
0.0276485
0.0276484
0.0276483
0.0276482
0.0276482
0.027648
0.0276479
0.0276477
0.0276477
0.0276473
0.0276473
0.0276443
0.0276426
0.0152485
0.0155268
0.0155762
0.0156213
0.0156521
0.0156875
0.0157125
0.0157408
0.0157611
0.0157851
0.0158035
0.0158254
0.0158422
0.0158613
0.0158758
0.0158923
0.015905
0.0159195
0.0159303
0.0159424
0.0159508
0.0159601
0.0159664
0.0159736
0.0159781
0.0159836
0.0159864
0.0159902
0.0159915
0.0159938
0.0159941
0.0159954
0.0159951
0.0159959
0.0159954
0.0159959
0.0159953
0.0159957
0.0159951
0.0159955
0.015995
0.0159953
0.0159948
0.0159952
0.0159947
0.015995
0.0159946
0.0159949
0.0159944
0.0159947
0.0159943
0.0159946
0.0159943
0.0159945
0.0159942
0.0159944
0.0159941
0.0159943
0.0159941
0.0159943
0.015994
0.0159942
0.015994
0.0159942
0.015994
0.0159941
0.0159939
0.0159941
0.0159939
0.0159941
0.0159939
0.0159941
0.0159939
0.0159941
0.0159939
0.0159941
0.0159939
0.0159941
0.0159939
0.015994
0.0159939
0.015994
0.0159939
0.015994
0.0159938
0.0159939
0.0159936
0.0159938
0.0159911
0.0159898
0.0122437
0.01264
0.0126767
0.0127116
0.0127294
0.0127582
0.0127737
0.0127976
0.0128101
0.0128301
0.0128414
0.0128598
0.0128706
0.0128871
0.0128964
0.0129106
0.0129187
0.0129313
0.0129384
0.0129492
0.0129547
0.0129633
0.0129671
0.012974
0.0129765
0.0129819
0.0129834
0.0129873
0.0129877
0.0129903
0.0129899
0.0129915
0.0129906
0.0129917
0.0129906
0.0129915
0.0129903
0.0129911
0.0129899
0.0129906
0.0129896
0.0129902
0.0129893
0.0129899
0.012989
0.0129895
0.0129887
0.0129893
0.0129885
0.012989
0.0129883
0.0129888
0.0129881
0.0129886
0.012988
0.0129885
0.0129879
0.0129884
0.0129878
0.0129883
0.0129878
0.0129882
0.0129878
0.0129882
0.0129878
0.0129882
0.0129878
0.0129882
0.0129879
0.0129883
0.012988
0.0129883
0.0129881
0.0129884
0.0129882
0.0129885
0.0129883
0.0129886
0.0129885
0.0129888
0.0129886
0.0129889
0.0129888
0.0129891
0.0129889
0.0129892
0.0129889
0.0129893
0.0129883
0.0129847
0.0117843
0.0122775
0.0123147
0.012345
0.0123559
0.0123813
0.0123927
0.0124153
0.0124244
0.0124427
0.0124507
0.0124678
0.0124763
0.0124923
0.0124997
0.0125135
0.0125198
0.0125321
0.0125379
0.0125489
0.0125536
0.0125626
0.0125658
0.0125729
0.012575
0.0125808
0.012582
0.0125865
0.0125868
0.0125899
0.0125893
0.0125914
0.0125902
0.0125917
0.0125903
0.0125914
0.0125899
0.0125909
0.0125895
0.0125903
0.012589
0.0125898
0.0125886
0.0125894
0.0125883
0.012589
0.012588
0.0125886
0.0125877
0.0125884
0.0125875
0.0125881
0.0125873
0.0125879
0.0125872
0.0125878
0.0125871
0.0125877
0.0125871
0.0125876
0.0125871
0.0125876
0.0125871
0.0125876
0.0125872
0.0125877
0.0125873
0.0125878
0.0125874
0.0125879
0.0125876
0.0125881
0.0125878
0.0125883
0.0125881
0.0125885
0.0125883
0.0125888
0.0125886
0.0125891
0.0125889
0.0125894
0.0125892
0.0125897
0.0125895
0.01259
0.0125898
0.0125902
0.0125902
0.0125857
0.0117474
0.0122919
0.012331
0.0123582
0.0123638
0.0123855
0.0123938
0.0124146
0.0124212
0.0124377
0.0124432
0.0124587
0.0124655
0.0124808
0.0124869
0.0125
0.0125051
0.0125168
0.0125218
0.0125328
0.012537
0.0125461
0.0125489
0.0125562
0.012558
0.012564
0.0125652
0.01257
0.0125704
0.0125738
0.0125733
0.0125757
0.0125745
0.0125761
0.0125746
0.0125759
0.0125743
0.0125754
0.0125738
0.0125748
0.0125734
0.0125743
0.012573
0.0125738
0.0125726
0.0125734
0.0125723
0.0125731
0.0125721
0.0125729
0.0125719
0.0125727
0.0125718
0.0125725
0.0125717
0.0125724
0.0125717
0.0125724
0.0125717
0.0125724
0.0125718
0.0125724
0.0125719
0.0125725
0.0125721
0.0125727
0.0125723
0.0125728
0.0125725
0.0125731
0.0125728
0.0125733
0.0125731
0.0125737
0.0125734
0.012574
0.0125738
0.0125744
0.0125742
0.0125748
0.0125747
0.0125752
0.0125751
0.0125756
0.0125755
0.012576
0.012576
0.0125764
0.0125767
0.0125717
0.0117637
0.0123379
0.0123778
0.012402
0.0124033
0.0124208
0.0124261
0.0124442
0.0124485
0.0124626
0.012466
0.0124796
0.0124848
0.0124988
0.0125037
0.0125157
0.0125196
0.0125304
0.0125345
0.012545
0.0125486
0.0125575
0.0125599
0.012567
0.0125686
0.0125745
0.0125756
0.0125805
0.0125808
0.0125844
0.0125839
0.0125864
0.0125853
0.012587
0.0125855
0.0125868
0.0125852
0.0125863
0.0125847
0.0125857
0.0125843
0.0125852
0.0125839
0.0125848
0.0125836
0.0125844
0.0125833
0.0125841
0.0125831
0.0125839
0.0125829
0.0125837
0.0125828
0.0125836
0.0125828
0.0125835
0.0125828
0.0125835
0.0125829
0.0125836
0.012583
0.0125837
0.0125832
0.0125838
0.0125834
0.012584
0.0125836
0.0125843
0.0125839
0.0125846
0.0125843
0.0125849
0.0125847
0.0125853
0.0125851
0.0125857
0.0125856
0.0125861
0.012586
0.0125866
0.0125865
0.0125871
0.0125871
0.0125876
0.0125876
0.0125881
0.0125881
0.0125886
0.0125891
0.0125839
0.011764
0.0123361
0.0123724
0.0123923
0.0123899
0.0124039
0.0124063
0.0124213
0.0124235
0.0124351
0.0124367
0.0124482
0.0124519
0.0124642
0.0124678
0.0124784
0.0124812
0.0124908
0.0124941
0.0125035
0.0125066
0.0125147
0.0125166
0.0125231
0.0125244
0.0125299
0.0125308
0.0125355
0.0125357
0.0125392
0.0125387
0.0125411
0.0125399
0.0125417
0.0125401
0.0125415
0.0125398
0.012541
0.0125394
0.0125404
0.0125389
0.0125399
0.0125386
0.0125395
0.0125382
0.0125391
0.012538
0.0125388
0.0125378
0.0125386
0.0125376
0.0125384
0.0125375
0.0125383
0.0125375
0.0125382
0.0125375
0.0125382
0.0125376
0.0125383
0.0125377
0.0125384
0.0125379
0.0125385
0.0125381
0.0125388
0.0125384
0.012539
0.0125387
0.0125393
0.012539
0.0125396
0.0125394
0.01254
0.0125398
0.0125404
0.0125403
0.0125409
0.0125408
0.0125414
0.0125413
0.0125419
0.0125418
0.0125424
0.0125424
0.0125429
0.0125429
0.0125433
0.0125439
0.0125387
0.0117479
0.0122841
0.0123111
0.0123254
0.01232
0.0123308
0.0123307
0.0123427
0.0123429
0.0123522
0.0123523
0.0123619
0.0123642
0.0123746
0.0123769
0.0123858
0.0123876
0.0123958
0.0123981
0.0124063
0.0124085
0.0124155
0.0124168
0.0124225
0.0124233
0.0124282
0.0124287
0.0124329
0.0124329
0.0124361
0.0124354
0.0124377
0.0124365
0.0124381
0.0124365
0.0124378
0.0124362
0.0124373
0.0124358
0.0124367
0.0124353
0.0124362
0.0124349
0.0124358
0.0124346
0.0124354
0.0124343
0.0124351
0.0124341
0.0124348
0.0124339
0.0124346
0.0124338
0.0124345
0.0124337
0.0124344
0.0124337
0.0124344
0.0124337
0.0124344
0.0124338
0.0124344
0.0124339
0.0124345
0.0124341
0.0124347
0.0124343
0.0124349
0.0124346
0.0124351
0.0124348
0.0124354
0.0124352
0.0124357
0.0124355
0.0124361
0.0124359
0.0124365
0.0124363
0.0124369
0.0124368
0.0124373
0.0124372
0.0124377
0.0124377
0.0124382
0.0124381
0.0124385
0.012439
0.0124343
0.0117806
0.0122531
0.0122679
0.0122765
0.0122694
0.0122774
0.0122755
0.0122846
0.0122831
0.0122903
0.0122894
0.0122971
0.0122982
0.0123064
0.0123075
0.0123144
0.0123153
0.0123219
0.0123233
0.0123299
0.0123312
0.0123368
0.0123374
0.012342
0.0123423
0.0123463
0.0123464
0.0123499
0.0123496
0.0123523
0.0123515
0.0123534
0.0123521
0.0123535
0.0123521
0.0123532
0.0123517
0.0123526
0.0123512
0.0123521
0.0123508
0.0123516
0.0123504
0.0123512
0.0123501
0.0123508
0.0123498
0.0123505
0.0123495
0.0123502
0.0123493
0.01235
0.0123492
0.0123498
0.0123491
0.0123497
0.012349
0.0123496
0.012349
0.0123495
0.012349
0.0123495
0.012349
0.0123495
0.0123491
0.0123496
0.0123492
0.0123497
0.0123494
0.0123499
0.0123496
0.0123501
0.0123498
0.0123503
0.01235
0.0123505
0.0123503
0.0123508
0.0123506
0.0123511
0.0123509
0.0123514
0.0123513
0.0123517
0.0123516
0.012352
0.0123519
0.0123523
0.0123524
0.0123482
0.0122224
0.0125773
0.0125792
0.0125839
0.0125769
0.0125829
0.0125801
0.0125865
0.0125842
0.0125894
0.012588
0.0125938
0.0125938
0.0125996
0.0125997
0.0126046
0.0126047
0.0126095
0.01261
0.0126147
0.0126152
0.0126191
0.0126191
0.0126224
0.0126223
0.0126252
0.0126251
0.0126276
0.0126271
0.012629
0.0126282
0.0126296
0.0126285
0.0126296
0.0126284
0.0126292
0.012628
0.0126288
0.0126277
0.0126284
0.0126273
0.012628
0.012627
0.0126276
0.0126267
0.0126273
0.0126265
0.012627
0.0126263
0.0126268
0.0126261
0.0126266
0.0126259
0.0126264
0.0126258
0.0126263
0.0126257
0.0126262
0.0126257
0.0126261
0.0126256
0.012626
0.0126256
0.012626
0.0126256
0.012626
0.0126257
0.0126261
0.0126258
0.0126261
0.0126259
0.0126262
0.012626
0.0126263
0.0126261
0.0126264
0.0126262
0.0126266
0.0126264
0.0126267
0.0126266
0.0126269
0.0126267
0.012627
0.0126269
0.0126272
0.012627
0.0126273
0.0126267
0.0126235
0.0151812
0.0153866
0.0153847
0.0153872
0.0153828
0.0153867
0.0153851
0.0153891
0.0153877
0.015391
0.0153904
0.0153941
0.0153943
0.0153979
0.0153981
0.0154011
0.0154014
0.0154043
0.0154049
0.0154077
0.0154082
0.0154106
0.0154107
0.0154127
0.0154128
0.0154146
0.0154147
0.0154162
0.015416
0.0154172
0.0154168
0.0154176
0.015417
0.0154177
0.0154171
0.0154176
0.0154169
0.0154174
0.0154168
0.0154172
0.0154167
0.0154171
0.0154165
0.0154169
0.0154164
0.0154168
0.0154163
0.0154167
0.0154162
0.0154166
0.0154162
0.0154165
0.0154161
0.0154164
0.0154161
0.0154163
0.015416
0.0154163
0.015416
0.0154162
0.015416
0.0154162
0.015416
0.0154162
0.015416
0.0154162
0.015416
0.0154162
0.015416
0.0154162
0.0154161
0.0154162
0.0154161
0.0154163
0.0154161
0.0154163
0.0154162
0.0154163
0.0154162
0.0154164
0.0154162
0.0154164
0.0154163
0.0154164
0.0154163
0.0154164
0.0154162
0.0154164
0.0154139
0.0154128
0.0264656
0.0265233
0.0265246
0.0265266
0.0265251
0.0265282
0.026529
0.0265323
0.026533
0.0265356
0.0265366
0.0265397
0.0265416
0.0265447
0.0265463
0.0265489
0.0265504
0.0265529
0.0265547
0.0265572
0.0265587
0.0265607
0.0265618
0.0265634
0.0265644
0.0265658
0.0265667
0.0265678
0.0265684
0.0265692
0.0265694
0.02657
0.0265699
0.0265703
0.0265701
0.0265703
0.0265701
0.0265703
0.0265701
0.0265703
0.0265701
0.0265702
0.02657
0.0265702
0.02657
0.0265701
0.02657
0.0265701
0.0265699
0.02657
0.0265699
0.02657
0.0265698
0.0265699
0.0265698
0.0265699
0.0265698
0.0265698
0.0265697
0.0265698
0.0265697
0.0265697
0.0265697
0.0265697
0.0265696
0.0265697
0.0265696
0.0265696
0.0265695
0.0265696
0.0265695
0.0265695
0.0265695
0.0265695
0.0265694
0.0265694
0.0265694
0.0265694
0.0265693
0.0265693
0.0265692
0.0265693
0.0265692
0.0265692
0.026569
0.026569
0.0265689
0.0265689
0.0265662
0.026565
)
;

boundaryField
{
    upperWall
    {
        type            zeroGradient;
    }
    lowerWall
    {
        type            zeroGradient;
    }
    heatedWall
    {
        type            zeroGradient;
    }
    inlet
    {
        type            zeroGradient;
    }
    outlet
    {
        type            zeroGradient;
    }
    frontAndBack
    {
        type            empty;
    }
}


// ************************************************************************* //
