/*--------------------------------*- C++ -*----------------------------------*\
  =========                 |
  \\      /  F ield         | OpenFOAM: The Open Source CFD Toolbox
   \\    /   O peration     | Website:  https://openfoam.org
    \\  /    A nd           | Version:  7
     \\/     M anipulation  |
\*---------------------------------------------------------------------------*/
FoamFile
{
    version     2.0;
    format      ascii;
    class       volScalarField;
    location    "0.1175";
    object      pMean;
}
// * * * * * * * * * * * * * * * * * * * * * * * * * * * * * * * * * * * * * //

dimensions      [1 -1 -2 0 0 0 0];

internalField   nonuniform List<scalar> 
8640
(
102632
102623
102625
102619
102620
102615
102616
102611
102611
102607
102607
102603
102603
102600
102599
102596
102595
102592
102591
102589
102588
102585
102584
102581
102580
102578
102576
102574
102572
102570
102568
102566
102565
102562
102561
102559
102557
102555
102553
102551
102549
102547
102546
102544
102542
102540
102538
102536
102534
102533
102531
102529
102527
102525
102523
102521
102520
102518
102516
102514
102625
102618
102620
102614
102615
102610
102611
102606
102607
102602
102603
102599
102599
102595
102595
102592
102591
102588
102587
102584
102583
102580
102579
102577
102575
102573
102571
102569
102568
102565
102564
102562
102560
102558
102556
102554
102552
102550
102549
102547
102545
102543
102541
102539
102537
102535
102533
102532
102530
102528
102526
102524
102522
102520
102518
102517
102515
102513
102511
102509
102628
102621
102623
102617
102618
102613
102614
102609
102610
102605
102605
102602
102601
102598
102597
102594
102593
102591
102589
102587
102586
102583
102582
102579
102578
102576
102574
102572
102570
102568
102566
102564
102563
102561
102559
102557
102555
102553
102551
102549
102547
102546
102544
102542
102540
102538
102536
102534
102532
102531
102529
102527
102525
102523
102521
102519
102518
102516
102514
102512
102625
102618
102620
102614
102616
102611
102612
102607
102607
102603
102603
102599
102599
102596
102595
102592
102591
102588
102587
102585
102584
102581
102580
102577
102576
102574
102572
102570
102568
102566
102564
102562
102561
102558
102557
102555
102553
102551
102549
102547
102545
102543
102542
102540
102538
102536
102534
102532
102530
102529
102527
102525
102523
102521
102519
102517
102515
102513
102511
102509
102626
102620
102622
102616
102618
102612
102613
102608
102609
102605
102605
102601
102601
102597
102597
102594
102593
102590
102589
102586
102585
102582
102581
102579
102577
102575
102573
102571
102570
102567
102566
102564
102562
102560
102558
102556
102554
102552
102551
102549
102547
102545
102543
102541
102539
102537
102535
102534
102532
102530
102528
102526
102524
102522
102520
102519
102517
102515
102513
102511
102625
102619
102621
102615
102617
102611
102612
102608
102608
102604
102604
102600
102600
102597
102596
102593
102592
102589
102588
102585
102584
102582
102580
102578
102577
102574
102573
102570
102569
102567
102565
102563
102561
102559
102557
102555
102554
102552
102550
102548
102546
102544
102542
102540
102539
102537
102535
102533
102531
102529
102527
102525
102523
102522
102520
102518
102516
102514
102512
102510
102625
102619
102621
102615
102617
102611
102612
102608
102608
102604
102604
102600
102600
102597
102596
102593
102592
102589
102588
102585
102584
102582
102580
102578
102577
102574
102573
102570
102569
102567
102565
102563
102561
102559
102557
102555
102554
102552
102550
102548
102546
102544
102542
102540
102539
102537
102535
102533
102531
102529
102527
102525
102523
102522
102520
102518
102516
102514
102512
102510
102626
102620
102622
102616
102618
102612
102613
102608
102609
102605
102605
102601
102601
102597
102597
102594
102593
102590
102589
102586
102585
102582
102581
102579
102577
102575
102573
102571
102570
102567
102566
102564
102562
102560
102558
102556
102554
102552
102551
102549
102547
102545
102543
102541
102539
102537
102535
102534
102532
102530
102528
102526
102524
102522
102520
102519
102517
102515
102513
102511
102625
102618
102620
102614
102616
102611
102612
102607
102607
102603
102603
102599
102599
102596
102595
102592
102591
102588
102587
102585
102584
102581
102580
102577
102576
102574
102572
102570
102568
102566
102564
102562
102561
102558
102557
102555
102553
102551
102549
102547
102545
102543
102542
102540
102538
102536
102534
102532
102530
102529
102527
102525
102523
102521
102519
102517
102515
102513
102511
102509
102628
102621
102623
102617
102618
102613
102614
102609
102610
102605
102605
102602
102601
102598
102597
102594
102593
102591
102589
102587
102586
102583
102582
102579
102578
102576
102574
102572
102570
102568
102566
102564
102563
102561
102559
102557
102555
102553
102551
102549
102547
102546
102544
102542
102540
102538
102536
102534
102532
102531
102529
102527
102525
102523
102521
102519
102518
102516
102514
102512
102625
102618
102620
102614
102615
102610
102611
102606
102607
102602
102603
102599
102599
102595
102595
102592
102591
102588
102587
102584
102583
102580
102579
102577
102575
102573
102571
102569
102568
102565
102564
102562
102560
102558
102556
102554
102552
102550
102549
102547
102545
102543
102541
102539
102537
102535
102533
102532
102530
102528
102526
102524
102522
102520
102518
102517
102515
102513
102511
102509
102632
102623
102625
102619
102620
102615
102616
102611
102611
102607
102607
102603
102603
102600
102599
102596
102595
102592
102591
102589
102588
102585
102584
102581
102580
102578
102576
102574
102572
102570
102568
102566
102565
102562
102561
102559
102557
102555
102553
102551
102549
102547
102546
102544
102542
102540
102538
102536
102534
102533
102531
102529
102527
102525
102523
102521
102520
102518
102516
102514
102610
102610
102606
102605
102603
102602
102599
102598
102595
102594
102592
102590
102588
102587
102585
102583
102581
102580
102578
102576
102574
102572
102571
102569
102567
102565
102564
102562
102560
102558
102557
102555
102553
102551
102550
102548
102546
102544
102543
102541
102539
102537
102536
102534
102532
102530
102529
102527
102525
102523
102522
102520
102518
102517
102515
102513
102511
102510
102508
102507
102614
102613
102610
102609
102607
102606
102603
102602
102600
102598
102596
102594
102592
102591
102589
102587
102585
102584
102582
102580
102578
102576
102575
102573
102571
102569
102568
102566
102564
102562
102561
102559
102557
102555
102554
102552
102550
102548
102547
102545
102543
102541
102540
102538
102536
102534
102533
102531
102529
102527
102526
102524
102522
102521
102519
102517
102516
102514
102513
102511
102611
102610
102607
102606
102603
102602
102600
102599
102596
102595
102593
102591
102589
102588
102586
102584
102582
102580
102579
102577
102575
102573
102572
102570
102568
102566
102564
102563
102561
102559
102557
102556
102554
102552
102550
102549
102547
102545
102543
102542
102540
102538
102536
102535
102533
102531
102530
102528
102526
102524
102523
102521
102519
102518
102516
102514
102512
102511
102508
102507
102613
102612
102609
102609
102606
102605
102602
102601
102599
102597
102595
102594
102592
102590
102588
102586
102585
102583
102581
102579
102577
102576
102574
102572
102570
102569
102567
102565
102563
102561
102560
102558
102556
102554
102553
102551
102549
102547
102546
102544
102542
102541
102539
102537
102535
102534
102532
102530
102528
102527
102525
102523
102522
102520
102518
102516
102515
102513
102512
102510
102611
102611
102608
102607
102604
102603
102601
102599
102597
102596
102594
102592
102590
102588
102586
102585
102583
102581
102579
102578
102576
102574
102572
102571
102569
102567
102565
102563
102562
102560
102558
102556
102555
102553
102551
102549
102548
102546
102544
102542
102541
102539
102537
102535
102534
102532
102530
102529
102527
102525
102523
102522
102520
102518
102517
102515
102513
102511
102509
102508
102612
102611
102609
102608
102605
102604
102602
102600
102598
102596
102594
102593
102591
102589
102587
102586
102584
102582
102580
102578
102577
102575
102573
102571
102570
102568
102566
102564
102563
102561
102559
102557
102555
102554
102552
102550
102548
102547
102545
102543
102541
102540
102538
102536
102535
102533
102531
102529
102528
102526
102524
102522
102521
102519
102517
102516
102514
102512
102511
102509
102612
102611
102609
102608
102605
102604
102602
102600
102598
102596
102594
102593
102591
102589
102587
102586
102584
102582
102580
102578
102577
102575
102573
102571
102570
102568
102566
102564
102563
102561
102559
102557
102555
102554
102552
102550
102548
102547
102545
102543
102541
102540
102538
102536
102535
102533
102531
102529
102528
102526
102524
102522
102521
102519
102517
102516
102514
102512
102511
102509
102611
102611
102608
102607
102604
102603
102601
102599
102597
102596
102594
102592
102590
102588
102586
102585
102583
102581
102579
102578
102576
102574
102572
102571
102569
102567
102565
102563
102562
102560
102558
102556
102555
102553
102551
102549
102548
102546
102544
102542
102541
102539
102537
102535
102534
102532
102530
102529
102527
102525
102523
102522
102520
102518
102517
102515
102513
102511
102509
102508
102613
102612
102609
102609
102606
102605
102602
102601
102599
102597
102595
102594
102592
102590
102588
102586
102585
102583
102581
102579
102577
102576
102574
102572
102570
102569
102567
102565
102563
102561
102560
102558
102556
102554
102553
102551
102549
102547
102546
102544
102542
102541
102539
102537
102535
102534
102532
102530
102528
102527
102525
102523
102522
102520
102518
102516
102515
102513
102512
102510
102611
102610
102607
102606
102603
102602
102600
102599
102596
102595
102593
102591
102589
102588
102586
102584
102582
102580
102579
102577
102575
102573
102572
102570
102568
102566
102564
102563
102561
102559
102557
102556
102554
102552
102550
102549
102547
102545
102543
102542
102540
102538
102536
102535
102533
102531
102530
102528
102526
102524
102523
102521
102519
102518
102516
102514
102512
102511
102508
102507
102614
102613
102610
102609
102607
102606
102603
102602
102600
102598
102596
102594
102592
102591
102589
102587
102585
102584
102582
102580
102578
102576
102575
102573
102571
102569
102568
102566
102564
102562
102561
102559
102557
102555
102554
102552
102550
102548
102547
102545
102543
102541
102540
102538
102536
102534
102533
102531
102529
102527
102526
102524
102522
102521
102519
102517
102516
102514
102513
102511
102610
102610
102606
102605
102603
102602
102599
102598
102595
102594
102592
102590
102588
102587
102585
102583
102581
102580
102578
102576
102574
102572
102571
102569
102567
102565
102564
102562
102560
102558
102557
102555
102553
102551
102550
102548
102546
102544
102543
102541
102539
102537
102536
102534
102532
102530
102529
102527
102525
102523
102522
102520
102518
102517
102515
102513
102511
102510
102508
102507
102600
102596
102596
102593
102592
102589
102589
102586
102585
102583
102582
102579
102578
102576
102574
102572
102571
102569
102567
102565
102564
102562
102560
102558
102557
102555
102553
102551
102549
102547
102546
102544
102542
102540
102539
102537
102535
102533
102531
102530
102528
102526
102524
102522
102521
102519
102517
102515
102513
102511
102510
102508
102506
102504
102502
102501
102499
102497
102495
102494
102600
102596
102596
102593
102592
102589
102589
102586
102585
102583
102582
102579
102578
102576
102574
102572
102571
102569
102567
102565
102564
102562
102560
102558
102557
102555
102553
102551
102549
102547
102546
102544
102542
102540
102539
102537
102535
102533
102531
102530
102528
102526
102524
102522
102521
102519
102517
102515
102513
102511
102510
102508
102506
102504
102502
102501
102499
102497
102495
102493
102600
102596
102596
102593
102592
102589
102589
102586
102585
102583
102582
102579
102578
102576
102574
102572
102571
102569
102567
102565
102564
102562
102560
102558
102557
102555
102553
102551
102549
102547
102546
102544
102542
102540
102539
102537
102535
102533
102531
102530
102528
102526
102524
102522
102521
102519
102517
102515
102513
102511
102510
102508
102506
102504
102502
102501
102499
102497
102495
102493
102599
102596
102596
102593
102592
102589
102589
102586
102585
102583
102582
102579
102578
102576
102574
102572
102571
102569
102567
102565
102564
102562
102560
102558
102557
102555
102553
102551
102549
102547
102546
102544
102542
102540
102539
102537
102535
102533
102531
102530
102528
102526
102524
102522
102521
102519
102517
102515
102513
102511
102510
102508
102506
102504
102502
102501
102499
102497
102495
102493
102599
102596
102596
102593
102592
102589
102589
102586
102585
102583
102582
102579
102578
102576
102574
102572
102571
102569
102567
102565
102564
102562
102560
102558
102557
102555
102553
102551
102549
102547
102546
102544
102542
102540
102539
102537
102535
102533
102531
102530
102528
102526
102524
102522
102521
102519
102517
102515
102513
102511
102510
102508
102506
102504
102502
102501
102499
102497
102495
102493
102599
102596
102596
102593
102592
102589
102589
102586
102585
102583
102582
102579
102578
102576
102574
102572
102571
102569
102567
102565
102564
102562
102560
102558
102557
102555
102553
102551
102549
102547
102546
102544
102542
102540
102539
102537
102535
102533
102531
102530
102528
102526
102524
102522
102521
102519
102517
102515
102513
102511
102510
102508
102506
102504
102502
102501
102499
102497
102495
102493
102599
102596
102596
102593
102592
102589
102589
102586
102585
102583
102582
102579
102578
102576
102574
102572
102571
102569
102567
102565
102564
102562
102560
102558
102557
102555
102553
102551
102549
102547
102546
102544
102542
102540
102539
102537
102535
102533
102531
102530
102528
102526
102524
102522
102521
102519
102517
102515
102513
102511
102510
102508
102506
102504
102502
102501
102499
102497
102495
102493
102599
102596
102596
102593
102592
102589
102589
102586
102585
102583
102582
102579
102578
102576
102574
102572
102571
102569
102567
102565
102564
102562
102560
102558
102557
102555
102553
102551
102549
102547
102546
102544
102542
102540
102539
102537
102535
102533
102531
102530
102528
102526
102524
102522
102521
102519
102517
102515
102513
102511
102510
102508
102506
102504
102502
102501
102499
102497
102495
102493
102599
102596
102596
102593
102592
102589
102589
102586
102585
102583
102582
102579
102578
102576
102574
102572
102571
102569
102567
102565
102564
102562
102560
102558
102557
102555
102553
102551
102549
102547
102546
102544
102542
102540
102539
102537
102535
102533
102531
102530
102528
102526
102524
102522
102521
102519
102517
102515
102513
102511
102510
102508
102506
102504
102502
102501
102499
102497
102495
102493
102600
102596
102596
102593
102592
102589
102589
102586
102585
102583
102582
102579
102578
102576
102574
102572
102571
102569
102567
102565
102564
102562
102560
102558
102557
102555
102553
102551
102549
102547
102546
102544
102542
102540
102539
102537
102535
102533
102531
102530
102528
102526
102524
102522
102521
102519
102517
102515
102513
102511
102510
102508
102506
102504
102502
102501
102499
102497
102495
102493
102600
102596
102596
102593
102592
102589
102589
102586
102585
102583
102582
102579
102578
102576
102574
102572
102571
102569
102567
102565
102564
102562
102560
102558
102557
102555
102553
102551
102549
102547
102546
102544
102542
102540
102539
102537
102535
102533
102531
102530
102528
102526
102524
102522
102521
102519
102517
102515
102513
102511
102510
102508
102506
102504
102502
102501
102499
102497
102495
102493
102600
102596
102596
102593
102592
102589
102589
102586
102585
102583
102582
102579
102578
102576
102574
102572
102571
102569
102567
102565
102564
102562
102560
102558
102557
102555
102553
102551
102549
102547
102546
102544
102542
102540
102539
102537
102535
102533
102531
102530
102528
102526
102524
102522
102521
102519
102517
102515
102513
102511
102510
102508
102506
102504
102502
102501
102499
102497
102495
102494
102600
102596
102596
102593
102592
102589
102589
102586
102585
102583
102582
102579
102578
102576
102574
102572
102571
102569
102567
102565
102564
102562
102560
102558
102557
102555
102553
102551
102549
102547
102546
102544
102542
102540
102539
102537
102535
102533
102531
102530
102528
102526
102524
102522
102521
102519
102517
102515
102513
102511
102510
102508
102506
102504
102502
102501
102499
102497
102495
102494
102600
102596
102596
102593
102592
102589
102589
102586
102585
102583
102582
102579
102578
102576
102574
102572
102571
102569
102567
102565
102564
102562
102560
102558
102557
102555
102553
102551
102549
102547
102546
102544
102542
102540
102539
102537
102535
102533
102531
102530
102528
102526
102524
102522
102521
102519
102517
102515
102513
102511
102510
102508
102506
102504
102502
102501
102499
102497
102495
102493
102600
102596
102596
102593
102592
102589
102589
102586
102585
102583
102582
102579
102578
102576
102574
102572
102571
102569
102567
102565
102564
102562
102560
102558
102557
102555
102553
102551
102549
102547
102546
102544
102542
102540
102539
102537
102535
102533
102531
102530
102528
102526
102524
102522
102521
102519
102517
102515
102513
102511
102510
102508
102506
102504
102502
102501
102499
102497
102495
102493
102599
102596
102596
102593
102592
102589
102589
102586
102585
102583
102582
102579
102578
102576
102574
102572
102571
102569
102567
102565
102564
102562
102560
102558
102557
102555
102553
102551
102549
102547
102546
102544
102542
102540
102539
102537
102535
102533
102531
102530
102528
102526
102524
102522
102521
102519
102517
102515
102513
102511
102510
102508
102506
102504
102502
102501
102499
102497
102495
102493
102599
102596
102596
102593
102592
102589
102589
102586
102585
102583
102582
102579
102578
102576
102574
102572
102571
102569
102567
102565
102564
102562
102560
102558
102557
102555
102553
102551
102549
102547
102546
102544
102542
102540
102539
102537
102535
102533
102531
102530
102528
102526
102524
102522
102521
102519
102517
102515
102513
102511
102510
102508
102506
102504
102502
102501
102499
102497
102495
102493
102599
102596
102596
102593
102592
102589
102589
102586
102585
102583
102582
102579
102578
102576
102574
102572
102571
102569
102567
102565
102564
102562
102560
102558
102557
102555
102553
102551
102549
102547
102546
102544
102542
102540
102539
102537
102535
102533
102531
102530
102528
102526
102524
102522
102521
102519
102517
102515
102513
102511
102510
102508
102506
102504
102502
102501
102499
102497
102495
102493
102599
102596
102596
102593
102592
102589
102589
102586
102585
102583
102582
102579
102578
102576
102574
102572
102571
102569
102567
102565
102564
102562
102560
102558
102557
102555
102553
102551
102549
102547
102546
102544
102542
102540
102539
102537
102535
102533
102531
102530
102528
102526
102524
102522
102521
102519
102517
102515
102513
102511
102510
102508
102506
102504
102502
102501
102499
102497
102495
102493
102599
102596
102596
102593
102592
102589
102589
102586
102585
102583
102582
102579
102578
102576
102574
102572
102571
102569
102567
102565
102564
102562
102560
102558
102557
102555
102553
102551
102549
102547
102546
102544
102542
102540
102539
102537
102535
102533
102531
102530
102528
102526
102524
102522
102521
102519
102517
102515
102513
102511
102510
102508
102506
102504
102502
102501
102499
102497
102495
102493
102599
102596
102596
102593
102592
102589
102589
102586
102585
102583
102582
102579
102578
102576
102574
102572
102571
102569
102567
102565
102564
102562
102560
102558
102557
102555
102553
102551
102549
102547
102546
102544
102542
102540
102539
102537
102535
102533
102531
102530
102528
102526
102524
102522
102521
102519
102517
102515
102513
102511
102510
102508
102506
102504
102502
102501
102499
102497
102495
102493
102600
102596
102596
102593
102592
102589
102589
102586
102585
102583
102582
102579
102578
102576
102574
102572
102571
102569
102567
102565
102564
102562
102560
102558
102557
102555
102553
102551
102549
102547
102546
102544
102542
102540
102539
102537
102535
102533
102531
102530
102528
102526
102524
102522
102521
102519
102517
102515
102513
102511
102510
102508
102506
102504
102502
102501
102499
102497
102495
102493
102600
102596
102596
102593
102592
102589
102589
102586
102585
102583
102582
102579
102578
102576
102574
102572
102571
102569
102567
102565
102564
102562
102560
102558
102557
102555
102553
102551
102549
102547
102546
102544
102542
102540
102539
102537
102535
102533
102531
102530
102528
102526
102524
102522
102521
102519
102517
102515
102513
102511
102510
102508
102506
102504
102502
102501
102499
102497
102495
102493
102600
102596
102596
102593
102592
102589
102589
102586
102585
102583
102582
102579
102578
102576
102574
102572
102571
102569
102567
102565
102564
102562
102560
102558
102557
102555
102553
102551
102549
102547
102546
102544
102542
102540
102539
102537
102535
102533
102531
102530
102528
102526
102524
102522
102521
102519
102517
102515
102513
102511
102510
102508
102506
102504
102502
102501
102499
102497
102495
102494
102610
102610
102606
102605
102603
102602
102599
102598
102595
102594
102592
102590
102588
102587
102585
102583
102581
102580
102578
102576
102574
102572
102571
102569
102567
102565
102564
102562
102560
102558
102557
102555
102553
102551
102550
102548
102546
102544
102543
102541
102539
102537
102536
102534
102532
102530
102529
102527
102525
102523
102522
102520
102518
102517
102515
102513
102511
102510
102508
102507
102614
102613
102610
102609
102607
102606
102603
102602
102600
102598
102596
102594
102592
102591
102589
102587
102585
102584
102582
102580
102578
102576
102575
102573
102571
102569
102568
102566
102564
102562
102561
102559
102557
102555
102554
102552
102550
102548
102547
102545
102543
102541
102540
102538
102536
102534
102533
102531
102529
102527
102526
102524
102522
102521
102519
102517
102516
102514
102513
102511
102611
102610
102607
102606
102603
102602
102600
102599
102596
102595
102593
102591
102589
102588
102586
102584
102582
102580
102579
102577
102575
102573
102572
102570
102568
102566
102564
102563
102561
102559
102557
102556
102554
102552
102550
102549
102547
102545
102543
102542
102540
102538
102536
102535
102533
102531
102530
102528
102526
102524
102523
102521
102519
102518
102516
102514
102512
102511
102508
102507
102613
102612
102609
102609
102606
102605
102602
102601
102599
102597
102595
102594
102592
102590
102588
102586
102585
102583
102581
102579
102577
102576
102574
102572
102570
102569
102567
102565
102563
102561
102560
102558
102556
102554
102553
102551
102549
102547
102546
102544
102542
102541
102539
102537
102535
102534
102532
102530
102528
102527
102525
102523
102522
102520
102518
102516
102515
102513
102512
102510
102611
102611
102608
102607
102604
102603
102601
102599
102597
102596
102594
102592
102590
102588
102586
102585
102583
102581
102579
102578
102576
102574
102572
102571
102569
102567
102565
102563
102562
102560
102558
102556
102555
102553
102551
102549
102548
102546
102544
102542
102541
102539
102537
102535
102534
102532
102530
102529
102527
102525
102523
102522
102520
102518
102517
102515
102513
102511
102509
102508
102612
102611
102609
102608
102605
102604
102602
102600
102598
102596
102594
102593
102591
102589
102587
102586
102584
102582
102580
102578
102577
102575
102573
102571
102570
102568
102566
102564
102563
102561
102559
102557
102555
102554
102552
102550
102548
102547
102545
102543
102541
102540
102538
102536
102535
102533
102531
102529
102528
102526
102524
102522
102521
102519
102517
102516
102514
102512
102511
102509
102612
102611
102609
102608
102605
102604
102602
102600
102598
102596
102594
102593
102591
102589
102587
102586
102584
102582
102580
102578
102577
102575
102573
102571
102570
102568
102566
102564
102563
102561
102559
102557
102555
102554
102552
102550
102548
102547
102545
102543
102541
102540
102538
102536
102535
102533
102531
102529
102528
102526
102524
102522
102521
102519
102517
102516
102514
102512
102511
102509
102611
102611
102608
102607
102604
102603
102601
102599
102597
102596
102594
102592
102590
102588
102586
102585
102583
102581
102579
102578
102576
102574
102572
102571
102569
102567
102565
102563
102562
102560
102558
102556
102555
102553
102551
102549
102548
102546
102544
102542
102541
102539
102537
102535
102534
102532
102530
102529
102527
102525
102523
102522
102520
102518
102517
102515
102513
102511
102509
102508
102613
102612
102609
102609
102606
102605
102602
102601
102599
102597
102595
102594
102592
102590
102588
102586
102585
102583
102581
102579
102577
102576
102574
102572
102570
102569
102567
102565
102563
102561
102560
102558
102556
102554
102553
102551
102549
102547
102546
102544
102542
102541
102539
102537
102535
102534
102532
102530
102528
102527
102525
102523
102522
102520
102518
102516
102515
102513
102512
102510
102611
102610
102607
102606
102603
102602
102600
102599
102596
102595
102593
102591
102589
102588
102586
102584
102582
102580
102579
102577
102575
102573
102572
102570
102568
102566
102564
102563
102561
102559
102557
102556
102554
102552
102550
102549
102547
102545
102543
102542
102540
102538
102536
102535
102533
102531
102530
102528
102526
102524
102523
102521
102519
102518
102516
102514
102512
102511
102508
102507
102614
102613
102610
102609
102607
102606
102603
102602
102600
102598
102596
102594
102592
102591
102589
102587
102585
102584
102582
102580
102578
102576
102575
102573
102571
102569
102568
102566
102564
102562
102561
102559
102557
102555
102554
102552
102550
102548
102547
102545
102543
102541
102540
102538
102536
102534
102533
102531
102529
102527
102526
102524
102522
102521
102519
102517
102516
102514
102513
102511
102610
102610
102606
102605
102603
102602
102599
102598
102595
102594
102592
102590
102588
102587
102585
102583
102581
102580
102578
102576
102574
102572
102571
102569
102567
102565
102564
102562
102560
102558
102557
102555
102553
102551
102550
102548
102546
102544
102543
102541
102539
102537
102536
102534
102532
102530
102529
102527
102525
102523
102522
102520
102518
102517
102515
102513
102511
102510
102508
102507
102632
102623
102625
102619
102620
102615
102616
102611
102611
102607
102607
102604
102603
102600
102599
102596
102595
102592
102591
102589
102588
102585
102584
102581
102580
102578
102576
102574
102572
102570
102568
102566
102565
102562
102561
102559
102557
102555
102553
102551
102549
102547
102546
102544
102542
102540
102538
102536
102534
102533
102531
102529
102527
102525
102523
102521
102520
102518
102516
102514
102625
102618
102620
102614
102615
102610
102611
102606
102607
102602
102603
102599
102599
102595
102595
102592
102591
102588
102587
102584
102583
102580
102579
102577
102575
102573
102571
102569
102568
102565
102564
102562
102560
102558
102556
102554
102552
102550
102549
102547
102545
102543
102541
102539
102537
102535
102533
102532
102530
102528
102526
102524
102522
102520
102518
102517
102515
102513
102511
102509
102628
102621
102623
102617
102618
102613
102614
102609
102610
102605
102605
102602
102601
102598
102597
102594
102593
102591
102589
102587
102586
102583
102582
102579
102578
102576
102574
102572
102570
102568
102566
102564
102563
102561
102559
102557
102555
102553
102551
102549
102547
102546
102544
102542
102540
102538
102536
102534
102532
102531
102529
102527
102525
102523
102521
102519
102518
102516
102514
102512
102625
102618
102620
102614
102616
102611
102612
102607
102607
102603
102603
102599
102599
102596
102595
102592
102591
102588
102587
102585
102584
102581
102580
102577
102576
102574
102572
102570
102568
102566
102564
102562
102561
102558
102557
102555
102553
102551
102549
102547
102545
102543
102542
102540
102538
102536
102534
102532
102530
102529
102527
102525
102523
102521
102519
102517
102515
102513
102511
102509
102626
102620
102622
102616
102618
102612
102613
102608
102609
102605
102605
102601
102601
102597
102597
102594
102593
102590
102589
102586
102585
102582
102581
102579
102577
102575
102573
102571
102570
102567
102566
102564
102562
102560
102558
102556
102554
102552
102551
102549
102547
102545
102543
102541
102539
102537
102535
102534
102532
102530
102528
102526
102524
102522
102520
102519
102517
102515
102513
102511
102625
102619
102621
102615
102617
102611
102612
102608
102608
102604
102604
102600
102600
102597
102596
102593
102592
102589
102588
102585
102584
102582
102580
102578
102577
102574
102573
102570
102569
102567
102565
102563
102561
102559
102557
102555
102554
102552
102550
102548
102546
102544
102542
102540
102539
102537
102535
102533
102531
102529
102527
102525
102523
102522
102520
102518
102516
102514
102512
102510
102625
102619
102621
102615
102617
102611
102612
102608
102608
102604
102604
102600
102600
102597
102596
102593
102592
102589
102588
102585
102584
102582
102580
102578
102577
102574
102573
102570
102569
102567
102565
102563
102561
102559
102557
102555
102554
102552
102550
102548
102546
102544
102542
102540
102539
102537
102535
102533
102531
102529
102527
102525
102523
102522
102520
102518
102516
102514
102512
102510
102626
102620
102622
102616
102618
102612
102613
102608
102609
102605
102605
102601
102601
102597
102597
102594
102593
102590
102589
102586
102585
102582
102581
102579
102577
102575
102573
102571
102570
102567
102566
102564
102562
102560
102558
102556
102554
102552
102551
102549
102547
102545
102543
102541
102539
102537
102535
102534
102532
102530
102528
102526
102524
102522
102520
102519
102517
102515
102513
102511
102625
102618
102620
102614
102616
102611
102612
102607
102607
102603
102603
102599
102599
102596
102595
102592
102591
102588
102587
102585
102584
102581
102580
102577
102576
102574
102572
102570
102568
102566
102564
102562
102561
102558
102557
102555
102553
102551
102549
102547
102545
102543
102542
102540
102538
102536
102534
102532
102530
102529
102527
102525
102523
102521
102519
102517
102515
102513
102511
102509
102628
102621
102623
102617
102618
102613
102614
102609
102610
102605
102605
102602
102601
102598
102597
102594
102593
102591
102589
102587
102586
102583
102582
102579
102578
102576
102574
102572
102570
102568
102566
102564
102563
102561
102559
102557
102555
102553
102551
102549
102547
102546
102544
102542
102540
102538
102536
102534
102532
102531
102529
102527
102525
102523
102521
102519
102518
102516
102514
102512
102625
102618
102620
102614
102615
102610
102611
102606
102607
102602
102603
102599
102599
102595
102595
102592
102591
102588
102587
102584
102583
102580
102579
102577
102575
102573
102571
102569
102568
102565
102564
102562
102560
102558
102556
102554
102552
102550
102549
102547
102545
102543
102541
102539
102537
102535
102533
102532
102530
102528
102526
102524
102522
102520
102518
102517
102515
102513
102511
102509
102632
102623
102625
102619
102620
102615
102616
102611
102611
102607
102607
102604
102603
102600
102599
102596
102595
102592
102591
102589
102588
102585
102584
102581
102580
102578
102576
102574
102572
102570
102568
102566
102565
102562
102561
102559
102557
102555
102553
102551
102549
102547
102546
102544
102542
102540
102538
102536
102534
102533
102531
102529
102527
102525
102523
102521
102520
102518
102516
102514
102530
102478
102450
102401
102373
102326
102298
102252
102224
102180
102151
102108
102079
102038
102008
101967
101938
101898
101868
101829
101799
101760
101730
101693
101662
101626
101595
101559
101529
101493
101461
101426
101394
101357
101324
101285
101249
101208
101169
101123
101079
101029
100982
100931
100880
100829
100777
100727
100677
100628
100578
100526
100474
100421
100367
100317
100264
100215
100162
100109
102485
102432
102404
102355
102327
102280
102252
102207
102179
102134
102106
102063
102034
101992
101962
101921
101892
101852
101822
101783
101753
101715
101685
101647
101617
101580
101550
101514
101483
101447
101416
101380
101349
101312
101278
101239
101204
101162
101124
101078
101034
100984
100936
100886
100835
100784
100732
100682
100632
100583
100533
100482
100429
100376
100322
100272
100219
100170
100117
100064
102509
102457
102429
102379
102352
102304
102277
102231
102203
102159
102130
102087
102058
102016
101987
101946
101916
101876
101846
101807
101777
101739
101709
101672
101641
101604
101574
101538
101507
101471
101440
101404
101373
101336
101303
101263
101228
101186
101148
101101
101058
101008
100960
100910
100859
100808
100756
100706
100656
100607
100557
100505
100453
100400
100346
100296
100243
100194
100141
100088
102490
102437
102409
102359
102332
102284
102257
102211
102183
102139
102110
102067
102038
101996
101967
101926
101896
101857
101827
101788
101757
101719
101689
101652
101621
101585
101554
101518
101488
101452
101420
101385
101353
101316
101283
101244
101209
101167
101128
101082
101038
100988
100941
100890
100840
100789
100736
100686
100636
100587
100538
100486
100433
100381
100327
100277
100224
100174
100121
100069
102502
102449
102422
102372
102345
102297
102269
102224
102196
102152
102123
102080
102051
102009
101980
101939
101909
101869
101839
101800
101770
101732
101702
101665
101634
101597
101567
101531
101500
101464
101433
101397
101366
101329
101295
101256
101221
101179
101141
101094
101051
101001
100953
100903
100852
100801
100749
100699
100649
100599
100550
100498
100446
100393
100339
100289
100236
100186
100133
100081
102496
102443
102415
102366
102338
102291
102263
102217
102189
102145
102116
102073
102045
102003
101973
101932
101903
101863
101833
101794
101764
101726
101696
101658
101628
101591
101561
101525
101494
101458
101427
101391
101359
101323
101289
101250
101215
101173
101134
101088
101044
100994
100947
100896
100846
100795
100742
100693
100642
100593
100544
100492
100440
100387
100333
100283
100230
100180
100127
100075
102496
102443
102416
102366
102338
102291
102263
102218
102189
102145
102117
102074
102045
102003
101973
101932
101903
101863
101833
101794
101764
101726
101696
101658
101628
101591
101561
101525
101494
101458
101427
101391
101360
101323
101289
101250
101215
101173
101135
101088
101044
100995
100947
100896
100846
100795
100742
100693
100642
100593
100544
100492
100440
100387
100333
100283
100230
100180
100127
100075
102502
102449
102422
102372
102345
102297
102269
102224
102196
102151
102123
102080
102051
102009
101979
101938
101909
101869
101839
101800
101770
101732
101702
101664
101634
101597
101567
101531
101500
101464
101433
101397
101366
101329
101295
101256
101221
101179
101141
101094
101050
101001
100953
100902
100852
100801
100749
100699
100648
100599
100550
100498
100446
100393
100339
100289
100236
100186
100133
100081
102490
102437
102409
102359
102332
102284
102257
102211
102183
102139
102110
102067
102038
101996
101967
101926
101896
101857
101827
101788
101758
101719
101689
101652
101621
101585
101554
101519
101488
101452
101420
101385
101353
101316
101283
101244
101209
101167
101128
101082
101038
100988
100941
100890
100840
100789
100736
100687
100636
100587
100538
100486
100434
100381
100327
100277
100224
100174
100121
100069
102509
102456
102429
102379
102352
102304
102277
102231
102203
102159
102130
102087
102058
102016
101987
101946
101916
101876
101846
101807
101777
101739
101709
101672
101641
101604
101574
101538
101507
101471
101440
101404
101373
101336
101302
101263
101228
101186
101148
101101
101058
101008
100960
100910
100859
100808
100756
100706
100656
100606
100557
100505
100453
100400
100346
100296
100243
100193
100140
100088
102485
102432
102404
102355
102327
102280
102252
102207
102179
102134
102106
102063
102034
101992
101962
101922
101892
101852
101822
101783
101753
101715
101685
101648
101617
101580
101550
101514
101483
101447
101416
101380
101349
101312
101279
101239
101204
101162
101124
101078
101034
100984
100936
100886
100835
100784
100732
100682
100632
100583
100533
100482
100429
100376
100322
100272
100219
100170
100117
100064
102530
102478
102450
102400
102373
102326
102298
102252
102224
102180
102151
102108
102079
102037
102008
101967
101937
101898
101868
101829
101798
101760
101730
101693
101662
101626
101595
101559
101529
101492
101461
101425
101394
101357
101324
101284
101249
101207
101169
101123
101079
101029
100981
100931
100880
100829
100777
100727
100677
100628
100578
100526
100474
100421
100367
100317
100264
100214
100161
100109
102465
102415
102392
102345
102319
102273
102246
102201
102173
102130
102101
102059
102030
101988
101959
101918
101888
101848
101819
101779
101749
101711
101681
101644
101613
101576
101546
101510
101479
101443
101412
101376
101345
101308
101274
101235
101200
101158
101120
101073
101029
100980
100932
100881
100831
100779
100727
100677
100627
100578
100528
100477
100424
100371
100317
100267
100214
100165
100111
100059
102508
102459
102435
102388
102362
102316
102289
102245
102217
102173
102145
102102
102073
102031
102002
101961
101931
101892
101862
101823
101792
101754
101724
101687
101656
101620
101589
101553
101522
101486
101455
101419
101388
101351
101317
101278
101243
101201
101163
101116
101072
101022
100975
100924
100873
100822
100770
100720
100670
100621
100571
100519
100467
100414
100360
100310
100257
100207
100154
100101
102476
102426
102403
102355
102330
102284
102257
102212
102184
102141
102112
102069
102041
101999
101969
101929
101899
101859
101829
101790
101760
101722
101692
101654
101624
101587
101557
101521
101490
101454
101423
101387
101356
101319
101285
101246
101211
101169
101130
101084
101040
100990
100943
100892
100841
100790
100738
100688
100638
100589
100539
100487
100435
100382
100328
100278
100225
100175
100122
100069
102499
102450
102427
102380
102354
102308
102281
102236
102209
102165
102136
102094
102065
102023
101994
101953
101923
101883
101853
101814
101784
101746
101716
101679
101648
101611
101581
101545
101514
101478
101447
101411
101380
101343
101309
101270
101235
101193
101154
101108
101064
101014
100966
100916
100865
100814
100762
100712
100661
100612
100563
100511
100458
100405
100352
100301
100248
100199
100146
100093
102484
102435
102411
102364
102338
102292
102265
102220
102193
102149
102120
102078
102049
102007
101978
101937
101907
101867
101838
101798
101768
101730
101700
101663
101632
101595
101565
101529
101498
101462
101431
101395
101364
101327
101293
101254
101219
101177
101138
101092
101048
100998
100951
100900
100849
100798
100746
100696
100646
100597
100547
100495
100443
100390
100336
100286
100233
100183
100130
100077
102492
102442
102419
102372
102346
102300
102273
102228
102201
102157
102128
102086
102057
102015
101986
101945
101915
101875
101845
101806
101776
101738
101708
101671
101640
101603
101573
101537
101506
101470
101439
101403
101372
101335
101301
101262
101227
101185
101146
101100
101056
101006
100959
100908
100857
100806
100754
100704
100654
100604
100555
100503
100451
100398
100344
100294
100241
100191
100138
100085
102492
102442
102419
102372
102346
102300
102273
102228
102200
102157
102128
102086
102057
102015
101986
101945
101915
101875
101845
101806
101776
101738
101708
101671
101640
101603
101573
101537
101506
101470
101439
101403
101372
101335
101301
101262
101227
101185
101146
101100
101056
101006
100959
100908
100857
100806
100754
100704
100654
100604
100555
100503
100451
100398
100344
100294
100241
100191
100138
100085
102484
102435
102411
102364
102338
102292
102265
102220
102193
102149
102120
102078
102049
102007
101978
101937
101907
101867
101838
101799
101768
101730
101700
101663
101632
101595
101565
101529
101498
101462
101431
101395
101364
101327
101293
101254
101219
101177
101139
101092
101048
100998
100951
100900
100849
100798
100746
100696
100646
100597
100547
100495
100443
100390
100336
100286
100233
100183
100130
100077
102499
102450
102427
102380
102354
102308
102281
102236
102208
102165
102136
102093
102065
102023
101993
101953
101923
101883
101853
101814
101784
101746
101716
101678
101648
101611
101581
101545
101514
101478
101447
101411
101379
101343
101309
101270
101235
101193
101154
101108
101064
101014
100966
100916
100865
100814
100761
100712
100661
100612
100563
100511
100458
100405
100352
100301
100248
100199
100145
100093
102476
102426
102403
102355
102330
102284
102257
102212
102184
102141
102112
102069
102041
101999
101969
101929
101899
101859
101829
101790
101760
101722
101692
101655
101624
101587
101557
101521
101490
101454
101423
101387
101356
101319
101285
101246
101211
101169
101130
101084
101040
100990
100943
100892
100841
100790
100738
100688
100638
100589
100539
100487
100435
100382
100328
100278
100225
100175
100122
100069
102508
102459
102435
102388
102362
102316
102289
102244
102217
102173
102145
102102
102073
102031
102002
101961
101931
101891
101862
101823
101792
101754
101724
101687
101656
101619
101589
101553
101522
101486
101455
101419
101388
101351
101317
101278
101243
101201
101162
101116
101072
101022
100975
100924
100873
100822
100770
100720
100670
100620
100571
100519
100467
100414
100360
100310
100257
100207
100154
100101
102465
102415
102392
102345
102319
102273
102246
102201
102173
102130
102101
102059
102030
101988
101959
101918
101888
101848
101818
101779
101749
101711
101681
101644
101613
101576
101546
101510
101479
101443
101412
101376
101345
101308
101274
101235
101200
101158
101120
101073
101029
100979
100932
100881
100830
100779
100727
100677
100627
100578
100528
100477
100424
100371
100317
100267
100214
100165
100111
100059
102478
102434
102409
102364
102339
102294
102268
102224
102196
102153
102125
102083
102054
102012
101983
101942
101913
101873
101843
101804
101774
101736
101706
101668
101637
101601
101570
101534
101504
101467
101436
101400
101369
101332
101298
101259
101224
101182
101143
101097
101053
101003
100955
100904
100854
100803
100750
100700
100650
100601
100551
100499
100447
100394
100340
100289
100236
100187
100133
100081
102478
102434
102409
102364
102339
102294
102268
102224
102196
102153
102125
102083
102054
102012
101983
101942
101913
101873
101843
101804
101774
101736
101706
101668
101637
101601
101570
101534
101504
101467
101436
101400
101369
101332
101298
101259
101224
101182
101143
101097
101053
101003
100955
100905
100854
100803
100750
100700
100650
100601
100551
100499
100447
100394
100340
100289
100236
100187
100133
100081
102478
102434
102409
102364
102338
102294
102268
102224
102196
102153
102125
102082
102054
102012
101983
101942
101912
101873
101843
101804
101774
101735
101705
101668
101637
101601
101570
101534
101503
101467
101436
101400
101369
101332
101298
101259
101224
101182
101143
101097
101053
101003
100955
100904
100854
100802
100750
100700
100650
100601
100551
100499
100447
100394
100340
100289
100236
100187
100133
100081
102478
102434
102409
102364
102339
102294
102268
102224
102196
102153
102125
102083
102054
102012
101983
101942
101913
101873
101843
101804
101774
101736
101706
101668
101637
101601
101570
101534
101504
101467
101436
101400
101369
101332
101298
101259
101224
101182
101143
101097
101053
101003
100955
100904
100854
100803
100750
100700
100650
100601
100551
100499
100447
100394
100340
100289
100236
100187
100133
100081
102478
102434
102409
102364
102338
102294
102268
102224
102196
102153
102125
102082
102054
102012
101983
101942
101912
101873
101843
101804
101774
101735
101705
101668
101637
101601
101570
101534
101503
101467
101436
101400
101369
101332
101298
101259
101224
101182
101143
101097
101053
101003
100955
100904
100854
100802
100750
100700
100650
100601
100551
100499
100447
100394
100340
100289
100236
100187
100133
100081
102478
102434
102409
102364
102339
102294
102268
102224
102196
102153
102125
102083
102054
102012
101983
101942
101912
101873
101843
101804
101774
101736
101705
101668
101637
101601
101570
101534
101503
101467
101436
101400
101369
101332
101298
101259
101224
101182
101143
101097
101053
101003
100955
100904
100854
100803
100750
100700
100650
100601
100551
100499
100447
100394
100340
100289
100236
100187
100133
100081
102478
102434
102409
102364
102339
102294
102268
102224
102196
102153
102125
102083
102054
102012
101983
101942
101912
101873
101843
101804
101774
101735
101705
101668
101637
101601
101570
101534
101503
101467
101436
101400
101369
101332
101298
101259
101224
101182
101143
101097
101053
101003
100955
100904
100854
100802
100750
100700
100650
100601
100551
100499
100447
100394
100340
100289
100236
100187
100133
100081
102478
102434
102409
102364
102338
102294
102268
102224
102196
102153
102125
102082
102054
102012
101983
101942
101912
101873
101843
101804
101774
101735
101705
101668
101637
101601
101570
101534
101503
101467
101436
101400
101369
101332
101298
101259
101224
101182
101143
101097
101053
101003
100955
100904
100854
100802
100750
100700
100650
100601
100551
100499
100447
100394
100340
100289
100236
100187
100133
100081
102478
102434
102409
102364
102339
102294
102268
102224
102196
102153
102125
102083
102054
102012
101983
101942
101913
101873
101843
101804
101774
101736
101705
101668
101637
101601
101570
101534
101504
101467
101436
101400
101369
101332
101298
101259
101224
101182
101143
101097
101053
101003
100955
100904
100854
100803
100750
100700
100650
100601
100551
100499
100447
100394
100340
100289
100236
100187
100133
100081
102478
102434
102409
102364
102338
102294
102267
102224
102196
102153
102125
102082
102054
102012
101983
101942
101912
101873
101843
101804
101774
101735
101705
101668
101637
101600
101570
101534
101503
101467
101436
101400
101369
101332
101298
101259
101224
101182
101143
101097
101053
101003
100955
100904
100854
100802
100750
100700
100650
100601
100551
100499
100447
100394
100340
100289
100236
100187
100133
100080
102478
102434
102409
102364
102339
102294
102268
102224
102196
102153
102125
102083
102054
102012
101983
101942
101912
101873
101843
101804
101774
101736
101705
101668
101637
101601
101570
101534
101503
101467
101436
101400
101369
101332
101298
101259
101224
101182
101143
101097
101053
101003
100955
100904
100854
100803
100750
100700
100650
100601
100551
100499
100447
100394
100340
100289
100236
100187
100133
100081
102478
102434
102409
102364
102338
102294
102268
102224
102196
102153
102125
102082
102054
102012
101983
101942
101912
101873
101843
101804
101774
101735
101705
101668
101637
101601
101570
101534
101503
101467
101436
101400
101369
101332
101298
101259
101224
101182
101143
101097
101053
101003
100955
100904
100854
100802
100750
100700
100650
100601
100551
100499
100447
100394
100340
100289
100236
100187
100133
100081
102478
102434
102409
102364
102339
102294
102268
102224
102196
102153
102125
102083
102054
102012
101983
101942
101913
101873
101843
101804
101774
101736
101706
101668
101637
101601
101570
101534
101504
101467
101436
101400
101369
101332
101298
101259
101224
101182
101143
101097
101053
101003
100955
100904
100854
100803
100750
100700
100650
100601
100551
100499
100447
100394
100340
100289
100236
100187
100133
100081
102478
102434
102409
102364
102339
102294
102268
102224
102196
102153
102125
102083
102054
102012
101983
101942
101913
101873
101843
101804
101774
101736
101706
101668
101637
101601
101570
101534
101504
101467
101436
101400
101369
101332
101298
101259
101224
101182
101143
101097
101053
101003
100955
100905
100854
100803
100750
100700
100650
100601
100551
100499
100447
100394
100340
100289
100236
100187
100133
100081
102478
102434
102409
102364
102338
102294
102268
102224
102196
102153
102125
102082
102054
102012
101983
101942
101912
101873
101843
101804
101774
101735
101705
101668
101637
101601
101570
101534
101503
101467
101436
101400
101369
101332
101298
101259
101224
101182
101143
101097
101053
101003
100955
100904
100854
100802
100750
100700
100650
100601
100551
100499
100447
100394
100340
100289
100236
100187
100133
100081
102478
102434
102409
102364
102339
102294
102268
102224
102196
102153
102125
102083
102054
102012
101983
101942
101913
101873
101843
101804
101774
101736
101706
101668
101637
101601
101570
101534
101504
101467
101436
101400
101369
101332
101298
101259
101224
101182
101143
101097
101053
101003
100955
100904
100854
100803
100750
100700
100650
100601
100551
100499
100447
100394
100340
100289
100236
100187
100133
100081
102478
102434
102409
102364
102338
102294
102268
102224
102196
102153
102125
102082
102054
102012
101983
101942
101912
101873
101843
101804
101774
101735
101705
101668
101637
101601
101570
101534
101503
101467
101436
101400
101369
101332
101298
101259
101224
101182
101143
101097
101053
101003
100955
100904
100854
100802
100750
100700
100650
100601
100551
100499
100447
100394
100340
100289
100236
100187
100133
100081
102478
102434
102409
102364
102339
102294
102268
102224
102196
102153
102125
102083
102054
102012
101983
101942
101912
101873
101843
101804
101774
101736
101705
101668
101637
101601
101570
101534
101503
101467
101436
101400
101369
101332
101298
101259
101224
101182
101143
101097
101053
101003
100955
100904
100854
100803
100750
100700
100650
100601
100551
100499
100447
100394
100340
100289
100236
100187
100133
100081
102478
102434
102409
102364
102339
102294
102268
102224
102196
102153
102125
102083
102054
102012
101983
101942
101912
101873
101843
101804
101774
101735
101705
101668
101637
101601
101570
101534
101503
101467
101436
101400
101369
101332
101298
101259
101224
101182
101143
101097
101053
101003
100955
100904
100854
100803
100750
100700
100650
100601
100551
100499
100447
100394
100340
100289
100236
100187
100133
100081
102478
102434
102409
102364
102338
102294
102268
102224
102196
102153
102125
102082
102054
102012
101983
101942
101912
101873
101843
101804
101774
101735
101705
101668
101637
101601
101570
101534
101503
101467
101436
101400
101369
101332
101298
101259
101224
101182
101143
101097
101053
101003
100955
100904
100854
100802
100750
100700
100650
100601
100551
100499
100447
100394
100340
100289
100236
100187
100133
100081
102478
102434
102409
102364
102339
102294
102268
102224
102196
102153
102125
102083
102054
102012
101983
101942
101913
101873
101843
101804
101774
101736
101705
101668
101637
101601
101570
101534
101504
101467
101436
101400
101369
101332
101298
101259
101224
101182
101143
101097
101053
101003
100955
100904
100854
100803
100750
100700
100650
100601
100551
100499
100447
100394
100340
100289
100236
100187
100133
100081
102478
102434
102409
102364
102338
102294
102267
102224
102196
102153
102125
102082
102054
102012
101983
101942
101912
101873
101843
101804
101774
101735
101705
101668
101637
101600
101570
101534
101503
101467
101436
101400
101369
101332
101298
101259
101224
101182
101143
101097
101053
101003
100955
100904
100854
100802
100750
100700
100650
100601
100551
100499
100447
100394
100340
100289
100236
100187
100133
100080
102478
102434
102409
102364
102339
102294
102268
102224
102196
102153
102125
102083
102054
102012
101983
101942
101912
101873
101843
101804
101774
101736
101705
101668
101637
101601
101570
101534
101503
101467
101436
101400
101369
101332
101298
101259
101224
101182
101143
101097
101053
101003
100955
100904
100854
100803
100750
100700
100650
100601
100551
100499
100447
100394
100340
100289
100236
100187
100133
100081
102478
102434
102409
102364
102338
102294
102268
102224
102196
102153
102125
102082
102054
102012
101983
101942
101912
101873
101843
101804
101774
101735
101705
101668
101637
101601
101570
101534
101503
101467
101436
101400
101369
101332
101298
101259
101224
101182
101143
101097
101053
101003
100955
100904
100854
100802
100750
100700
100650
100601
100551
100499
100447
100394
100340
100289
100236
100187
100133
100081
102465
102415
102392
102345
102319
102273
102246
102201
102173
102130
102101
102059
102030
101988
101959
101918
101888
101848
101819
101779
101749
101711
101681
101644
101613
101576
101546
101510
101479
101443
101412
101376
101345
101308
101274
101235
101200
101158
101120
101073
101029
100980
100932
100881
100831
100779
100727
100677
100627
100578
100528
100477
100424
100371
100317
100267
100214
100165
100111
100059
102508
102459
102435
102388
102362
102316
102289
102245
102217
102173
102145
102102
102073
102031
102002
101961
101931
101892
101862
101823
101792
101754
101724
101687
101656
101620
101589
101553
101522
101486
101455
101419
101388
101351
101317
101278
101243
101201
101163
101116
101072
101022
100975
100924
100873
100822
100770
100720
100670
100621
100571
100519
100467
100414
100360
100310
100257
100207
100154
100101
102476
102426
102403
102355
102330
102284
102257
102212
102184
102141
102112
102069
102041
101999
101969
101929
101899
101859
101829
101790
101760
101722
101692
101654
101624
101587
101557
101521
101490
101454
101423
101387
101356
101319
101285
101246
101211
101169
101130
101084
101040
100990
100943
100892
100841
100790
100738
100688
100638
100589
100539
100487
100435
100382
100328
100278
100225
100175
100122
100069
102499
102450
102427
102380
102354
102308
102281
102236
102209
102165
102136
102094
102065
102023
101994
101953
101923
101883
101853
101814
101784
101746
101716
101679
101648
101611
101581
101545
101514
101478
101447
101411
101380
101343
101309
101270
101235
101193
101154
101108
101064
101014
100966
100916
100865
100814
100762
100712
100661
100612
100563
100511
100458
100405
100352
100301
100248
100199
100146
100093
102484
102435
102411
102364
102338
102292
102265
102220
102193
102149
102120
102078
102049
102007
101978
101937
101907
101867
101838
101798
101768
101730
101700
101663
101632
101595
101565
101529
101498
101462
101431
101395
101364
101327
101293
101254
101219
101177
101138
101092
101048
100998
100951
100900
100849
100798
100746
100696
100646
100597
100547
100495
100443
100390
100336
100286
100233
100183
100130
100077
102492
102442
102419
102372
102346
102300
102273
102228
102201
102157
102128
102086
102057
102015
101986
101945
101915
101875
101845
101806
101776
101738
101708
101671
101640
101603
101573
101537
101506
101470
101439
101403
101372
101335
101301
101262
101227
101185
101146
101100
101056
101006
100959
100908
100857
100806
100754
100704
100654
100604
100555
100503
100451
100398
100344
100294
100241
100191
100138
100085
102492
102442
102419
102372
102346
102300
102273
102228
102200
102157
102128
102086
102057
102015
101986
101945
101915
101875
101845
101806
101776
101738
101708
101671
101640
101603
101573
101537
101506
101470
101439
101403
101372
101335
101301
101262
101227
101185
101146
101100
101056
101006
100959
100908
100857
100806
100754
100704
100654
100604
100555
100503
100451
100398
100344
100294
100241
100191
100138
100085
102484
102435
102411
102364
102338
102292
102265
102220
102193
102149
102121
102078
102049
102007
101978
101937
101907
101867
101838
101799
101768
101730
101700
101663
101632
101595
101565
101529
101498
101462
101431
101395
101364
101327
101293
101254
101219
101177
101139
101092
101048
100998
100951
100900
100849
100798
100746
100696
100646
100597
100547
100495
100443
100390
100336
100286
100233
100183
100130
100077
102499
102450
102427
102380
102354
102308
102281
102236
102208
102165
102136
102093
102065
102023
101993
101953
101923
101883
101853
101814
101784
101746
101716
101678
101648
101611
101581
101545
101514
101478
101447
101411
101379
101343
101309
101270
101235
101193
101154
101108
101064
101014
100966
100916
100865
100814
100761
100712
100661
100612
100563
100511
100458
100405
100352
100301
100248
100199
100145
100093
102476
102426
102403
102355
102330
102284
102257
102212
102184
102141
102112
102069
102041
101999
101969
101929
101899
101859
101829
101790
101760
101722
101692
101655
101624
101587
101557
101521
101490
101454
101423
101387
101356
101319
101285
101246
101211
101169
101130
101084
101040
100990
100943
100892
100841
100790
100738
100688
100638
100589
100539
100487
100435
100382
100328
100278
100225
100175
100122
100069
102508
102459
102435
102388
102362
102316
102289
102244
102217
102173
102145
102102
102073
102031
102002
101961
101931
101891
101862
101823
101792
101754
101724
101687
101656
101619
101589
101553
101522
101486
101455
101419
101388
101351
101317
101278
101243
101201
101162
101116
101072
101022
100975
100924
100873
100822
100770
100720
100670
100620
100571
100519
100467
100414
100360
100310
100257
100207
100154
100101
102465
102415
102392
102345
102319
102273
102246
102201
102173
102130
102101
102059
102030
101988
101959
101918
101888
101848
101818
101779
101749
101711
101681
101644
101613
101576
101546
101510
101479
101443
101412
101376
101345
101308
101274
101235
101200
101158
101120
101073
101029
100979
100932
100881
100830
100779
100727
100677
100627
100578
100528
100477
100424
100371
100317
100267
100214
100165
100111
100059
102530
102478
102450
102401
102373
102326
102298
102252
102224
102180
102151
102108
102079
102038
102008
101967
101938
101898
101868
101829
101799
101760
101730
101693
101662
101626
101595
101559
101529
101493
101461
101426
101394
101357
101324
101285
101249
101208
101169
101123
101079
101029
100982
100931
100880
100829
100777
100727
100677
100628
100578
100526
100474
100421
100367
100317
100264
100215
100162
100109
102485
102432
102404
102355
102327
102280
102252
102207
102179
102134
102106
102063
102034
101992
101962
101921
101892
101852
101822
101783
101753
101715
101685
101647
101617
101580
101550
101514
101483
101447
101416
101380
101349
101312
101278
101239
101204
101162
101124
101078
101034
100984
100936
100886
100835
100784
100732
100682
100632
100583
100533
100482
100429
100376
100322
100272
100219
100170
100117
100064
102509
102457
102429
102379
102352
102304
102277
102231
102203
102159
102130
102087
102058
102016
101987
101946
101916
101876
101846
101807
101777
101739
101709
101672
101641
101604
101574
101538
101507
101471
101440
101404
101373
101336
101303
101263
101228
101186
101148
101101
101058
101008
100960
100910
100859
100808
100756
100706
100656
100607
100557
100505
100453
100400
100346
100296
100243
100194
100141
100088
102490
102437
102409
102359
102332
102284
102257
102211
102183
102139
102110
102067
102038
101996
101967
101926
101896
101857
101827
101788
101757
101719
101689
101652
101621
101585
101554
101518
101488
101452
101420
101385
101353
101316
101283
101244
101209
101167
101128
101082
101038
100988
100941
100890
100840
100789
100736
100686
100636
100587
100538
100486
100433
100381
100327
100277
100224
100174
100121
100069
102502
102449
102422
102372
102345
102297
102269
102224
102196
102152
102123
102080
102051
102009
101980
101939
101909
101869
101839
101800
101770
101732
101702
101665
101634
101597
101567
101531
101500
101464
101433
101397
101366
101329
101295
101256
101221
101179
101141
101094
101051
101001
100953
100903
100852
100801
100749
100699
100649
100599
100550
100498
100446
100393
100339
100289
100236
100186
100133
100081
102496
102443
102415
102366
102338
102291
102263
102217
102189
102145
102116
102073
102045
102003
101973
101932
101903
101863
101833
101794
101764
101726
101696
101658
101628
101591
101561
101525
101494
101458
101427
101391
101359
101323
101289
101250
101215
101173
101134
101088
101044
100994
100947
100896
100846
100795
100742
100693
100642
100593
100544
100492
100440
100387
100333
100283
100230
100180
100127
100075
102496
102443
102416
102366
102338
102291
102263
102218
102189
102145
102117
102074
102045
102003
101973
101932
101903
101863
101833
101794
101764
101726
101696
101658
101628
101591
101561
101525
101494
101458
101427
101391
101360
101323
101289
101250
101215
101173
101135
101088
101044
100995
100947
100896
100846
100795
100742
100693
100642
100593
100544
100492
100440
100387
100333
100283
100230
100180
100127
100075
102502
102449
102422
102372
102345
102297
102269
102224
102196
102151
102123
102080
102051
102009
101979
101938
101909
101869
101839
101800
101770
101732
101702
101664
101634
101597
101567
101531
101500
101464
101433
101397
101366
101329
101295
101256
101221
101179
101141
101094
101050
101001
100953
100902
100852
100801
100749
100699
100648
100599
100550
100498
100446
100393
100339
100289
100236
100186
100133
100081
102490
102437
102409
102359
102332
102285
102257
102211
102183
102139
102110
102067
102038
101996
101967
101926
101896
101857
101827
101788
101758
101719
101689
101652
101621
101585
101554
101519
101488
101452
101420
101385
101353
101316
101283
101244
101209
101167
101128
101082
101038
100988
100941
100890
100840
100789
100736
100687
100636
100587
100538
100486
100434
100381
100327
100277
100224
100174
100121
100069
102509
102456
102429
102379
102352
102304
102277
102231
102203
102159
102130
102087
102058
102016
101987
101946
101916
101876
101846
101807
101777
101739
101709
101672
101641
101604
101574
101538
101507
101471
101440
101404
101373
101336
101302
101263
101228
101186
101148
101101
101058
101008
100960
100910
100859
100808
100756
100706
100656
100606
100557
100505
100453
100400
100346
100296
100243
100193
100140
100088
102485
102432
102404
102355
102327
102280
102252
102207
102179
102134
102106
102063
102034
101992
101962
101922
101892
101852
101822
101783
101753
101715
101685
101648
101617
101580
101550
101514
101483
101447
101416
101380
101349
101312
101279
101239
101204
101162
101124
101078
101034
100984
100936
100886
100835
100784
100732
100682
100632
100583
100533
100482
100429
100376
100322
100272
100219
100170
100117
100064
102530
102478
102450
102400
102373
102326
102298
102252
102224
102180
102151
102108
102079
102037
102008
101967
101937
101898
101868
101829
101798
101760
101730
101693
101662
101626
101595
101559
101529
101492
101461
101425
101394
101357
101324
101284
101249
101207
101169
101123
101079
101029
100981
100931
100880
100829
100777
100727
100677
100628
100578
100526
100474
100421
100367
100317
100264
100214
100161
100109
)
;

boundaryField
{
    upperWall
    {
        type            calculated;
        value           nonuniform List<scalar> 
720
(
102632
102610
102600
102600
102610
102632
102623
102610
102596
102596
102610
102623
102625
102606
102596
102596
102606
102625
102619
102605
102593
102593
102605
102619
102620
102603
102592
102592
102603
102620
102615
102602
102589
102589
102602
102615
102616
102599
102589
102589
102599
102616
102611
102598
102586
102586
102598
102611
102611
102595
102585
102585
102595
102611
102607
102594
102583
102583
102594
102607
102607
102592
102582
102582
102592
102607
102603
102590
102579
102579
102590
102604
102603
102588
102578
102578
102588
102603
102600
102587
102576
102576
102587
102600
102599
102585
102574
102574
102585
102599
102596
102583
102572
102572
102583
102596
102595
102581
102571
102571
102581
102595
102592
102580
102569
102569
102580
102592
102591
102578
102567
102567
102578
102591
102589
102576
102565
102565
102576
102589
102588
102574
102564
102564
102574
102588
102585
102572
102562
102562
102572
102585
102584
102571
102560
102560
102571
102584
102581
102569
102558
102558
102569
102581
102580
102567
102557
102557
102567
102580
102578
102565
102555
102555
102565
102578
102576
102564
102553
102553
102564
102576
102574
102562
102551
102551
102562
102574
102572
102560
102549
102549
102560
102572
102570
102558
102547
102547
102558
102570
102568
102557
102546
102546
102557
102568
102566
102555
102544
102544
102555
102566
102565
102553
102542
102542
102553
102565
102562
102551
102540
102540
102551
102562
102561
102550
102539
102539
102550
102561
102559
102548
102537
102537
102548
102559
102557
102546
102535
102535
102546
102557
102555
102544
102533
102533
102544
102555
102553
102543
102531
102531
102543
102553
102551
102541
102530
102530
102541
102551
102549
102539
102528
102528
102539
102549
102547
102537
102526
102526
102537
102547
102546
102536
102524
102524
102536
102546
102544
102534
102522
102522
102534
102544
102542
102532
102521
102521
102532
102542
102540
102530
102519
102519
102530
102540
102538
102529
102517
102517
102529
102538
102536
102527
102515
102515
102527
102536
102534
102525
102513
102513
102525
102534
102533
102523
102511
102511
102523
102533
102531
102522
102510
102510
102522
102531
102529
102520
102508
102508
102520
102529
102527
102518
102506
102506
102518
102527
102525
102517
102504
102504
102517
102525
102523
102515
102502
102502
102515
102523
102521
102513
102501
102501
102513
102521
102520
102511
102499
102499
102511
102520
102518
102510
102497
102497
102510
102518
102516
102508
102495
102495
102508
102516
102514
102507
102494
102494
102507
102514
102530
102465
102478
102478
102465
102530
102478
102415
102434
102434
102415
102478
102450
102392
102409
102409
102392
102450
102400
102345
102364
102364
102345
102400
102373
102319
102338
102338
102319
102373
102326
102273
102294
102294
102273
102326
102298
102246
102268
102268
102246
102298
102252
102201
102224
102224
102201
102252
102224
102173
102196
102196
102173
102224
102180
102130
102153
102153
102130
102180
102151
102101
102125
102125
102101
102151
102108
102059
102082
102082
102059
102108
102079
102030
102054
102054
102030
102079
102037
101988
102012
102012
101988
102037
102008
101959
101983
101983
101959
102008
101967
101918
101942
101942
101918
101967
101937
101888
101912
101912
101888
101937
101898
101848
101873
101873
101848
101898
101868
101818
101843
101843
101818
101868
101829
101779
101804
101804
101779
101829
101798
101749
101774
101774
101749
101798
101760
101711
101735
101735
101711
101760
101730
101681
101705
101705
101681
101730
101693
101644
101668
101668
101644
101693
101662
101613
101637
101637
101613
101662
101626
101576
101601
101601
101576
101626
101595
101546
101570
101570
101546
101595
101559
101510
101534
101534
101510
101559
101529
101479
101503
101503
101479
101529
101492
101443
101467
101467
101443
101492
101461
101412
101436
101436
101412
101461
101425
101376
101400
101400
101376
101425
101394
101345
101369
101369
101345
101394
101357
101308
101332
101332
101308
101357
101324
101274
101298
101298
101274
101324
101284
101235
101259
101259
101235
101284
101249
101200
101224
101224
101200
101249
101207
101158
101182
101182
101158
101207
101169
101120
101143
101143
101120
101169
101123
101073
101097
101097
101073
101123
101079
101029
101053
101053
101029
101079
101029
100979
101003
101003
100979
101029
100981
100932
100955
100955
100932
100981
100931
100881
100904
100904
100881
100931
100880
100830
100854
100854
100830
100880
100829
100779
100802
100802
100779
100829
100777
100727
100750
100750
100727
100777
100727
100677
100700
100700
100677
100727
100677
100627
100650
100650
100627
100677
100628
100578
100601
100601
100578
100628
100578
100528
100551
100551
100528
100578
100526
100477
100499
100499
100477
100526
100474
100424
100447
100447
100424
100474
100421
100371
100394
100394
100371
100421
100367
100317
100340
100340
100317
100367
100317
100267
100289
100289
100267
100317
100264
100214
100236
100236
100214
100264
100214
100165
100187
100187
100165
100214
100161
100111
100133
100133
100111
100161
100109
100059
100081
100081
100059
100109
)
;
    }
    lowerWall
    {
        type            calculated;
        value           nonuniform List<scalar> 
360
(
102632
102610
102600
102600
102610
102632
102623
102610
102596
102596
102610
102623
102625
102606
102596
102596
102606
102625
102619
102605
102593
102593
102605
102619
102620
102603
102592
102592
102603
102620
102615
102602
102589
102589
102602
102615
102616
102599
102589
102589
102599
102616
102611
102598
102586
102586
102598
102611
102611
102595
102585
102585
102595
102611
102607
102594
102583
102583
102594
102607
102607
102592
102582
102582
102592
102607
102603
102590
102579
102579
102590
102604
102603
102588
102578
102578
102588
102603
102600
102587
102576
102576
102587
102600
102599
102585
102574
102574
102585
102599
102596
102583
102572
102572
102583
102596
102595
102581
102571
102571
102581
102595
102592
102580
102569
102569
102580
102592
102591
102578
102567
102567
102578
102591
102589
102576
102565
102565
102576
102589
102588
102574
102564
102564
102574
102588
102585
102572
102562
102562
102572
102585
102584
102571
102560
102560
102571
102584
102581
102569
102558
102558
102569
102581
102580
102567
102557
102557
102567
102580
102578
102565
102555
102555
102565
102578
102576
102564
102553
102553
102564
102576
102574
102562
102551
102551
102562
102574
102572
102560
102549
102549
102560
102572
102570
102558
102547
102547
102558
102570
102568
102557
102546
102546
102557
102568
102566
102555
102544
102544
102555
102566
102565
102553
102542
102542
102553
102565
102562
102551
102540
102540
102551
102562
102561
102550
102539
102539
102550
102561
102559
102548
102537
102537
102548
102559
102557
102546
102535
102535
102546
102557
102555
102544
102533
102533
102544
102555
102553
102543
102531
102531
102543
102553
102551
102541
102530
102530
102541
102551
102549
102539
102528
102528
102539
102549
102547
102537
102526
102526
102537
102547
102546
102536
102524
102524
102536
102546
102544
102534
102522
102522
102534
102544
102542
102532
102521
102521
102532
102542
102540
102530
102519
102519
102530
102540
102538
102529
102517
102517
102529
102538
102536
102527
102515
102515
102527
102536
102534
102525
102513
102513
102525
102534
102533
102523
102511
102511
102523
102533
102531
102522
102510
102510
102522
102531
102529
102520
102508
102508
102520
102529
102527
102518
102506
102506
102518
102527
102525
102517
102504
102504
102517
102525
102523
102515
102502
102502
102515
102523
102521
102513
102501
102501
102513
102521
102520
102511
102499
102499
102511
102520
102518
102510
102497
102497
102510
102518
102516
102508
102495
102495
102508
102516
102514
102507
102494
102494
102507
102514
)
;
    }
    heatedWall
    {
        type            calculated;
        value           nonuniform List<scalar> 
360
(
102530
102465
102478
102478
102465
102530
102478
102415
102434
102434
102415
102478
102450
102392
102409
102409
102392
102450
102401
102345
102364
102364
102345
102401
102373
102319
102339
102339
102319
102373
102326
102273
102294
102294
102273
102326
102298
102246
102268
102268
102246
102298
102252
102201
102224
102224
102201
102252
102224
102173
102196
102196
102173
102224
102180
102130
102153
102153
102130
102180
102151
102101
102125
102125
102101
102151
102108
102059
102083
102083
102059
102108
102079
102030
102054
102054
102030
102079
102038
101988
102012
102012
101988
102038
102008
101959
101983
101983
101959
102008
101967
101918
101942
101942
101918
101967
101938
101888
101913
101913
101888
101938
101898
101848
101873
101873
101848
101898
101868
101819
101843
101843
101819
101868
101829
101779
101804
101804
101779
101829
101799
101749
101774
101774
101749
101799
101760
101711
101736
101736
101711
101760
101730
101681
101706
101706
101681
101730
101693
101644
101668
101668
101644
101693
101662
101613
101637
101637
101613
101662
101626
101576
101601
101601
101576
101626
101595
101546
101570
101570
101546
101595
101559
101510
101534
101534
101510
101559
101529
101479
101504
101504
101479
101529
101493
101443
101467
101467
101443
101493
101461
101412
101436
101436
101412
101461
101426
101376
101400
101400
101376
101426
101394
101345
101369
101369
101345
101394
101357
101308
101332
101332
101308
101357
101324
101274
101298
101298
101274
101324
101285
101235
101259
101259
101235
101285
101249
101200
101224
101224
101200
101249
101208
101158
101182
101182
101158
101208
101169
101120
101143
101143
101120
101169
101123
101073
101097
101097
101073
101123
101079
101029
101053
101053
101029
101079
101029
100980
101003
101003
100980
101029
100982
100932
100955
100955
100932
100982
100931
100881
100904
100904
100881
100931
100880
100831
100854
100854
100831
100880
100829
100779
100803
100803
100779
100829
100777
100727
100750
100750
100727
100777
100727
100677
100700
100700
100677
100727
100677
100627
100650
100650
100627
100677
100628
100578
100601
100601
100578
100628
100578
100528
100551
100551
100528
100578
100526
100477
100499
100499
100477
100526
100474
100424
100447
100447
100424
100474
100421
100371
100394
100394
100371
100421
100367
100317
100340
100340
100317
100367
100317
100267
100289
100289
100267
100317
100264
100214
100236
100236
100214
100264
100215
100165
100187
100187
100165
100215
100162
100111
100133
100133
100111
100162
100109
100059
100081
100081
100059
100109
)
;
    }
    inlet
    {
        type            calculated;
        value           nonuniform List<scalar> 
72
(
102632
102625
102628
102625
102626
102625
102625
102626
102625
102628
102625
102632
102610
102614
102611
102613
102611
102612
102612
102611
102613
102611
102614
102610
102600
102600
102600
102599
102599
102599
102599
102599
102599
102600
102600
102600
102600
102600
102600
102599
102599
102599
102599
102599
102599
102600
102600
102600
102610
102614
102611
102613
102611
102612
102612
102611
102613
102611
102614
102610
102632
102625
102628
102625
102626
102625
102625
102626
102625
102628
102625
102632
)
;
    }
    outlet
    {
        type            calculated;
        value           nonuniform List<scalar> 
72
(
100072
100043
100058
100046
100054
100050
100050
100054
100046
100058
100043
100072
100039
100067
100046
100062
100051
100056
100056
100051
100062
100046
100067
100039
100053
100053
100053
100053
100053
100053
100053
100053
100053
100053
100053
100053
100053
100053
100053
100053
100053
100053
100053
100053
100053
100053
100053
100053
100039
100067
100046
100062
100051
100056
100056
100051
100062
100046
100067
100039
100072
100043
100058
100046
100054
100050
100050
100054
100046
100058
100043
100072
)
;
    }
    frontAndBack
    {
        type            empty;
    }
}


// ************************************************************************* //
