/*--------------------------------*- C++ -*----------------------------------*\
  =========                 |
  \\      /  F ield         | OpenFOAM: The Open Source CFD Toolbox
   \\    /   O peration     | Website:  https://openfoam.org
    \\  /    A nd           | Version:  7
     \\/     M anipulation  |
\*---------------------------------------------------------------------------*/
FoamFile
{
    version     2.0;
    format      ascii;
    class       volScalarField;
    location    "0.9";
    object      alphat;
}
// * * * * * * * * * * * * * * * * * * * * * * * * * * * * * * * * * * * * * //

dimensions      [1 -1 -1 0 0 0 0];

internalField   nonuniform List<scalar> 
7920
(
0.0108105
0.0112629
0.0112682
0.0112686
0.0112625
0.0112609
0.0112578
0.0112581
0.0112565
0.0112566
0.0112549
0.0112548
0.0112534
0.0112535
0.0112525
0.0112524
0.0112517
0.0112503
0.0112556
0.0112739
0.00557381
0.00560972
0.00549594
0.00538169
0.00532766
0.00530539
0.00528737
0.0052811
0.00527173
0.00526927
0.00526341
0.00526222
0.00525823
0.0052576
0.00525485
0.00525479
0.00525347
0.00525328
0.00528743
0.00529805
0.00426123
0.0045529
0.00458506
0.00458084
0.00457286
0.00456969
0.00456537
0.00456341
0.00456019
0.00455861
0.00455595
0.00455484
0.0045526
0.004552
0.00455002
0.00454995
0.00454795
0.00454845
0.0045482
0.00455747
0.00409891
0.00443506
0.00450121
0.00452388
0.00453145
0.00453949
0.00454204
0.00454663
0.00454758
0.00455048
0.0045504
0.00455222
0.00455191
0.00455316
0.00455281
0.00455397
0.00455341
0.0045547
0.00455437
0.0045614
0.00408155
0.00442186
0.00449172
0.00451836
0.00452947
0.00454086
0.00454624
0.00455432
0.0045578
0.00456383
0.00456585
0.00457032
0.00457168
0.00457535
0.00457649
0.00457944
0.0045803
0.0045824
0.00458379
0.00459024
0.00408327
0.00442064
0.00449009
0.00451706
0.0045291
0.00454163
0.00454831
0.00455779
0.00456269
0.00457021
0.00457361
0.00457947
0.00458201
0.004587
0.00458916
0.00459339
0.00459514
0.00459818
0.00460062
0.0046069
0.00408327
0.00442064
0.00449009
0.00451706
0.0045291
0.00454163
0.00454831
0.00455779
0.00456269
0.00457021
0.00457361
0.00457948
0.00458202
0.004587
0.00458916
0.0045934
0.00459514
0.00459819
0.00460063
0.00460693
0.00408155
0.00442186
0.00449171
0.00451836
0.00452947
0.00454086
0.00454624
0.00455432
0.0045578
0.00456383
0.00456585
0.00457032
0.00457169
0.00457534
0.00457651
0.00457942
0.00458034
0.00458238
0.00458386
0.00459026
0.00409891
0.00443506
0.00450121
0.00452388
0.00453145
0.00453949
0.00454205
0.00454663
0.00454758
0.00455048
0.00455041
0.0045522
0.00455194
0.00455312
0.00455286
0.00455391
0.00455346
0.00455456
0.00455467
0.00456117
0.00426123
0.0045529
0.00458506
0.00458084
0.00457286
0.00456969
0.00456537
0.00456341
0.00456019
0.0045586
0.00455596
0.00455481
0.00455263
0.00455194
0.00455009
0.00454981
0.00454808
0.00454838
0.00454876
0.0045565
0.00557381
0.00560972
0.00549594
0.00538169
0.00532766
0.0053054
0.00528737
0.0052811
0.00527173
0.00526926
0.00526342
0.0052622
0.00525824
0.00525755
0.00525489
0.00525474
0.00525356
0.00525305
0.00528744
0.00529619
0.0108105
0.0112629
0.0112682
0.0112686
0.0112625
0.0112609
0.0112578
0.0112581
0.0112565
0.0112566
0.0112549
0.0112548
0.0112534
0.0112535
0.0112524
0.0112524
0.0112517
0.0112503
0.0112555
0.0112732
0.00414244
0.00465187
0.00467145
0.00464305
0.00463266
0.00461645
0.00461356
0.0046049
0.00460483
0.00459953
0.00459963
0.00459561
0.00459567
0.00459296
0.0045932
0.00459125
0.00459154
0.00458952
0.00458731
0.00460633
0.00367018
0.00429765
0.00438526
0.00439859
0.00439986
0.0044007
0.00439882
0.00439779
0.00439598
0.00439529
0.00439433
0.00439411
0.00439348
0.00439336
0.00439287
0.00439309
0.00439217
0.0043935
0.00439222
0.00439902
0.00357143
0.00420673
0.00429867
0.00431869
0.00432115
0.0043267
0.00432725
0.00433079
0.00433052
0.00433268
0.00433235
0.00433403
0.004334
0.0043354
0.00433552
0.0043369
0.00433696
0.00433852
0.00433774
0.00434834
0.00356938
0.00420537
0.00429683
0.00431591
0.00431646
0.00431996
0.00431932
0.00432153
0.00432104
0.00432292
0.00432246
0.00432383
0.00432373
0.00432481
0.00432497
0.0043259
0.00432638
0.00432712
0.00432777
0.00433384
0.00356523
0.00420077
0.00429211
0.00431184
0.00431199
0.00431533
0.00431404
0.00431567
0.00431463
0.0043162
0.00431524
0.00431646
0.00431582
0.00431673
0.00431637
0.00431709
0.00431711
0.00431784
0.00431786
0.00432399
0.00356738
0.00420328
0.00429436
0.00431405
0.00431415
0.00431752
0.00431616
0.00431774
0.00431661
0.0043181
0.00431705
0.00431824
0.00431746
0.00431828
0.00431774
0.0043183
0.00431817
0.00431871
0.00431839
0.00432408
0.00356738
0.00420328
0.00429436
0.00431405
0.00431415
0.00431752
0.00431616
0.00431774
0.00431661
0.0043181
0.00431705
0.00431824
0.00431746
0.00431828
0.00431775
0.0043183
0.00431817
0.00431872
0.0043184
0.00432409
0.00356523
0.00420077
0.00429211
0.00431184
0.00431199
0.00431533
0.00431404
0.00431567
0.00431463
0.0043162
0.00431524
0.00431647
0.00431583
0.00431673
0.00431638
0.00431708
0.0043171
0.00431787
0.00431783
0.00432397
0.00356938
0.00420537
0.00429683
0.00431591
0.00431646
0.00431996
0.00431932
0.00432152
0.00432104
0.00432292
0.00432246
0.00432383
0.00432373
0.0043248
0.004325
0.00432586
0.00432646
0.00432708
0.00432774
0.00433364
0.00357143
0.00420673
0.00429867
0.00431869
0.00432115
0.0043267
0.00432725
0.00433079
0.00433052
0.00433267
0.00433236
0.00433401
0.00433404
0.00433533
0.00433558
0.00433681
0.0043371
0.00433838
0.00433794
0.00434758
0.00367018
0.00429765
0.00438526
0.00439859
0.00439986
0.0044007
0.00439883
0.00439778
0.00439599
0.00439528
0.00439434
0.00439409
0.00439351
0.00439332
0.00439295
0.00439298
0.0043924
0.00439301
0.00439291
0.00439744
0.00414244
0.00465187
0.00467145
0.00464305
0.00463266
0.00461644
0.00461356
0.0046049
0.00460484
0.00459952
0.00459965
0.00459559
0.00459572
0.00459289
0.00459333
0.00459107
0.00459191
0.00458892
0.00458902
0.00460295
0.0010334
0.0015249
0.00159744
0.0015782
0.00152593
0.00147566
0.00143509
0.00140676
0.00138652
0.00137116
0.00135949
0.00134873
0.00134112
0.00133364
0.00132876
0.00132374
0.00131953
0.00131791
0.00130953
0.00132148
0.000438059
0.000924909
0.00108593
0.00114881
0.0011705
0.00118371
0.0011897
0.00119612
0.00119894
0.00120232
0.00120331
0.00120477
0.00120481
0.00120526
0.00120487
0.0012052
0.0012041
0.00120461
0.00120274
0.0012067
0.000378816
0.000819166
0.000965631
0.00103146
0.00105159
0.00106628
0.00106961
0.00107628
0.00107816
0.00108285
0.00108487
0.00108908
0.00109154
0.00109515
0.00109782
0.00110096
0.0011037
0.00110664
0.00110845
0.00111349
0.000390122
0.000824213
0.000967176
0.00103016
0.00104977
0.00106207
0.00106397
0.00106722
0.00106708
0.00106796
0.00106785
0.00106858
0.00106889
0.0010697
0.00107053
0.00107132
0.00107279
0.00107382
0.00107539
0.00107913
0.000384774
0.000818754
0.000961211
0.00102455
0.00104376
0.00105606
0.00105766
0.00106067
0.00106018
0.00106047
0.00105986
0.00105988
0.00105949
0.00105942
0.00105922
0.00105904
0.00105919
0.00105931
0.00105987
0.00106225
0.000387769
0.000821812
0.000964292
0.00102721
0.00104653
0.00105868
0.00106043
0.00106334
0.00106289
0.00106317
0.00106257
0.00106253
0.00106213
0.00106195
0.00106161
0.0010612
0.00106117
0.00106095
0.00106124
0.00106338
0.000387769
0.000821812
0.000964292
0.00102721
0.00104653
0.00105868
0.00106043
0.00106334
0.00106289
0.00106317
0.00106257
0.00106253
0.00106213
0.00106195
0.00106161
0.0010612
0.00106117
0.00106096
0.00106123
0.00106338
0.000384773
0.000818754
0.000961211
0.00102455
0.00104376
0.00105606
0.00105766
0.00106067
0.00106018
0.00106047
0.00105986
0.00105988
0.00105949
0.00105942
0.00105921
0.00105904
0.00105918
0.00105931
0.00105985
0.00106226
0.000390121
0.000824213
0.000967176
0.00103016
0.00104977
0.00106207
0.00106397
0.00106722
0.00106708
0.00106796
0.00106785
0.00106858
0.00106888
0.00106971
0.00107052
0.00107131
0.00107278
0.0010738
0.00107536
0.00107909
0.000378815
0.000819166
0.000965631
0.00103146
0.00105159
0.00106628
0.00106961
0.00107628
0.00107816
0.00108284
0.00108487
0.00108907
0.00109154
0.00109513
0.00109782
0.00110094
0.0011037
0.00110656
0.0011085
0.00111326
0.000438059
0.000924909
0.00108593
0.00114881
0.0011705
0.00118371
0.0011897
0.00119612
0.00119894
0.00120231
0.00120332
0.00120473
0.00120486
0.00120517
0.00120497
0.00120501
0.00120432
0.00120419
0.00120324
0.00120585
0.0010334
0.0015249
0.00159744
0.0015782
0.00152593
0.00147566
0.00143509
0.00140676
0.00138652
0.00137116
0.00135951
0.00134872
0.00134117
0.0013336
0.0013289
0.00132363
0.00131997
0.00131743
0.00131112
0.00131959
0.0010334
0.0015249
0.00159744
0.0015782
0.00152593
0.00147566
0.00143508
0.00140676
0.00138652
0.00137116
0.00135949
0.00134873
0.00134112
0.00133364
0.00132876
0.00132374
0.00131953
0.00131791
0.00130953
0.00132148
0.000438059
0.000924909
0.00108593
0.00114881
0.0011705
0.00118371
0.0011897
0.00119612
0.00119894
0.00120232
0.00120331
0.00120477
0.00120481
0.00120526
0.00120487
0.0012052
0.0012041
0.00120461
0.00120274
0.0012067
0.000378816
0.000819166
0.000965631
0.00103146
0.00105159
0.00106628
0.00106961
0.00107628
0.00107816
0.00108285
0.00108487
0.00108908
0.00109154
0.00109515
0.00109782
0.00110096
0.0011037
0.00110664
0.00110845
0.00111349
0.000390122
0.000824213
0.000967176
0.00103016
0.00104977
0.00106207
0.00106397
0.00106722
0.00106708
0.00106796
0.00106785
0.00106858
0.00106889
0.0010697
0.00107053
0.00107132
0.00107279
0.00107382
0.00107539
0.00107913
0.000384774
0.000818754
0.000961211
0.00102455
0.00104376
0.00105606
0.00105766
0.00106067
0.00106018
0.00106047
0.00105986
0.00105988
0.00105949
0.00105942
0.00105922
0.00105904
0.00105919
0.00105931
0.00105987
0.00106225
0.000387769
0.000821812
0.000964292
0.00102721
0.00104653
0.00105868
0.00106043
0.00106334
0.00106289
0.00106317
0.00106257
0.00106253
0.00106213
0.00106195
0.00106161
0.0010612
0.00106117
0.00106095
0.00106124
0.00106338
0.000387769
0.000821812
0.000964292
0.00102721
0.00104653
0.00105868
0.00106043
0.00106334
0.00106289
0.00106317
0.00106257
0.00106253
0.00106213
0.00106195
0.00106161
0.0010612
0.00106117
0.00106096
0.00106123
0.00106338
0.000384773
0.000818754
0.000961211
0.00102455
0.00104376
0.00105606
0.00105766
0.00106067
0.00106018
0.00106047
0.00105986
0.00105988
0.00105949
0.00105942
0.00105921
0.00105904
0.00105918
0.00105931
0.00105985
0.00106226
0.000390121
0.000824213
0.000967176
0.00103016
0.00104977
0.00106207
0.00106397
0.00106722
0.00106708
0.00106796
0.00106785
0.00106858
0.00106888
0.00106971
0.00107052
0.00107131
0.00107278
0.0010738
0.00107536
0.00107909
0.000378815
0.000819166
0.000965631
0.00103146
0.00105159
0.00106628
0.00106961
0.00107628
0.00107816
0.00108284
0.00108487
0.00108907
0.00109154
0.00109513
0.00109782
0.00110094
0.0011037
0.00110656
0.0011085
0.00111326
0.000438059
0.000924909
0.00108593
0.00114881
0.0011705
0.00118371
0.0011897
0.00119612
0.00119894
0.00120231
0.00120332
0.00120473
0.00120485
0.00120517
0.00120497
0.00120501
0.00120432
0.00120419
0.00120324
0.00120585
0.0010334
0.0015249
0.00159744
0.0015782
0.00152593
0.00147566
0.00143509
0.00140676
0.00138652
0.00137116
0.00135951
0.00134872
0.00134117
0.0013336
0.0013289
0.00132363
0.00131997
0.00131743
0.00131112
0.00131959
0.00414244
0.00465187
0.00467145
0.00464305
0.00463266
0.00461645
0.00461356
0.0046049
0.00460483
0.00459953
0.00459963
0.00459561
0.00459567
0.00459296
0.0045932
0.00459125
0.00459154
0.00458952
0.00458731
0.00460633
0.00367018
0.00429765
0.00438526
0.00439859
0.00439986
0.0044007
0.00439882
0.00439779
0.00439598
0.00439529
0.00439433
0.00439411
0.00439348
0.00439336
0.00439287
0.00439309
0.00439217
0.0043935
0.00439222
0.00439902
0.00357143
0.00420673
0.00429867
0.00431869
0.00432115
0.0043267
0.00432725
0.00433079
0.00433052
0.00433267
0.00433235
0.00433403
0.004334
0.0043354
0.00433552
0.0043369
0.00433696
0.00433852
0.00433774
0.00434834
0.00356938
0.00420537
0.00429683
0.00431591
0.00431646
0.00431997
0.00431932
0.00432153
0.00432104
0.00432291
0.00432246
0.00432383
0.00432373
0.00432481
0.00432497
0.0043259
0.00432638
0.00432712
0.00432777
0.00433384
0.00356523
0.00420077
0.00429211
0.00431184
0.00431199
0.00431533
0.00431404
0.00431567
0.00431463
0.0043162
0.00431524
0.00431646
0.00431582
0.00431673
0.00431637
0.00431709
0.00431711
0.00431784
0.00431786
0.00432399
0.00356738
0.00420328
0.00429436
0.00431405
0.00431415
0.00431752
0.00431616
0.00431774
0.00431661
0.0043181
0.00431705
0.00431824
0.00431746
0.00431828
0.00431774
0.0043183
0.00431817
0.00431871
0.00431839
0.00432408
0.00356738
0.00420328
0.00429436
0.00431405
0.00431415
0.00431752
0.00431616
0.00431774
0.00431661
0.0043181
0.00431705
0.00431824
0.00431746
0.00431828
0.00431775
0.0043183
0.00431817
0.00431872
0.0043184
0.00432409
0.00356523
0.00420077
0.00429211
0.00431184
0.00431199
0.00431533
0.00431404
0.00431567
0.00431463
0.0043162
0.00431524
0.00431647
0.00431583
0.00431673
0.00431638
0.00431708
0.0043171
0.00431787
0.00431783
0.00432397
0.00356938
0.00420537
0.00429683
0.00431591
0.00431646
0.00431996
0.00431932
0.00432152
0.00432104
0.00432292
0.00432246
0.00432384
0.00432373
0.0043248
0.004325
0.00432586
0.00432646
0.00432708
0.00432773
0.00433364
0.00357143
0.00420673
0.00429867
0.00431869
0.00432115
0.0043267
0.00432725
0.00433079
0.00433052
0.00433267
0.00433236
0.00433401
0.00433404
0.00433533
0.00433558
0.00433681
0.0043371
0.00433838
0.00433794
0.00434757
0.00367018
0.00429765
0.00438526
0.00439859
0.00439986
0.0044007
0.00439883
0.00439778
0.00439599
0.00439528
0.00439434
0.00439409
0.00439351
0.00439332
0.00439295
0.00439298
0.0043924
0.00439301
0.00439291
0.00439744
0.00414244
0.00465187
0.00467145
0.00464305
0.00463266
0.00461644
0.00461356
0.0046049
0.00460484
0.00459952
0.00459965
0.00459559
0.00459572
0.00459289
0.00459333
0.00459107
0.00459191
0.00458892
0.00458902
0.00460295
0.0108105
0.0112629
0.0112682
0.0112686
0.0112625
0.0112609
0.0112578
0.0112581
0.0112565
0.0112566
0.0112549
0.0112548
0.0112534
0.0112535
0.0112525
0.0112524
0.0112517
0.0112503
0.0112556
0.0112739
0.00557381
0.00560972
0.00549594
0.00538169
0.00532766
0.0053054
0.00528737
0.0052811
0.00527173
0.00526927
0.00526341
0.00526222
0.00525823
0.0052576
0.00525485
0.00525479
0.00525347
0.00525328
0.00528743
0.00529805
0.00426123
0.0045529
0.00458506
0.00458084
0.00457286
0.00456969
0.00456537
0.00456341
0.00456019
0.00455861
0.00455595
0.00455484
0.0045526
0.004552
0.00455002
0.00454995
0.00454795
0.00454845
0.0045482
0.00455747
0.00409891
0.00443506
0.00450121
0.00452388
0.00453145
0.00453949
0.00454204
0.00454663
0.00454758
0.00455048
0.0045504
0.00455222
0.00455191
0.00455316
0.00455281
0.00455397
0.00455341
0.0045547
0.00455437
0.0045614
0.00408155
0.00442186
0.00449172
0.00451836
0.00452947
0.00454086
0.00454624
0.00455432
0.0045578
0.00456383
0.00456585
0.00457032
0.00457168
0.00457535
0.00457649
0.00457944
0.0045803
0.0045824
0.00458379
0.00459024
0.00408327
0.00442064
0.00449009
0.00451706
0.0045291
0.00454163
0.00454831
0.00455779
0.00456269
0.00457021
0.00457361
0.00457947
0.00458201
0.004587
0.00458916
0.00459339
0.00459514
0.00459818
0.00460062
0.0046069
0.00408327
0.00442064
0.00449009
0.00451706
0.0045291
0.00454163
0.00454831
0.00455779
0.00456269
0.00457021
0.00457361
0.00457948
0.00458201
0.004587
0.00458916
0.0045934
0.00459514
0.00459819
0.00460063
0.00460693
0.00408155
0.00442186
0.00449171
0.00451836
0.00452947
0.00454086
0.00454624
0.00455432
0.0045578
0.00456383
0.00456585
0.00457032
0.00457169
0.00457534
0.00457651
0.00457942
0.00458034
0.00458238
0.00458386
0.00459026
0.00409891
0.00443506
0.00450121
0.00452388
0.00453145
0.00453949
0.00454205
0.00454663
0.00454758
0.00455048
0.00455041
0.0045522
0.00455193
0.00455312
0.00455286
0.00455391
0.00455346
0.00455456
0.00455467
0.00456118
0.00426123
0.0045529
0.00458506
0.00458084
0.00457286
0.00456969
0.00456537
0.00456341
0.00456019
0.0045586
0.00455596
0.00455481
0.00455262
0.00455194
0.00455009
0.00454981
0.00454808
0.00454838
0.00454876
0.0045565
0.00557381
0.00560972
0.00549594
0.00538169
0.00532766
0.00530539
0.00528737
0.0052811
0.00527173
0.00526926
0.00526342
0.0052622
0.00525824
0.00525755
0.00525489
0.00525474
0.00525356
0.00525305
0.00528744
0.00529619
0.0108105
0.0112629
0.0112682
0.0112686
0.0112625
0.0112609
0.0112578
0.0112581
0.0112565
0.0112566
0.0112549
0.0112548
0.0112534
0.0112535
0.0112524
0.0112524
0.0112517
0.0112503
0.0112555
0.0112732
0.0326074
0.0326672
0.0326678
0.032666
0.0326635
0.0326614
0.0326597
0.0326586
0.0326581
0.0326576
0.0326576
0.0326572
0.0326573
0.0326569
0.032657
0.0326566
0.0326568
0.0326565
0.0326567
0.0326566
0.0326569
0.0326568
0.0326571
0.0326571
0.0326576
0.0326576
0.0326581
0.0326582
0.0326587
0.0326589
0.0326594
0.0326598
0.0326603
0.0326607
0.0326614
0.0326619
0.0326626
0.0326632
0.032664
0.0326646
0.0326654
0.0326661
0.0326668
0.0326674
0.032668
0.0326685
0.032669
0.0326693
0.0326695
0.0326696
0.0326695
0.0326693
0.032669
0.0326684
0.0326677
0.0326669
0.0326658
0.0326646
0.0326632
0.0326617
0.0326599
0.0326581
0.0326561
0.032654
0.0326517
0.0326494
0.0326468
0.0326443
0.0326416
0.032639
0.0326361
0.0326333
0.0326303
0.0326275
0.0326244
0.0326214
0.0326183
0.0326153
0.032612
0.032609
0.0326057
0.0326027
0.0325993
0.0325962
0.0325929
0.0325898
0.0325863
0.0325834
0.0325768
0.0325709
0.0187357
0.018997
0.0189959
0.0189982
0.0189938
0.0189979
0.0189958
0.0189993
0.0189971
0.0189999
0.0189984
0.0190013
0.0190008
0.019004
0.0190042
0.0190075
0.0190082
0.0190115
0.0190125
0.0190158
0.0190169
0.0190202
0.0190215
0.0190248
0.0190262
0.0190295
0.019031
0.0190342
0.0190357
0.0190389
0.0190405
0.0190437
0.0190454
0.0190485
0.0190502
0.0190532
0.0190549
0.0190579
0.0190596
0.0190625
0.0190641
0.0190668
0.0190683
0.0190709
0.0190722
0.0190746
0.0190758
0.0190779
0.0190788
0.0190806
0.0190813
0.0190828
0.0190833
0.0190844
0.0190846
0.0190855
0.0190853
0.0190859
0.0190855
0.0190858
0.0190852
0.0190852
0.0190844
0.0190842
0.0190831
0.0190828
0.0190815
0.019081
0.0190796
0.0190789
0.0190775
0.0190767
0.0190751
0.0190742
0.0190725
0.0190716
0.0190698
0.0190688
0.019067
0.0190659
0.0190641
0.0190629
0.019061
0.0190598
0.0190579
0.0190566
0.0190546
0.0190534
0.0190487
0.0190451
0.0151033
0.0155584
0.0155644
0.0155714
0.0155643
0.015573
0.0155696
0.0155778
0.0155748
0.0155818
0.0155798
0.0155867
0.0155861
0.0155932
0.0155938
0.0156008
0.0156022
0.0156092
0.0156111
0.015618
0.0156201
0.0156269
0.0156293
0.015636
0.0156385
0.0156451
0.0156478
0.0156542
0.0156569
0.0156632
0.0156661
0.0156722
0.0156751
0.015681
0.0156839
0.0156897
0.0156926
0.0156982
0.015701
0.0157064
0.0157091
0.0157142
0.0157168
0.0157217
0.015724
0.0157285
0.0157307
0.0157348
0.0157367
0.0157405
0.0157421
0.0157455
0.0157468
0.0157497
0.0157507
0.0157533
0.015754
0.0157562
0.0157566
0.0157585
0.0157587
0.0157602
0.0157602
0.0157615
0.0157612
0.0157622
0.0157618
0.0157626
0.015762
0.0157627
0.0157619
0.0157624
0.0157615
0.0157619
0.0157609
0.0157612
0.0157601
0.0157603
0.0157592
0.0157592
0.015758
0.015758
0.0157567
0.0157566
0.0157552
0.0157551
0.0157536
0.0157534
0.0157514
0.0157454
0.0145603
0.015161
0.0151834
0.0151956
0.0151876
0.0151986
0.0151947
0.0152051
0.015202
0.0152114
0.0152089
0.015218
0.0152172
0.0152261
0.0152268
0.0152356
0.0152374
0.0152461
0.0152484
0.015257
0.0152597
0.0152682
0.0152712
0.0152796
0.0152828
0.0152911
0.0152944
0.0153025
0.015306
0.0153139
0.0153174
0.0153252
0.0153288
0.0153363
0.01534
0.0153473
0.0153509
0.015358
0.0153615
0.0153684
0.0153718
0.0153783
0.0153816
0.0153877
0.0153908
0.0153965
0.0153993
0.0154046
0.0154071
0.015412
0.0154142
0.0154186
0.0154204
0.0154244
0.0154259
0.0154294
0.0154306
0.0154337
0.0154345
0.0154372
0.0154378
0.0154402
0.0154405
0.0154425
0.0154426
0.0154444
0.0154443
0.0154458
0.0154455
0.0154468
0.0154464
0.0154475
0.015447
0.015448
0.0154473
0.0154481
0.0154474
0.0154481
0.0154472
0.0154478
0.0154469
0.0154474
0.0154463
0.0154468
0.0154456
0.015446
0.0154447
0.015445
0.0154442
0.0154374
0.0145297
0.0152093
0.0152471
0.0152648
0.0152574
0.0152701
0.0152667
0.0152779
0.015275
0.0152856
0.0152827
0.0152927
0.0152915
0.0153013
0.0153019
0.0153116
0.0153134
0.015323
0.0153255
0.015335
0.015338
0.0153473
0.0153506
0.0153599
0.0153634
0.0153725
0.0153762
0.0153852
0.015389
0.0153978
0.0154018
0.0154103
0.0154144
0.0154227
0.0154268
0.0154349
0.0154389
0.0154468
0.0154507
0.0154583
0.0154621
0.0154693
0.015473
0.0154798
0.0154832
0.0154896
0.0154928
0.0154987
0.0155015
0.0155069
0.0155094
0.0155144
0.0155165
0.0155209
0.0155227
0.0155267
0.0155281
0.0155316
0.0155327
0.0155358
0.0155366
0.0155393
0.0155398
0.0155422
0.0155425
0.0155446
0.0155446
0.0155465
0.0155464
0.015548
0.0155478
0.0155492
0.0155488
0.0155501
0.0155496
0.0155507
0.0155501
0.0155511
0.0155504
0.0155513
0.0155504
0.0155513
0.0155503
0.015551
0.01555
0.0155507
0.0155496
0.0155499
0.0155497
0.0155422
0.0145523
0.0152763
0.0153238
0.0153457
0.0153394
0.0153533
0.0153507
0.0153622
0.0153598
0.0153709
0.0153679
0.0153783
0.0153769
0.0153871
0.0153876
0.0153977
0.0153995
0.0154094
0.015412
0.0154219
0.015425
0.0154347
0.0154382
0.0154478
0.0154515
0.0154609
0.0154648
0.0154741
0.0154781
0.0154873
0.0154914
0.0155003
0.0155045
0.0155132
0.0155174
0.0155259
0.0155301
0.0155383
0.0155424
0.0155503
0.0155543
0.0155618
0.0155656
0.0155727
0.0155763
0.015583
0.0155862
0.0155924
0.0155954
0.0156011
0.0156037
0.0156088
0.0156111
0.0156157
0.0156176
0.0156217
0.0156232
0.0156269
0.0156281
0.0156314
0.0156322
0.0156351
0.0156357
0.0156383
0.0156386
0.0156409
0.015641
0.015643
0.0156429
0.0156447
0.0156445
0.0156461
0.0156457
0.0156472
0.0156467
0.015648
0.0156474
0.0156485
0.0156479
0.0156489
0.0156481
0.0156491
0.0156482
0.015649
0.0156481
0.0156488
0.0156478
0.0156482
0.0156482
0.0156405
0.0145526
0.0152772
0.0153255
0.015348
0.0153425
0.0153564
0.0153545
0.0153659
0.015364
0.015375
0.0153722
0.0153827
0.0153814
0.0153916
0.0153921
0.0154022
0.015404
0.0154139
0.0154165
0.0154264
0.0154295
0.0154393
0.0154427
0.0154523
0.015456
0.0154655
0.0154694
0.0154787
0.0154827
0.0154919
0.015496
0.0155049
0.0155091
0.0155178
0.0155221
0.0155305
0.0155347
0.0155429
0.0155471
0.015555
0.015559
0.0155665
0.0155703
0.0155774
0.015581
0.0155877
0.0155909
0.0155971
0.0156001
0.0156058
0.0156084
0.0156135
0.0156158
0.0156204
0.0156223
0.0156265
0.015628
0.0156317
0.0156329
0.0156361
0.015637
0.0156399
0.0156405
0.015643
0.0156434
0.0156456
0.0156458
0.0156478
0.0156477
0.0156495
0.0156493
0.0156509
0.0156505
0.015652
0.0156515
0.0156528
0.0156522
0.0156534
0.0156527
0.0156537
0.015653
0.0156539
0.015653
0.0156539
0.0156529
0.0156536
0.0156527
0.015653
0.0156531
0.0156454
0.0145307
0.0152126
0.0152521
0.0152713
0.0152658
0.0152783
0.0152768
0.0152877
0.0152859
0.0152965
0.015294
0.0153042
0.0153032
0.015313
0.0153137
0.0153234
0.0153252
0.0153348
0.0153374
0.0153469
0.0153499
0.0153593
0.0153626
0.0153719
0.0153754
0.0153846
0.0153883
0.0153973
0.0154012
0.01541
0.0154139
0.0154225
0.0154266
0.015435
0.015439
0.0154472
0.0154512
0.0154591
0.0154631
0.0154707
0.0154745
0.0154817
0.0154854
0.0154923
0.0154957
0.0155021
0.0155052
0.0155112
0.015514
0.0155195
0.015522
0.0155269
0.0155291
0.0155335
0.0155353
0.0155393
0.0155407
0.0155443
0.0155453
0.0155485
0.0155493
0.015552
0.0155525
0.015555
0.0155552
0.0155574
0.0155574
0.0155593
0.0155592
0.0155608
0.0155606
0.015562
0.0155616
0.015563
0.0155624
0.0155636
0.015563
0.015564
0.0155633
0.0155642
0.0155634
0.0155642
0.0155633
0.015564
0.015563
0.0155636
0.0155626
0.0155629
0.0155627
0.0155554
0.0145613
0.015165
0.0151901
0.015204
0.0151984
0.0152094
0.0152077
0.0152176
0.0152159
0.0152256
0.0152236
0.0152329
0.0152323
0.0152413
0.0152421
0.015251
0.0152527
0.0152616
0.0152639
0.0152726
0.0152753
0.0152839
0.0152869
0.0152954
0.0152986
0.0153069
0.0153103
0.0153184
0.0153219
0.0153299
0.0153335
0.0153413
0.0153449
0.0153526
0.0153562
0.0153636
0.0153672
0.0153744
0.015378
0.0153848
0.0153883
0.0153948
0.0153981
0.0154043
0.0154074
0.0154132
0.015416
0.0154214
0.0154239
0.0154288
0.015431
0.0154355
0.0154373
0.0154413
0.0154428
0.0154464
0.0154476
0.0154507
0.0154516
0.0154543
0.0154549
0.0154573
0.0154576
0.0154597
0.0154598
0.0154616
0.0154615
0.0154631
0.0154628
0.0154641
0.0154637
0.0154649
0.0154643
0.0154654
0.0154647
0.0154656
0.0154648
0.0154656
0.0154647
0.0154654
0.0154644
0.015465
0.0154639
0.0154644
0.0154632
0.0154636
0.0154624
0.0154626
0.0154617
0.0154552
0.0151009
0.0155586
0.0155665
0.0155746
0.0155694
0.0155782
0.0155765
0.0155846
0.0155829
0.0155904
0.0155888
0.0155961
0.0155957
0.0156029
0.0156036
0.0156107
0.0156122
0.0156193
0.0156211
0.0156281
0.0156303
0.0156372
0.0156397
0.0156465
0.015649
0.0156557
0.0156584
0.0156649
0.0156677
0.0156741
0.015677
0.0156832
0.0156861
0.0156922
0.0156951
0.015701
0.0157039
0.0157096
0.0157125
0.015718
0.0157207
0.0157259
0.0157285
0.0157334
0.0157358
0.0157404
0.0157426
0.0157468
0.0157487
0.0157525
0.0157542
0.0157576
0.0157589
0.015762
0.015763
0.0157656
0.0157663
0.0157686
0.015769
0.015771
0.0157712
0.0157728
0.0157727
0.0157741
0.0157738
0.0157749
0.0157744
0.0157753
0.0157747
0.0157754
0.0157747
0.0157753
0.0157744
0.0157748
0.0157739
0.0157742
0.0157731
0.0157733
0.0157722
0.0157723
0.0157711
0.0157711
0.0157698
0.0157697
0.0157684
0.0157682
0.0157668
0.0157666
0.0157646
0.0157589
0.0187312
0.0189949
0.0189949
0.018998
0.0189945
0.0189992
0.0189979
0.0190021
0.0190006
0.019004
0.0190027
0.019006
0.0190056
0.019009
0.0190092
0.0190127
0.0190133
0.0190168
0.0190177
0.0190212
0.0190223
0.0190258
0.0190271
0.0190305
0.0190319
0.0190353
0.0190368
0.0190401
0.0190417
0.019045
0.0190466
0.0190499
0.0190516
0.0190548
0.0190565
0.0190597
0.0190614
0.0190644
0.0190661
0.0190691
0.0190707
0.0190735
0.0190751
0.0190777
0.0190791
0.0190815
0.0190827
0.0190848
0.0190858
0.0190877
0.0190884
0.0190899
0.0190904
0.0190916
0.0190918
0.0190927
0.0190926
0.0190932
0.0190928
0.0190931
0.0190925
0.0190926
0.0190918
0.0190916
0.0190906
0.0190902
0.019089
0.0190885
0.0190871
0.0190865
0.019085
0.0190842
0.0190827
0.0190818
0.0190802
0.0190792
0.0190775
0.0190765
0.0190747
0.0190736
0.0190718
0.0190707
0.0190688
0.0190676
0.0190656
0.0190644
0.0190624
0.0190613
0.0190564
0.0190529
0.032651
0.0327194
0.0327235
0.0327234
0.0327222
0.0327209
0.0327196
0.0327187
0.0327183
0.0327179
0.0327178
0.0327175
0.0327175
0.0327171
0.0327172
0.0327169
0.0327171
0.0327169
0.0327171
0.032717
0.0327173
0.0327173
0.0327176
0.0327177
0.0327181
0.0327182
0.0327187
0.0327189
0.0327194
0.0327196
0.0327202
0.0327205
0.0327211
0.0327216
0.0327222
0.0327228
0.0327235
0.0327242
0.032725
0.0327256
0.0327264
0.0327271
0.0327279
0.0327285
0.0327291
0.0327297
0.0327301
0.0327305
0.0327307
0.0327308
0.0327308
0.0327306
0.0327302
0.0327297
0.032729
0.0327282
0.0327271
0.0327259
0.0327245
0.032723
0.0327213
0.0327195
0.0327174
0.0327154
0.0327131
0.0327108
0.0327083
0.0327058
0.0327031
0.0327004
0.0326976
0.0326948
0.0326918
0.0326889
0.0326858
0.0326829
0.0326797
0.0326768
0.0326735
0.0326705
0.0326672
0.0326642
0.0326608
0.0326577
0.0326544
0.0326513
0.0326478
0.0326448
0.0326384
0.0326326
0.0148852
0.0149899
0.0149889
0.0149868
0.0149855
0.0149855
0.0149851
0.0149863
0.0149864
0.0149881
0.0149884
0.0149905
0.0149911
0.0149934
0.0149941
0.0149965
0.0149974
0.0149999
0.0150009
0.0150035
0.0150045
0.0150072
0.0150083
0.015011
0.0150122
0.015015
0.0150162
0.015019
0.0150203
0.0150231
0.0150245
0.0150273
0.0150288
0.0150315
0.0150331
0.0150358
0.0150374
0.0150402
0.0150418
0.0150444
0.015046
0.0150486
0.0150501
0.0150526
0.015054
0.0150562
0.0150575
0.0150595
0.0150606
0.0150624
0.0150632
0.0150647
0.0150653
0.0150666
0.0150669
0.0150678
0.0150679
0.0150686
0.0150684
0.0150688
0.0150684
0.0150686
0.015068
0.0150679
0.0150671
0.0150669
0.015066
0.0150656
0.0150645
0.015064
0.0150628
0.0150622
0.015061
0.0150603
0.0150589
0.0150582
0.0150568
0.015056
0.0150546
0.0150538
0.0150523
0.0150515
0.0150499
0.0150491
0.0150475
0.0150469
0.0150451
0.0150448
0.0150419
0.0150404
0.0144148
0.0146935
0.0146979
0.0146973
0.0146965
0.0146979
0.0146983
0.0146997
0.0146996
0.0147007
0.0147006
0.014702
0.0147024
0.0147042
0.0147049
0.0147068
0.0147077
0.0147097
0.0147106
0.0147126
0.0147136
0.0147155
0.0147165
0.0147184
0.0147194
0.0147212
0.0147222
0.0147239
0.0147249
0.0147266
0.0147275
0.0147292
0.0147301
0.0147317
0.0147326
0.0147341
0.014735
0.0147365
0.0147373
0.0147387
0.0147395
0.0147408
0.0147415
0.0147427
0.0147434
0.0147445
0.014745
0.0147459
0.0147463
0.0147471
0.0147473
0.014748
0.014748
0.0147485
0.0147484
0.0147487
0.0147484
0.0147485
0.0147481
0.014748
0.0147475
0.0147473
0.0147466
0.0147462
0.0147454
0.0147449
0.014744
0.0147434
0.0147424
0.0147418
0.0147407
0.01474
0.0147388
0.014738
0.0147368
0.014736
0.0147347
0.0147339
0.0147326
0.0147317
0.0147303
0.0147295
0.014728
0.0147272
0.0147256
0.0147249
0.0147232
0.0147225
0.0147207
0.0147197
0.0138633
0.0143153
0.0143359
0.0143371
0.0143366
0.0143378
0.0143385
0.0143394
0.0143391
0.0143388
0.0143382
0.014338
0.0143378
0.0143381
0.0143382
0.0143388
0.0143392
0.0143398
0.0143403
0.0143409
0.0143414
0.0143421
0.0143426
0.0143432
0.0143437
0.0143443
0.0143448
0.0143454
0.0143458
0.0143464
0.0143468
0.0143473
0.0143477
0.0143483
0.0143487
0.0143492
0.0143496
0.0143502
0.0143505
0.0143511
0.0143514
0.0143519
0.0143523
0.0143527
0.014353
0.0143534
0.0143536
0.0143539
0.014354
0.0143542
0.0143542
0.0143543
0.0143542
0.0143541
0.0143539
0.0143537
0.0143533
0.014353
0.0143525
0.014352
0.0143514
0.0143509
0.0143501
0.0143494
0.0143486
0.0143478
0.0143469
0.014346
0.014345
0.0143441
0.014343
0.0143421
0.0143409
0.0143399
0.0143387
0.0143377
0.0143365
0.0143354
0.0143341
0.0143331
0.0143318
0.0143307
0.0143293
0.0143283
0.0143268
0.0143258
0.0143242
0.0143232
0.0143215
0.0143145
0.0136831
0.0142309
0.0142651
0.0142681
0.0142676
0.0142686
0.01427
0.0142712
0.0142713
0.0142708
0.0142699
0.014269
0.0142684
0.0142679
0.0142678
0.0142677
0.0142679
0.0142679
0.0142682
0.0142683
0.0142686
0.0142688
0.0142691
0.0142692
0.0142695
0.0142696
0.0142699
0.0142701
0.0142703
0.0142705
0.0142707
0.0142709
0.0142711
0.0142713
0.0142715
0.0142717
0.0142719
0.0142721
0.0142723
0.0142725
0.0142728
0.0142729
0.0142731
0.0142733
0.0142734
0.0142736
0.0142736
0.0142737
0.0142737
0.0142736
0.0142735
0.0142734
0.0142732
0.0142729
0.0142725
0.0142722
0.0142717
0.0142712
0.0142706
0.0142699
0.0142692
0.0142685
0.0142676
0.0142668
0.0142659
0.014265
0.0142639
0.0142629
0.0142619
0.0142608
0.0142597
0.0142586
0.0142574
0.0142562
0.014255
0.0142538
0.0142526
0.0142514
0.0142501
0.0142489
0.0142475
0.0142464
0.0142449
0.0142438
0.0142423
0.0142412
0.0142396
0.0142385
0.0142368
0.0142311
0.0135614
0.014172
0.0142154
0.0142207
0.01422
0.0142214
0.0142233
0.0142255
0.0142264
0.0142264
0.0142255
0.0142246
0.0142238
0.0142233
0.014223
0.0142228
0.0142229
0.0142229
0.0142232
0.0142232
0.0142235
0.0142236
0.0142239
0.014224
0.0142243
0.0142244
0.0142246
0.0142247
0.014225
0.0142251
0.0142253
0.0142254
0.0142256
0.0142258
0.014226
0.0142261
0.0142263
0.0142265
0.0142267
0.0142269
0.0142271
0.0142272
0.0142274
0.0142275
0.0142276
0.0142277
0.0142278
0.0142278
0.0142277
0.0142277
0.0142275
0.0142273
0.0142271
0.0142268
0.0142264
0.014226
0.0142255
0.0142249
0.0142243
0.0142236
0.0142229
0.0142221
0.0142213
0.0142204
0.0142194
0.0142185
0.0142174
0.0142164
0.0142153
0.0142142
0.014213
0.0142119
0.0142107
0.0142095
0.0142083
0.0142071
0.0142058
0.0142046
0.0142032
0.014202
0.0142007
0.0141995
0.014198
0.0141968
0.0141953
0.0141941
0.0141926
0.0141914
0.0141897
0.014182
0.0135388
0.0141692
0.0142152
0.0142207
0.0142197
0.014221
0.0142234
0.014226
0.0142276
0.0142278
0.0142271
0.0142261
0.0142253
0.0142247
0.0142244
0.0142241
0.0142242
0.0142242
0.0142245
0.0142246
0.0142249
0.014225
0.0142253
0.0142255
0.0142258
0.0142259
0.0142262
0.0142263
0.0142266
0.0142267
0.014227
0.0142271
0.0142274
0.0142275
0.0142277
0.0142279
0.0142282
0.0142283
0.0142286
0.0142287
0.014229
0.0142291
0.0142293
0.0142294
0.0142296
0.0142297
0.0142297
0.0142298
0.0142297
0.0142297
0.0142295
0.0142294
0.0142291
0.0142288
0.0142285
0.014228
0.0142275
0.014227
0.0142264
0.0142257
0.014225
0.0142242
0.0142233
0.0142225
0.0142215
0.0142205
0.0142195
0.0142185
0.0142174
0.0142163
0.0142151
0.014214
0.0142127
0.0142116
0.0142103
0.0142091
0.0142078
0.0142066
0.0142053
0.0142041
0.0142027
0.0142015
0.0142001
0.0141989
0.0141974
0.0141962
0.0141946
0.0141935
0.0141918
0.0141846
0.0135386
0.0141684
0.014214
0.0142192
0.0142181
0.0142196
0.0142224
0.0142249
0.014227
0.0142274
0.0142269
0.0142261
0.0142253
0.0142247
0.0142244
0.0142242
0.0142243
0.0142243
0.0142246
0.0142247
0.014225
0.0142251
0.0142254
0.0142256
0.0142259
0.014226
0.0142263
0.0142264
0.0142267
0.0142268
0.0142271
0.0142272
0.0142275
0.0142276
0.0142279
0.014228
0.0142283
0.0142285
0.0142287
0.0142289
0.0142291
0.0142293
0.0142294
0.0142296
0.0142297
0.0142298
0.0142299
0.0142299
0.0142299
0.0142298
0.0142297
0.0142295
0.0142293
0.014229
0.0142286
0.0142282
0.0142277
0.0142272
0.0142265
0.0142259
0.0142251
0.0142244
0.0142235
0.0142226
0.0142217
0.0142207
0.0142197
0.0142187
0.0142175
0.0142165
0.0142153
0.0142142
0.0142129
0.0142118
0.0142105
0.0142093
0.014208
0.0142068
0.0142055
0.0142043
0.0142029
0.0142017
0.0142003
0.014199
0.0141976
0.0141964
0.0141948
0.0141936
0.014192
0.0141849
0.0135613
0.0141707
0.0142133
0.0142182
0.0142177
0.0142197
0.0142224
0.0142249
0.0142269
0.0142275
0.0142272
0.0142266
0.0142261
0.0142256
0.0142255
0.0142253
0.0142254
0.0142255
0.0142257
0.0142258
0.0142261
0.0142262
0.0142265
0.0142266
0.0142268
0.014227
0.0142272
0.0142273
0.0142276
0.0142277
0.0142279
0.014228
0.0142283
0.0142284
0.0142286
0.0142288
0.014229
0.0142291
0.0142294
0.0142295
0.0142297
0.0142299
0.0142301
0.0142302
0.0142303
0.0142304
0.0142305
0.0142305
0.0142304
0.0142304
0.0142302
0.0142301
0.0142298
0.0142295
0.0142291
0.0142287
0.0142282
0.0142277
0.014227
0.0142264
0.0142256
0.0142249
0.014224
0.0142231
0.0142222
0.0142212
0.0142202
0.0142192
0.0142181
0.014217
0.0142158
0.0142147
0.0142135
0.0142123
0.014211
0.0142099
0.0142086
0.0142074
0.014206
0.0142048
0.0142035
0.0142023
0.0142008
0.0141996
0.0141982
0.014197
0.0141954
0.0141942
0.0141926
0.014185
0.0136812
0.014227
0.0142603
0.0142634
0.0142635
0.0142654
0.0142679
0.0142699
0.0142714
0.0142718
0.0142716
0.0142711
0.0142707
0.0142704
0.0142704
0.0142703
0.0142705
0.0142705
0.0142708
0.0142709
0.0142713
0.0142714
0.0142717
0.0142719
0.0142722
0.0142723
0.0142726
0.0142727
0.014273
0.0142732
0.0142734
0.0142736
0.0142738
0.014274
0.0142742
0.0142744
0.0142747
0.0142749
0.0142751
0.0142753
0.0142756
0.0142757
0.014276
0.0142761
0.0142763
0.0142764
0.0142765
0.0142765
0.0142765
0.0142765
0.0142764
0.0142763
0.0142761
0.0142758
0.0142755
0.0142751
0.0142746
0.0142741
0.0142735
0.0142729
0.0142722
0.0142714
0.0142706
0.0142698
0.0142688
0.0142679
0.0142669
0.0142659
0.0142648
0.0142638
0.0142627
0.0142616
0.0142604
0.0142593
0.014258
0.0142569
0.0142556
0.0142544
0.0142531
0.0142519
0.0142506
0.0142494
0.014248
0.0142469
0.0142454
0.0142442
0.0142427
0.0142415
0.0142399
0.0142343
0.0138588
0.0143104
0.0143318
0.0143341
0.014335
0.0143375
0.0143396
0.0143418
0.0143428
0.0143435
0.0143435
0.0143437
0.0143437
0.0143441
0.0143443
0.0143449
0.0143453
0.014346
0.0143464
0.0143471
0.0143476
0.0143483
0.0143488
0.0143494
0.0143499
0.0143505
0.014351
0.0143516
0.0143521
0.0143527
0.0143531
0.0143536
0.0143541
0.0143546
0.014355
0.0143556
0.014356
0.0143565
0.0143569
0.0143575
0.0143578
0.0143583
0.0143587
0.0143591
0.0143594
0.0143598
0.0143601
0.0143604
0.0143605
0.0143607
0.0143607
0.0143608
0.0143607
0.0143607
0.0143604
0.0143603
0.0143599
0.0143596
0.0143591
0.0143587
0.014358
0.0143575
0.0143567
0.0143561
0.0143552
0.0143545
0.0143536
0.0143527
0.0143517
0.0143508
0.0143497
0.0143488
0.0143477
0.0143467
0.0143455
0.0143445
0.0143432
0.0143422
0.0143409
0.0143399
0.0143386
0.0143375
0.0143362
0.0143351
0.0143337
0.0143326
0.0143311
0.01433
0.0143286
0.0143218
0.0144107
0.0146946
0.0147016
0.014703
0.0147039
0.0147068
0.0147087
0.0147115
0.0147125
0.0147144
0.0147148
0.0147166
0.0147172
0.0147191
0.0147198
0.0147218
0.0147227
0.0147248
0.0147257
0.0147277
0.0147287
0.0147307
0.0147317
0.0147337
0.0147347
0.0147366
0.0147376
0.0147394
0.0147404
0.0147421
0.0147431
0.0147448
0.0147457
0.0147474
0.0147482
0.0147498
0.0147507
0.0147522
0.0147531
0.0147545
0.0147553
0.0147567
0.0147574
0.0147587
0.0147593
0.0147604
0.0147609
0.0147619
0.0147623
0.0147632
0.0147634
0.0147641
0.0147642
0.0147646
0.0147646
0.0147649
0.0147646
0.0147648
0.0147643
0.0147643
0.0147638
0.0147636
0.0147629
0.0147626
0.0147618
0.0147613
0.0147604
0.0147599
0.0147589
0.0147582
0.0147571
0.0147564
0.0147553
0.0147545
0.0147533
0.0147525
0.0147513
0.0147504
0.0147491
0.0147483
0.0147469
0.0147461
0.0147447
0.0147438
0.0147423
0.0147415
0.0147399
0.0147392
0.0147376
0.0147369
0.0149064
0.0150239
0.0150271
0.0150276
0.0150282
0.0150297
0.0150306
0.0150328
0.0150335
0.0150357
0.0150363
0.0150387
0.0150393
0.0150418
0.0150425
0.0150451
0.015046
0.0150486
0.0150496
0.0150524
0.0150534
0.0150562
0.0150574
0.0150602
0.0150615
0.0150643
0.0150656
0.0150685
0.0150699
0.0150727
0.0150742
0.0150771
0.0150786
0.0150815
0.0150831
0.0150859
0.0150875
0.0150904
0.015092
0.0150948
0.0150964
0.015099
0.0151006
0.0151031
0.0151045
0.0151069
0.0151081
0.0151102
0.0151113
0.0151132
0.015114
0.0151156
0.0151162
0.0151175
0.0151178
0.0151188
0.0151189
0.0151196
0.0151195
0.0151199
0.0151195
0.0151197
0.0151191
0.0151191
0.0151183
0.0151181
0.0151172
0.0151169
0.0151158
0.0151153
0.0151141
0.0151136
0.0151123
0.0151117
0.0151103
0.0151096
0.0151082
0.0151075
0.015106
0.0151052
0.0151037
0.0151029
0.0151014
0.0151006
0.015099
0.0150984
0.0150967
0.0150964
0.0150936
0.0150923
0.0051833
0.00529759
0.00529684
0.00529383
0.00529893
0.00530519
0.00531263
0.00532286
0.00533035
0.00534258
0.00534973
0.005363
0.0053697
0.00538339
0.00538963
0.00540335
0.00540923
0.00542279
0.00542841
0.00544174
0.00544717
0.00546023
0.00546552
0.00547826
0.00548346
0.00549585
0.00550099
0.00551302
0.0055181
0.00552976
0.00553477
0.00554606
0.00555099
0.00556188
0.00556672
0.0055772
0.00558191
0.00559195
0.00559651
0.00560608
0.00561043
0.00561952
0.00562363
0.00563219
0.00563603
0.00564406
0.00564758
0.00565506
0.00565825
0.00566517
0.00566801
0.00567439
0.00567688
0.00568273
0.00568487
0.00569023
0.00569204
0.00569693
0.00569844
0.00570291
0.00570413
0.00570822
0.0057092
0.00571295
0.0057137
0.00571715
0.00571771
0.00572091
0.00572129
0.00572427
0.0057245
0.0057273
0.00572739
0.00573003
0.00572999
0.0057325
0.00573234
0.00573475
0.00573447
0.0057368
0.0057364
0.00573866
0.00573813
0.00574035
0.00573964
0.00574183
0.00574086
0.00574306
0.00574146
0.00574228
0.0051513
0.00551731
0.00553682
0.00553434
0.00553472
0.00553573
0.00553737
0.00553951
0.00554078
0.00554347
0.00554473
0.00554803
0.00554942
0.00555302
0.00555445
0.00555808
0.00555947
0.00556304
0.00556436
0.00556784
0.00556909
0.00557246
0.00557364
0.0055769
0.00557803
0.00558117
0.00558225
0.00558526
0.00558631
0.0055892
0.00559021
0.00559298
0.00559397
0.00559663
0.00559758
0.00560014
0.00560107
0.00560351
0.00560442
0.00560676
0.00560763
0.00560987
0.0056107
0.00561284
0.00561363
0.00561565
0.0056164
0.00561831
0.005619
0.0056208
0.00562143
0.00562312
0.00562367
0.00562525
0.00562574
0.00562721
0.00562763
0.005629
0.00562935
0.00563062
0.0056309
0.00563208
0.00563231
0.0056334
0.00563357
0.00563458
0.0056347
0.00563564
0.00563571
0.0056366
0.00563663
0.00563746
0.00563744
0.00563823
0.00563817
0.00563892
0.00563882
0.00563954
0.0056394
0.00564009
0.00563991
0.00564059
0.00564034
0.00564103
0.00564066
0.00564139
0.00564091
0.0056415
0.00564107
0.00564129
0.00472846
0.00528479
0.00534332
0.00534967
0.00535074
0.00535188
0.00535257
0.00535292
0.00535245
0.00535197
0.00535119
0.00535088
0.00535044
0.00535045
0.00535028
0.00535046
0.00535042
0.00535063
0.00535062
0.00535083
0.00535081
0.005351
0.00535096
0.00535114
0.00535107
0.00535123
0.00535116
0.0053513
0.00535122
0.00535135
0.00535127
0.0053514
0.00535132
0.00535145
0.00535139
0.00535152
0.00535147
0.00535161
0.00535157
0.00535171
0.00535168
0.00535183
0.0053518
0.00535195
0.00535192
0.00535206
0.00535203
0.00535215
0.0053521
0.0053522
0.00535213
0.0053522
0.0053521
0.00535214
0.00535201
0.00535201
0.00535186
0.00535182
0.00535163
0.00535157
0.00535135
0.00535125
0.005351
0.00535088
0.00535061
0.00535046
0.00535017
0.00535001
0.0053497
0.00534953
0.00534921
0.00534903
0.0053487
0.00534851
0.00534818
0.00534799
0.00534765
0.00534747
0.00534712
0.00534695
0.00534659
0.00534644
0.00534606
0.00534594
0.00534551
0.00534541
0.00534496
0.00534476
0.00534448
0.00534274
0.00451453
0.00516259
0.0052541
0.00526564
0.0052703
0.0052701
0.00527292
0.00527204
0.00527264
0.0052702
0.00526944
0.00526703
0.00526634
0.00526465
0.00526418
0.00526309
0.0052628
0.00526198
0.00526178
0.00526108
0.00526091
0.0052603
0.00526013
0.00525958
0.0052594
0.00525892
0.00525873
0.00525828
0.00525809
0.00525769
0.0052575
0.00525714
0.00525696
0.00525663
0.00525646
0.00525616
0.005256
0.00525573
0.00525559
0.00525534
0.00525521
0.00525498
0.00525485
0.00525463
0.0052545
0.00525429
0.00525414
0.00525393
0.00525377
0.00525354
0.00525336
0.00525311
0.0052529
0.00525263
0.00525239
0.00525209
0.00525181
0.00525149
0.00525118
0.00525083
0.00525049
0.00525011
0.00524975
0.00524936
0.00524897
0.00524856
0.00524816
0.00524773
0.00524732
0.00524688
0.00524646
0.00524602
0.0052456
0.00524516
0.00524474
0.0052443
0.00524388
0.00524345
0.00524302
0.00524261
0.00524218
0.00524178
0.00524132
0.00524095
0.00524045
0.00524008
0.00523954
0.0052391
0.00523842
0.00523654
0.00438605
0.00506877
0.00517213
0.00518553
0.00518969
0.00518943
0.00519282
0.00519311
0.00519458
0.0051927
0.00519202
0.00518965
0.00518885
0.00518713
0.0051867
0.00518574
0.0051856
0.00518524
0.00518525
0.00518499
0.00518502
0.00518479
0.00518482
0.0051846
0.00518462
0.0051844
0.00518441
0.00518421
0.0051842
0.00518401
0.00518399
0.00518381
0.00518379
0.00518362
0.0051836
0.00518345
0.00518343
0.00518329
0.00518327
0.00518315
0.00518313
0.00518301
0.00518298
0.00518286
0.00518283
0.0051827
0.00518265
0.00518251
0.00518243
0.00518227
0.00518216
0.00518197
0.00518182
0.0051816
0.00518141
0.00518116
0.00518093
0.00518064
0.00518038
0.00518005
0.00517975
0.0051794
0.00517906
0.00517868
0.00517831
0.00517791
0.00517752
0.0051771
0.00517668
0.00517625
0.00517582
0.00517537
0.00517493
0.00517448
0.00517403
0.00517358
0.00517312
0.00517267
0.0051722
0.00517176
0.00517127
0.00517084
0.00517033
0.00516991
0.00516939
0.00516894
0.00516843
0.00516794
0.00516738
0.00516519
0.00436334
0.00505105
0.00515479
0.00516594
0.00516817
0.00516714
0.00516993
0.00517083
0.00517301
0.00517134
0.00517085
0.00516832
0.00516748
0.00516563
0.00516512
0.00516402
0.00516375
0.0051631
0.00516299
0.00516251
0.00516246
0.00516207
0.00516202
0.0051617
0.00516165
0.00516138
0.00516133
0.0051611
0.00516104
0.00516085
0.00516078
0.00516062
0.00516056
0.00516042
0.00516037
0.00516025
0.00516021
0.0051601
0.00516007
0.00515998
0.00515995
0.00515986
0.00515983
0.00515975
0.00515971
0.00515962
0.00515957
0.00515946
0.00515938
0.00515926
0.00515915
0.00515899
0.00515884
0.00515866
0.00515847
0.00515825
0.00515802
0.00515776
0.00515749
0.00515719
0.00515689
0.00515656
0.00515622
0.00515586
0.00515549
0.0051551
0.00515471
0.0051543
0.00515388
0.00515346
0.00515303
0.0051526
0.00515215
0.00515171
0.00515125
0.0051508
0.00515034
0.00514989
0.00514942
0.00514897
0.00514848
0.00514804
0.00514753
0.00514708
0.00514656
0.00514609
0.00514548
0.005145
0.00514419
0.00514192
0.0043632
0.00505019
0.00515331
0.00516405
0.00516599
0.00516524
0.00516828
0.00516939
0.00517174
0.00517045
0.0051702
0.00516784
0.0051671
0.00516531
0.00516483
0.00516374
0.00516347
0.00516283
0.00516272
0.00516225
0.0051622
0.00516181
0.00516177
0.00516146
0.00516141
0.00516115
0.00516109
0.00516087
0.00516081
0.00516063
0.00516057
0.00516041
0.00516035
0.00516022
0.00516017
0.00516005
0.00516001
0.00515991
0.00515988
0.00515979
0.00515976
0.00515969
0.00515966
0.00515958
0.00515954
0.00515946
0.0051594
0.0051593
0.00515922
0.0051591
0.00515899
0.00515884
0.00515869
0.00515851
0.00515832
0.0051581
0.00515787
0.00515761
0.00515735
0.00515705
0.00515675
0.00515642
0.00515608
0.00515573
0.00515536
0.00515497
0.00515458
0.00515418
0.00515376
0.00515334
0.00515291
0.00515247
0.00515203
0.00515159
0.00515113
0.00515069
0.00515022
0.00514978
0.00514931
0.00514886
0.00514838
0.00514793
0.00514743
0.00514697
0.00514646
0.00514598
0.00514538
0.0051449
0.00514411
0.00514185
0.00438581
0.00506659
0.00516884
0.00518171
0.00518593
0.00518668
0.00519029
0.00519159
0.00519396
0.00519291
0.00519285
0.0051909
0.00519036
0.00518881
0.00518844
0.00518746
0.00518727
0.00518677
0.00518677
0.00518653
0.00518657
0.00518635
0.0051864
0.00518619
0.00518622
0.00518602
0.00518603
0.00518585
0.00518585
0.00518567
0.00518566
0.0051855
0.00518548
0.00518533
0.00518532
0.00518518
0.00518517
0.00518504
0.00518503
0.00518492
0.0051849
0.00518479
0.00518478
0.00518467
0.00518464
0.00518452
0.00518448
0.00518435
0.00518427
0.00518412
0.00518402
0.00518383
0.00518369
0.00518348
0.0051833
0.00518305
0.00518283
0.00518255
0.00518228
0.00518197
0.00518167
0.00518132
0.00518099
0.00518061
0.00518025
0.00517985
0.00517946
0.00517905
0.00517864
0.00517821
0.00517779
0.00517735
0.00517691
0.00517646
0.00517602
0.00517557
0.00517511
0.00517466
0.0051742
0.00517376
0.00517329
0.00517284
0.00517237
0.00517191
0.00517144
0.00517097
0.00517047
0.00516996
0.00516943
0.00516724
0.00451251
0.00515782
0.0052488
0.0052607
0.00526618
0.00526755
0.00527103
0.00527175
0.00527363
0.00527226
0.00527225
0.00527035
0.00526993
0.00526843
0.00526803
0.005267
0.00526674
0.00526594
0.00526576
0.00526509
0.00526494
0.00526435
0.00526419
0.00526368
0.00526351
0.00526305
0.00526287
0.00526245
0.00526227
0.00526189
0.00526172
0.00526138
0.00526121
0.0052609
0.00526074
0.00526046
0.00526032
0.00526006
0.00525993
0.0052597
0.00525958
0.00525937
0.00525925
0.00525905
0.00525892
0.00525872
0.00525859
0.00525839
0.00525824
0.00525802
0.00525785
0.00525761
0.00525741
0.00525715
0.00525692
0.00525663
0.00525636
0.00525604
0.00525574
0.0052554
0.00525507
0.0052547
0.00525435
0.00525396
0.00525358
0.00525317
0.00525278
0.00525236
0.00525196
0.00525153
0.00525111
0.00525068
0.00525027
0.00524983
0.00524941
0.00524898
0.00524857
0.00524814
0.00524773
0.00524732
0.0052469
0.0052465
0.00524608
0.00524567
0.00524523
0.00524481
0.00524431
0.00524386
0.00524321
0.00524136
0.00472455
0.0052808
0.00534161
0.00535006
0.00535307
0.00535597
0.00535833
0.00536032
0.00536119
0.00536171
0.00536159
0.0053617
0.00536148
0.00536164
0.00536153
0.00536176
0.00536174
0.00536199
0.00536198
0.00536222
0.00536221
0.00536243
0.00536239
0.00536259
0.00536253
0.00536271
0.00536264
0.00536281
0.00536273
0.00536289
0.00536281
0.00536296
0.00536289
0.00536304
0.00536297
0.00536313
0.00536308
0.00536324
0.0053632
0.00536336
0.00536333
0.0053635
0.00536347
0.00536363
0.00536361
0.00536376
0.00536373
0.00536387
0.00536382
0.00536393
0.00536386
0.00536394
0.00536385
0.0053639
0.00536377
0.00536378
0.00536363
0.0053636
0.00536342
0.00536336
0.00536314
0.00536305
0.00536281
0.00536269
0.00536243
0.00536229
0.005362
0.00536185
0.00536154
0.00536138
0.00536106
0.00536089
0.00536057
0.00536039
0.00536006
0.00535988
0.00535955
0.00535938
0.00535904
0.00535887
0.00535853
0.00535837
0.00535802
0.00535787
0.00535751
0.00535736
0.00535698
0.00535677
0.00535654
0.00535489
0.00514979
0.00552435
0.00554871
0.0055495
0.00555219
0.00555516
0.00555861
0.0055623
0.00556466
0.00556817
0.0055699
0.00557355
0.00557508
0.00557884
0.0055803
0.00558404
0.00558543
0.0055891
0.00559041
0.00559398
0.00559522
0.00559867
0.00559985
0.00560318
0.0056043
0.0056075
0.00560858
0.00561166
0.0056127
0.00561565
0.00561666
0.00561949
0.00562047
0.00562319
0.00562414
0.00562675
0.00562768
0.00563018
0.00563108
0.00563347
0.00563435
0.00563663
0.00563747
0.00563965
0.00564045
0.00564252
0.00564326
0.00564522
0.00564591
0.00564776
0.00564839
0.00565012
0.00565068
0.0056523
0.00565279
0.0056543
0.00565472
0.00565612
0.00565648
0.00565778
0.00565808
0.00565929
0.00565952
0.00566064
0.00566082
0.00566187
0.00566199
0.00566297
0.00566305
0.00566396
0.005664
0.00566486
0.00566485
0.00566567
0.00566562
0.0056664
0.00566632
0.00566706
0.00566694
0.00566766
0.00566749
0.00566819
0.00566797
0.00566865
0.00566837
0.00566902
0.00566865
0.00566922
0.00566878
0.00566938
0.00520356
0.00533331
0.00533853
0.00533924
0.00534687
0.00535549
0.00536476
0.00537646
0.00538492
0.00539798
0.00540557
0.00541937
0.00542629
0.00544041
0.0054468
0.0054609
0.0054669
0.00548085
0.00548656
0.00550026
0.00550578
0.00551918
0.00552456
0.00553762
0.0055429
0.00555561
0.00556081
0.00557314
0.00557828
0.00559022
0.0055953
0.00560684
0.00561184
0.00562298
0.00562787
0.00563858
0.00564335
0.00565361
0.00565821
0.005668
0.0056724
0.00568168
0.00568583
0.00569459
0.00569846
0.00570667
0.00571023
0.00571788
0.00572111
0.0057282
0.00573107
0.0057376
0.00574012
0.00574612
0.00574829
0.00575379
0.00575563
0.00576066
0.0057622
0.00576679
0.00576805
0.00577226
0.00577326
0.00577713
0.00577791
0.00578148
0.00578206
0.00578537
0.00578577
0.00578886
0.00578911
0.00579201
0.00579212
0.00579486
0.00579484
0.00579744
0.0057973
0.0057998
0.00579954
0.00580195
0.00580157
0.00580391
0.00580341
0.00580567
0.00580504
0.0058072
0.00580637
0.00580855
0.00580689
0.00580849
0.0051833
0.00529759
0.00529684
0.00529383
0.00529893
0.00530519
0.00531263
0.00532286
0.00533035
0.00534258
0.00534973
0.005363
0.0053697
0.00538339
0.00538963
0.00540335
0.00540923
0.00542279
0.00542841
0.00544174
0.00544717
0.00546022
0.00546552
0.00547826
0.00548346
0.00549585
0.00550099
0.00551302
0.0055181
0.00552976
0.00553477
0.00554606
0.00555099
0.00556188
0.00556672
0.0055772
0.00558191
0.00559195
0.00559651
0.00560608
0.00561043
0.00561952
0.00562363
0.00563219
0.00563603
0.00564406
0.00564758
0.00565506
0.00565825
0.00566517
0.00566801
0.00567439
0.00567688
0.00568273
0.00568487
0.00569023
0.00569204
0.00569693
0.00569844
0.00570291
0.00570413
0.00570822
0.0057092
0.00571295
0.0057137
0.00571715
0.00571771
0.00572091
0.0057213
0.00572428
0.0057245
0.0057273
0.00572739
0.00573003
0.00572999
0.0057325
0.00573234
0.00573475
0.00573447
0.0057368
0.0057364
0.00573866
0.00573813
0.00574035
0.00573965
0.00574183
0.00574087
0.00574306
0.00574146
0.00574228
0.0051513
0.00551731
0.00553682
0.00553434
0.00553472
0.00553573
0.00553737
0.00553951
0.00554078
0.00554347
0.00554473
0.00554803
0.00554942
0.00555302
0.00555445
0.00555808
0.00555947
0.00556304
0.00556436
0.00556784
0.00556909
0.00557246
0.00557364
0.0055769
0.00557803
0.00558117
0.00558225
0.00558526
0.00558631
0.0055892
0.00559021
0.00559298
0.00559397
0.00559663
0.00559758
0.00560014
0.00560107
0.00560351
0.00560442
0.00560676
0.00560763
0.00560987
0.0056107
0.00561284
0.00561363
0.00561565
0.0056164
0.00561831
0.005619
0.0056208
0.00562143
0.00562312
0.00562367
0.00562525
0.00562574
0.00562721
0.00562763
0.005629
0.00562935
0.00563062
0.0056309
0.00563208
0.00563231
0.0056334
0.00563357
0.00563458
0.0056347
0.00563564
0.00563571
0.0056366
0.00563663
0.00563746
0.00563744
0.00563823
0.00563817
0.00563892
0.00563882
0.00563954
0.0056394
0.00564009
0.00563991
0.00564059
0.00564034
0.00564103
0.00564066
0.00564139
0.00564091
0.0056415
0.00564107
0.00564129
0.00472846
0.00528479
0.00534332
0.00534967
0.00535074
0.00535188
0.00535257
0.00535292
0.00535245
0.00535197
0.00535119
0.00535088
0.00535044
0.00535045
0.00535028
0.00535046
0.00535042
0.00535063
0.00535062
0.00535083
0.00535081
0.005351
0.00535096
0.00535114
0.00535107
0.00535123
0.00535116
0.0053513
0.00535122
0.00535135
0.00535127
0.0053514
0.00535132
0.00535145
0.00535139
0.00535152
0.00535147
0.00535161
0.00535156
0.00535171
0.00535168
0.00535183
0.0053518
0.00535195
0.00535192
0.00535206
0.00535203
0.00535215
0.0053521
0.0053522
0.00535213
0.0053522
0.0053521
0.00535214
0.00535201
0.00535201
0.00535186
0.00535182
0.00535163
0.00535157
0.00535135
0.00535125
0.005351
0.00535088
0.00535061
0.00535046
0.00535017
0.00535001
0.0053497
0.00534953
0.00534921
0.00534903
0.0053487
0.00534851
0.00534818
0.00534799
0.00534765
0.00534747
0.00534712
0.00534695
0.00534659
0.00534644
0.00534606
0.00534594
0.00534551
0.00534541
0.00534496
0.00534476
0.00534448
0.00534274
0.00451453
0.00516259
0.0052541
0.00526564
0.0052703
0.0052701
0.00527292
0.00527204
0.00527264
0.0052702
0.00526944
0.00526703
0.00526634
0.00526465
0.00526418
0.00526308
0.0052628
0.00526198
0.00526178
0.00526108
0.00526091
0.0052603
0.00526013
0.00525958
0.0052594
0.00525891
0.00525873
0.00525828
0.00525809
0.00525769
0.0052575
0.00525714
0.00525696
0.00525663
0.00525646
0.00525616
0.005256
0.00525573
0.00525559
0.00525534
0.00525521
0.00525498
0.00525485
0.00525463
0.0052545
0.00525429
0.00525414
0.00525393
0.00525377
0.00525354
0.00525336
0.00525311
0.0052529
0.00525263
0.00525239
0.00525209
0.00525181
0.00525148
0.00525118
0.00525083
0.00525049
0.00525011
0.00524975
0.00524936
0.00524897
0.00524856
0.00524816
0.00524773
0.00524732
0.00524688
0.00524646
0.00524602
0.0052456
0.00524516
0.00524474
0.0052443
0.00524388
0.00524345
0.00524302
0.00524261
0.00524218
0.00524178
0.00524132
0.00524095
0.00524045
0.00524007
0.00523954
0.0052391
0.00523842
0.00523654
0.00438605
0.00506877
0.00517213
0.00518553
0.00518969
0.00518943
0.00519282
0.00519311
0.00519458
0.0051927
0.00519202
0.00518965
0.00518885
0.00518713
0.0051867
0.00518574
0.0051856
0.00518524
0.00518525
0.00518499
0.00518502
0.00518479
0.00518482
0.0051846
0.00518462
0.0051844
0.00518441
0.00518421
0.0051842
0.005184
0.00518399
0.00518381
0.00518379
0.00518362
0.0051836
0.00518345
0.00518343
0.00518329
0.00518327
0.00518315
0.00518313
0.00518301
0.00518298
0.00518286
0.00518283
0.0051827
0.00518265
0.00518251
0.00518243
0.00518227
0.00518216
0.00518197
0.00518182
0.0051816
0.00518141
0.00518116
0.00518093
0.00518064
0.00518038
0.00518005
0.00517975
0.0051794
0.00517906
0.00517868
0.00517831
0.00517791
0.00517752
0.00517709
0.00517668
0.00517625
0.00517582
0.00517537
0.00517493
0.00517448
0.00517403
0.00517358
0.00517312
0.00517267
0.0051722
0.00517176
0.00517127
0.00517084
0.00517033
0.00516991
0.00516939
0.00516894
0.00516843
0.00516794
0.00516738
0.00516519
0.00436334
0.00505105
0.00515479
0.00516594
0.00516817
0.00516714
0.00516993
0.00517083
0.00517301
0.00517134
0.00517085
0.00516832
0.00516748
0.00516563
0.00516512
0.00516402
0.00516375
0.0051631
0.00516299
0.00516251
0.00516245
0.00516206
0.00516202
0.0051617
0.00516165
0.00516138
0.00516133
0.0051611
0.00516104
0.00516085
0.00516078
0.00516062
0.00516056
0.00516042
0.00516037
0.00516025
0.00516021
0.0051601
0.00516007
0.00515998
0.00515995
0.00515986
0.00515983
0.00515975
0.00515971
0.00515962
0.00515957
0.00515946
0.00515938
0.00515926
0.00515915
0.00515899
0.00515884
0.00515866
0.00515847
0.00515825
0.00515802
0.00515776
0.00515749
0.00515719
0.00515689
0.00515656
0.00515622
0.00515586
0.00515549
0.0051551
0.00515471
0.0051543
0.00515388
0.00515346
0.00515303
0.0051526
0.00515215
0.00515171
0.00515125
0.0051508
0.00515034
0.00514989
0.00514942
0.00514897
0.00514848
0.00514804
0.00514753
0.00514708
0.00514656
0.00514608
0.00514548
0.005145
0.00514419
0.00514192
0.0043632
0.00505019
0.00515331
0.00516405
0.00516599
0.00516524
0.00516828
0.00516939
0.00517174
0.00517045
0.0051702
0.00516784
0.0051671
0.00516531
0.00516483
0.00516374
0.00516347
0.00516283
0.00516272
0.00516224
0.0051622
0.00516181
0.00516177
0.00516146
0.00516141
0.00516115
0.00516109
0.00516087
0.00516081
0.00516063
0.00516057
0.00516041
0.00516035
0.00516022
0.00516017
0.00516005
0.00516001
0.00515991
0.00515988
0.00515979
0.00515976
0.00515969
0.00515965
0.00515958
0.00515954
0.00515945
0.0051594
0.0051593
0.00515922
0.0051591
0.00515899
0.00515884
0.00515869
0.00515851
0.00515832
0.0051581
0.00515787
0.00515761
0.00515735
0.00515705
0.00515675
0.00515642
0.00515608
0.00515573
0.00515536
0.00515497
0.00515458
0.00515418
0.00515376
0.00515334
0.00515291
0.00515247
0.00515203
0.00515159
0.00515113
0.00515069
0.00515022
0.00514978
0.00514931
0.00514886
0.00514838
0.00514793
0.00514743
0.00514697
0.00514646
0.00514598
0.00514538
0.0051449
0.00514411
0.00514185
0.00438581
0.00506659
0.00516884
0.00518171
0.00518593
0.00518668
0.00519029
0.00519159
0.00519396
0.00519291
0.00519285
0.0051909
0.00519036
0.00518881
0.00518844
0.00518746
0.00518727
0.00518677
0.00518677
0.00518653
0.00518657
0.00518635
0.0051864
0.00518619
0.00518622
0.00518602
0.00518603
0.00518585
0.00518585
0.00518567
0.00518566
0.00518549
0.00518548
0.00518533
0.00518532
0.00518518
0.00518517
0.00518504
0.00518503
0.00518492
0.0051849
0.00518479
0.00518478
0.00518467
0.00518464
0.00518452
0.00518448
0.00518435
0.00518427
0.00518412
0.00518401
0.00518383
0.00518369
0.00518348
0.0051833
0.00518305
0.00518283
0.00518255
0.00518228
0.00518197
0.00518167
0.00518132
0.00518099
0.00518061
0.00518025
0.00517985
0.00517946
0.00517905
0.00517864
0.00517821
0.00517778
0.00517735
0.00517691
0.00517646
0.00517602
0.00517557
0.00517511
0.00517466
0.0051742
0.00517376
0.00517329
0.00517284
0.00517236
0.00517191
0.00517144
0.00517097
0.00517047
0.00516996
0.00516943
0.00516724
0.00451251
0.00515782
0.0052488
0.0052607
0.00526618
0.00526755
0.00527103
0.00527175
0.00527363
0.00527226
0.00527225
0.00527035
0.00526993
0.00526843
0.00526803
0.005267
0.00526674
0.00526594
0.00526576
0.00526509
0.00526494
0.00526435
0.00526419
0.00526368
0.00526351
0.00526305
0.00526287
0.00526245
0.00526227
0.00526189
0.00526172
0.00526137
0.00526121
0.0052609
0.00526074
0.00526046
0.00526032
0.00526006
0.00525993
0.0052597
0.00525958
0.00525937
0.00525925
0.00525904
0.00525892
0.00525872
0.00525859
0.00525839
0.00525824
0.00525802
0.00525785
0.00525761
0.00525741
0.00525715
0.00525692
0.00525663
0.00525636
0.00525604
0.00525574
0.0052554
0.00525507
0.0052547
0.00525435
0.00525396
0.00525358
0.00525317
0.00525278
0.00525236
0.00525195
0.00525153
0.00525111
0.00525068
0.00525026
0.00524983
0.00524941
0.00524898
0.00524857
0.00524814
0.00524773
0.00524732
0.0052469
0.0052465
0.00524608
0.00524567
0.00524523
0.00524481
0.00524431
0.00524386
0.00524321
0.00524136
0.00472455
0.0052808
0.00534161
0.00535006
0.00535307
0.00535597
0.00535833
0.00536032
0.00536119
0.00536171
0.00536159
0.0053617
0.00536148
0.00536164
0.00536153
0.00536176
0.00536174
0.00536199
0.00536198
0.00536222
0.00536221
0.00536243
0.00536239
0.00536259
0.00536253
0.00536271
0.00536264
0.00536281
0.00536273
0.00536289
0.00536281
0.00536296
0.00536289
0.00536304
0.00536297
0.00536313
0.00536308
0.00536324
0.0053632
0.00536336
0.00536333
0.0053635
0.00536347
0.00536363
0.00536361
0.00536376
0.00536373
0.00536386
0.00536382
0.00536393
0.00536386
0.00536394
0.00536385
0.0053639
0.00536377
0.00536378
0.00536363
0.0053636
0.00536342
0.00536336
0.00536314
0.00536305
0.00536281
0.00536269
0.00536243
0.00536229
0.005362
0.00536185
0.00536154
0.00536138
0.00536106
0.00536089
0.00536057
0.00536039
0.00536006
0.00535988
0.00535955
0.00535938
0.00535904
0.00535887
0.00535853
0.00535837
0.00535802
0.00535787
0.00535751
0.00535736
0.00535698
0.00535677
0.00535654
0.00535489
0.00514979
0.00552435
0.00554871
0.0055495
0.00555219
0.00555516
0.00555861
0.0055623
0.00556466
0.00556817
0.0055699
0.00557355
0.00557508
0.00557884
0.0055803
0.00558404
0.00558543
0.0055891
0.00559041
0.00559398
0.00559522
0.00559867
0.00559985
0.00560318
0.0056043
0.0056075
0.00560858
0.00561166
0.0056127
0.00561565
0.00561666
0.00561949
0.00562047
0.00562319
0.00562414
0.00562675
0.00562768
0.00563018
0.00563108
0.00563347
0.00563435
0.00563663
0.00563747
0.00563965
0.00564045
0.00564252
0.00564326
0.00564522
0.00564591
0.00564776
0.00564839
0.00565012
0.00565068
0.0056523
0.00565279
0.0056543
0.00565472
0.00565612
0.00565648
0.00565778
0.00565808
0.00565929
0.00565952
0.00566064
0.00566082
0.00566187
0.00566199
0.00566297
0.00566305
0.00566396
0.005664
0.00566486
0.00566485
0.00566567
0.00566562
0.0056664
0.00566632
0.00566706
0.00566694
0.00566766
0.00566749
0.00566819
0.00566797
0.00566865
0.00566837
0.00566902
0.00566865
0.00566922
0.00566878
0.00566938
0.00520356
0.00533331
0.00533853
0.00533924
0.00534687
0.00535549
0.00536476
0.00537646
0.00538492
0.00539798
0.00540557
0.00541937
0.00542629
0.00544041
0.0054468
0.0054609
0.0054669
0.00548085
0.00548656
0.00550026
0.00550578
0.00551918
0.00552456
0.00553762
0.0055429
0.00555561
0.00556081
0.00557314
0.00557828
0.00559022
0.0055953
0.00560684
0.00561184
0.00562298
0.00562787
0.00563858
0.00564335
0.00565361
0.00565821
0.005668
0.0056724
0.00568168
0.00568583
0.00569459
0.00569846
0.00570667
0.00571023
0.00571788
0.00572111
0.0057282
0.00573107
0.0057376
0.00574012
0.00574612
0.00574829
0.00575379
0.00575563
0.00576066
0.0057622
0.00576679
0.00576805
0.00577226
0.00577326
0.00577713
0.00577791
0.00578148
0.00578206
0.00578537
0.00578578
0.00578886
0.00578911
0.00579201
0.00579212
0.00579486
0.00579484
0.00579744
0.0057973
0.0057998
0.00579954
0.00580195
0.00580157
0.00580391
0.00580341
0.00580567
0.00580504
0.0058072
0.00580637
0.00580856
0.00580689
0.00580849
0.0148852
0.0149899
0.0149889
0.0149868
0.0149855
0.0149855
0.0149851
0.0149863
0.0149864
0.0149881
0.0149884
0.0149905
0.0149911
0.0149934
0.0149941
0.0149965
0.0149974
0.0149999
0.0150009
0.0150035
0.0150045
0.0150072
0.0150083
0.015011
0.0150122
0.015015
0.0150162
0.015019
0.0150203
0.0150231
0.0150245
0.0150273
0.0150288
0.0150315
0.0150331
0.0150358
0.0150374
0.0150402
0.0150418
0.0150444
0.015046
0.0150486
0.0150501
0.0150526
0.015054
0.0150562
0.0150575
0.0150595
0.0150606
0.0150624
0.0150632
0.0150647
0.0150653
0.0150666
0.0150669
0.0150678
0.0150679
0.0150686
0.0150684
0.0150688
0.0150684
0.0150686
0.015068
0.0150679
0.0150671
0.0150669
0.015066
0.0150656
0.0150645
0.015064
0.0150628
0.0150622
0.015061
0.0150603
0.0150589
0.0150582
0.0150568
0.015056
0.0150546
0.0150538
0.0150523
0.0150515
0.0150499
0.0150491
0.0150475
0.0150469
0.0150451
0.0150448
0.0150419
0.0150404
0.0144148
0.0146935
0.0146979
0.0146973
0.0146965
0.0146979
0.0146983
0.0146997
0.0146996
0.0147007
0.0147006
0.014702
0.0147024
0.0147042
0.0147049
0.0147068
0.0147077
0.0147097
0.0147106
0.0147126
0.0147136
0.0147155
0.0147165
0.0147184
0.0147194
0.0147212
0.0147222
0.0147239
0.0147249
0.0147266
0.0147275
0.0147292
0.0147301
0.0147317
0.0147326
0.0147341
0.014735
0.0147365
0.0147373
0.0147387
0.0147395
0.0147408
0.0147415
0.0147427
0.0147434
0.0147445
0.014745
0.0147459
0.0147463
0.0147471
0.0147473
0.014748
0.014748
0.0147485
0.0147484
0.0147487
0.0147484
0.0147485
0.0147481
0.014748
0.0147475
0.0147473
0.0147466
0.0147462
0.0147454
0.0147449
0.014744
0.0147434
0.0147424
0.0147418
0.0147407
0.01474
0.0147388
0.014738
0.0147368
0.014736
0.0147347
0.0147339
0.0147326
0.0147317
0.0147303
0.0147295
0.014728
0.0147272
0.0147256
0.0147249
0.0147232
0.0147225
0.0147207
0.0147197
0.0138633
0.0143153
0.0143359
0.0143371
0.0143366
0.0143378
0.0143385
0.0143394
0.0143391
0.0143388
0.0143382
0.014338
0.0143378
0.0143381
0.0143382
0.0143388
0.0143392
0.0143398
0.0143403
0.0143409
0.0143414
0.0143421
0.0143426
0.0143432
0.0143437
0.0143443
0.0143448
0.0143454
0.0143458
0.0143464
0.0143468
0.0143473
0.0143477
0.0143483
0.0143487
0.0143492
0.0143496
0.0143502
0.0143505
0.0143511
0.0143514
0.0143519
0.0143522
0.0143527
0.014353
0.0143534
0.0143536
0.0143539
0.014354
0.0143542
0.0143542
0.0143543
0.0143542
0.0143541
0.0143539
0.0143537
0.0143533
0.014353
0.0143525
0.014352
0.0143514
0.0143509
0.0143501
0.0143494
0.0143486
0.0143478
0.0143469
0.014346
0.014345
0.0143441
0.014343
0.0143421
0.0143409
0.0143399
0.0143387
0.0143377
0.0143365
0.0143354
0.0143341
0.0143331
0.0143318
0.0143307
0.0143293
0.0143283
0.0143268
0.0143258
0.0143242
0.0143232
0.0143215
0.0143145
0.0136831
0.0142309
0.0142651
0.0142681
0.0142676
0.0142686
0.01427
0.0142712
0.0142713
0.0142708
0.0142699
0.014269
0.0142684
0.0142679
0.0142678
0.0142677
0.0142679
0.0142679
0.0142682
0.0142683
0.0142686
0.0142687
0.0142691
0.0142692
0.0142695
0.0142696
0.0142699
0.0142701
0.0142703
0.0142705
0.0142707
0.0142709
0.0142711
0.0142713
0.0142715
0.0142717
0.0142719
0.0142721
0.0142723
0.0142725
0.0142728
0.0142729
0.0142731
0.0142733
0.0142734
0.0142736
0.0142736
0.0142737
0.0142737
0.0142736
0.0142735
0.0142734
0.0142732
0.0142729
0.0142725
0.0142722
0.0142717
0.0142712
0.0142706
0.0142699
0.0142692
0.0142685
0.0142676
0.0142668
0.0142659
0.014265
0.0142639
0.0142629
0.0142619
0.0142608
0.0142597
0.0142586
0.0142574
0.0142562
0.014255
0.0142538
0.0142526
0.0142514
0.0142501
0.0142489
0.0142475
0.0142464
0.0142449
0.0142438
0.0142423
0.0142412
0.0142396
0.0142385
0.0142368
0.0142311
0.0135614
0.014172
0.0142154
0.0142207
0.01422
0.0142214
0.0142233
0.0142255
0.0142264
0.0142264
0.0142255
0.0142246
0.0142238
0.0142233
0.014223
0.0142228
0.0142229
0.0142229
0.0142232
0.0142232
0.0142235
0.0142236
0.0142239
0.014224
0.0142243
0.0142244
0.0142246
0.0142247
0.014225
0.0142251
0.0142253
0.0142254
0.0142256
0.0142258
0.014226
0.0142261
0.0142263
0.0142265
0.0142267
0.0142269
0.0142271
0.0142272
0.0142274
0.0142275
0.0142276
0.0142277
0.0142278
0.0142278
0.0142277
0.0142277
0.0142275
0.0142273
0.0142271
0.0142268
0.0142264
0.014226
0.0142255
0.0142249
0.0142243
0.0142236
0.0142229
0.0142221
0.0142213
0.0142204
0.0142194
0.0142185
0.0142174
0.0142164
0.0142153
0.0142142
0.014213
0.0142119
0.0142107
0.0142095
0.0142083
0.0142071
0.0142058
0.0142046
0.0142032
0.014202
0.0142007
0.0141995
0.014198
0.0141968
0.0141953
0.0141941
0.0141926
0.0141914
0.0141897
0.014182
0.0135388
0.0141692
0.0142152
0.0142207
0.0142197
0.014221
0.0142234
0.014226
0.0142276
0.0142278
0.0142271
0.0142261
0.0142253
0.0142247
0.0142244
0.0142241
0.0142242
0.0142242
0.0142245
0.0142246
0.0142249
0.014225
0.0142253
0.0142255
0.0142258
0.0142259
0.0142262
0.0142263
0.0142266
0.0142267
0.014227
0.0142271
0.0142274
0.0142275
0.0142277
0.0142279
0.0142282
0.0142283
0.0142286
0.0142287
0.014229
0.0142291
0.0142293
0.0142294
0.0142296
0.0142297
0.0142297
0.0142298
0.0142297
0.0142297
0.0142295
0.0142294
0.0142291
0.0142288
0.0142285
0.014228
0.0142275
0.014227
0.0142264
0.0142257
0.014225
0.0142242
0.0142233
0.0142225
0.0142215
0.0142205
0.0142195
0.0142185
0.0142174
0.0142163
0.0142151
0.014214
0.0142127
0.0142116
0.0142103
0.0142091
0.0142078
0.0142066
0.0142053
0.0142041
0.0142027
0.0142015
0.0142001
0.0141989
0.0141974
0.0141962
0.0141946
0.0141935
0.0141918
0.0141846
0.0135386
0.0141684
0.014214
0.0142192
0.0142181
0.0142196
0.0142224
0.0142249
0.014227
0.0142274
0.0142269
0.0142261
0.0142253
0.0142247
0.0142244
0.0142242
0.0142243
0.0142243
0.0142246
0.0142247
0.014225
0.0142251
0.0142254
0.0142256
0.0142259
0.014226
0.0142263
0.0142264
0.0142267
0.0142268
0.0142271
0.0142272
0.0142275
0.0142276
0.0142279
0.014228
0.0142283
0.0142285
0.0142287
0.0142289
0.0142291
0.0142293
0.0142294
0.0142296
0.0142297
0.0142298
0.0142299
0.0142299
0.0142299
0.0142298
0.0142297
0.0142295
0.0142293
0.014229
0.0142286
0.0142282
0.0142277
0.0142272
0.0142265
0.0142259
0.0142251
0.0142244
0.0142235
0.0142226
0.0142217
0.0142207
0.0142197
0.0142187
0.0142175
0.0142165
0.0142153
0.0142142
0.0142129
0.0142118
0.0142105
0.0142093
0.014208
0.0142068
0.0142055
0.0142043
0.0142029
0.0142017
0.0142003
0.014199
0.0141976
0.0141964
0.0141948
0.0141936
0.014192
0.0141849
0.0135613
0.0141707
0.0142133
0.0142182
0.0142177
0.0142197
0.0142224
0.0142249
0.0142269
0.0142275
0.0142272
0.0142266
0.0142261
0.0142256
0.0142255
0.0142253
0.0142254
0.0142255
0.0142257
0.0142258
0.0142261
0.0142262
0.0142265
0.0142266
0.0142268
0.0142269
0.0142272
0.0142273
0.0142276
0.0142277
0.0142279
0.014228
0.0142283
0.0142284
0.0142286
0.0142288
0.014229
0.0142291
0.0142294
0.0142295
0.0142297
0.0142299
0.0142301
0.0142302
0.0142303
0.0142304
0.0142305
0.0142305
0.0142304
0.0142304
0.0142302
0.01423
0.0142298
0.0142295
0.0142291
0.0142287
0.0142282
0.0142277
0.014227
0.0142264
0.0142256
0.0142249
0.014224
0.0142231
0.0142222
0.0142212
0.0142202
0.0142192
0.0142181
0.014217
0.0142158
0.0142147
0.0142135
0.0142123
0.014211
0.0142099
0.0142086
0.0142074
0.014206
0.0142048
0.0142035
0.0142023
0.0142008
0.0141996
0.0141982
0.014197
0.0141954
0.0141942
0.0141926
0.014185
0.0136812
0.014227
0.0142603
0.0142634
0.0142635
0.0142654
0.0142679
0.0142699
0.0142714
0.0142718
0.0142716
0.0142711
0.0142707
0.0142704
0.0142704
0.0142703
0.0142705
0.0142705
0.0142708
0.0142709
0.0142713
0.0142714
0.0142717
0.0142719
0.0142722
0.0142723
0.0142726
0.0142727
0.014273
0.0142732
0.0142734
0.0142736
0.0142738
0.014274
0.0142742
0.0142744
0.0142747
0.0142749
0.0142751
0.0142753
0.0142756
0.0142757
0.0142759
0.0142761
0.0142763
0.0142764
0.0142765
0.0142765
0.0142765
0.0142765
0.0142764
0.0142763
0.0142761
0.0142758
0.0142755
0.0142751
0.0142746
0.0142741
0.0142735
0.0142729
0.0142722
0.0142714
0.0142706
0.0142698
0.0142688
0.0142679
0.0142669
0.0142659
0.0142648
0.0142638
0.0142627
0.0142616
0.0142604
0.0142593
0.014258
0.0142569
0.0142556
0.0142544
0.0142531
0.0142519
0.0142506
0.0142494
0.014248
0.0142469
0.0142454
0.0142442
0.0142427
0.0142415
0.0142399
0.0142343
0.0138588
0.0143104
0.0143318
0.0143341
0.014335
0.0143375
0.0143396
0.0143418
0.0143428
0.0143435
0.0143435
0.0143437
0.0143437
0.0143441
0.0143443
0.0143449
0.0143453
0.014346
0.0143464
0.0143471
0.0143476
0.0143483
0.0143488
0.0143494
0.0143499
0.0143505
0.014351
0.0143516
0.0143521
0.0143526
0.0143531
0.0143536
0.0143541
0.0143546
0.014355
0.0143556
0.014356
0.0143565
0.0143569
0.0143575
0.0143578
0.0143583
0.0143587
0.0143591
0.0143594
0.0143598
0.0143601
0.0143604
0.0143605
0.0143607
0.0143607
0.0143608
0.0143607
0.0143607
0.0143604
0.0143603
0.0143599
0.0143596
0.0143591
0.0143587
0.014358
0.0143575
0.0143567
0.0143561
0.0143552
0.0143545
0.0143536
0.0143527
0.0143517
0.0143508
0.0143497
0.0143488
0.0143477
0.0143467
0.0143455
0.0143445
0.0143432
0.0143422
0.0143409
0.0143399
0.0143386
0.0143375
0.0143362
0.0143351
0.0143337
0.0143326
0.0143311
0.01433
0.0143286
0.0143218
0.0144107
0.0146946
0.0147016
0.014703
0.0147039
0.0147068
0.0147087
0.0147115
0.0147125
0.0147144
0.0147148
0.0147166
0.0147172
0.0147191
0.0147198
0.0147218
0.0147227
0.0147248
0.0147257
0.0147277
0.0147287
0.0147307
0.0147317
0.0147337
0.0147347
0.0147366
0.0147376
0.0147394
0.0147403
0.0147421
0.0147431
0.0147448
0.0147457
0.0147474
0.0147482
0.0147498
0.0147507
0.0147522
0.0147531
0.0147545
0.0147553
0.0147567
0.0147574
0.0147587
0.0147593
0.0147604
0.0147609
0.0147619
0.0147623
0.0147632
0.0147634
0.0147641
0.0147642
0.0147646
0.0147646
0.0147649
0.0147646
0.0147647
0.0147643
0.0147643
0.0147638
0.0147636
0.0147629
0.0147626
0.0147618
0.0147613
0.0147604
0.0147599
0.0147589
0.0147582
0.0147571
0.0147564
0.0147553
0.0147545
0.0147533
0.0147525
0.0147513
0.0147504
0.0147491
0.0147483
0.0147469
0.0147461
0.0147447
0.0147438
0.0147423
0.0147415
0.0147399
0.0147392
0.0147376
0.0147369
0.0149064
0.0150239
0.0150271
0.0150276
0.0150282
0.0150297
0.0150306
0.0150328
0.0150335
0.0150357
0.0150363
0.0150387
0.0150393
0.0150418
0.0150425
0.0150451
0.015046
0.0150486
0.0150496
0.0150524
0.0150534
0.0150562
0.0150574
0.0150602
0.0150615
0.0150643
0.0150656
0.0150685
0.0150699
0.0150727
0.0150742
0.0150771
0.0150786
0.0150815
0.0150831
0.0150859
0.0150875
0.0150904
0.015092
0.0150948
0.0150964
0.015099
0.0151006
0.0151031
0.0151045
0.0151069
0.0151081
0.0151102
0.0151113
0.0151132
0.015114
0.0151156
0.0151162
0.0151175
0.0151178
0.0151188
0.0151189
0.0151196
0.0151195
0.0151199
0.0151195
0.0151197
0.0151191
0.0151191
0.0151183
0.0151181
0.0151172
0.0151169
0.0151158
0.0151153
0.0151141
0.0151136
0.0151123
0.0151117
0.0151103
0.0151096
0.0151082
0.0151075
0.015106
0.0151052
0.0151037
0.0151029
0.0151014
0.0151006
0.015099
0.0150984
0.0150967
0.0150964
0.0150936
0.0150923
0.0326074
0.0326672
0.0326678
0.032666
0.0326635
0.0326614
0.0326597
0.0326586
0.0326581
0.0326576
0.0326576
0.0326572
0.0326573
0.0326569
0.032657
0.0326566
0.0326568
0.0326565
0.0326567
0.0326566
0.0326569
0.0326568
0.0326571
0.0326571
0.0326576
0.0326576
0.0326581
0.0326582
0.0326587
0.0326589
0.0326594
0.0326598
0.0326603
0.0326607
0.0326614
0.0326619
0.0326626
0.0326632
0.032664
0.0326646
0.0326654
0.0326661
0.0326668
0.0326674
0.032668
0.0326685
0.032669
0.0326693
0.0326695
0.0326696
0.0326695
0.0326693
0.032669
0.0326684
0.0326677
0.0326669
0.0326658
0.0326646
0.0326632
0.0326617
0.0326599
0.0326581
0.0326561
0.032654
0.0326517
0.0326494
0.0326468
0.0326443
0.0326416
0.032639
0.0326361
0.0326333
0.0326303
0.0326275
0.0326244
0.0326214
0.0326183
0.0326153
0.032612
0.032609
0.0326057
0.0326027
0.0325993
0.0325962
0.0325929
0.0325898
0.0325863
0.0325834
0.0325768
0.0325709
0.0187357
0.018997
0.0189959
0.0189982
0.0189938
0.0189979
0.0189958
0.0189993
0.0189971
0.0189999
0.0189984
0.0190013
0.0190008
0.019004
0.0190042
0.0190075
0.0190082
0.0190115
0.0190125
0.0190158
0.0190169
0.0190202
0.0190215
0.0190248
0.0190262
0.0190295
0.019031
0.0190342
0.0190357
0.0190389
0.0190405
0.0190437
0.0190454
0.0190485
0.0190502
0.0190532
0.0190549
0.0190579
0.0190596
0.0190625
0.0190641
0.0190668
0.0190683
0.0190709
0.0190722
0.0190746
0.0190758
0.0190779
0.0190788
0.0190806
0.0190813
0.0190828
0.0190833
0.0190844
0.0190846
0.0190855
0.0190853
0.0190859
0.0190855
0.0190858
0.0190852
0.0190852
0.0190844
0.0190842
0.0190831
0.0190828
0.0190815
0.019081
0.0190796
0.0190789
0.0190775
0.0190767
0.0190751
0.0190742
0.0190725
0.0190716
0.0190698
0.0190688
0.019067
0.0190659
0.0190641
0.0190629
0.019061
0.0190598
0.0190579
0.0190566
0.0190546
0.0190534
0.0190487
0.0190451
0.0151033
0.0155584
0.0155644
0.0155714
0.0155643
0.015573
0.0155696
0.0155778
0.0155748
0.0155818
0.0155798
0.0155867
0.0155861
0.0155932
0.0155938
0.0156008
0.0156022
0.0156092
0.0156111
0.015618
0.0156201
0.0156269
0.0156293
0.015636
0.0156385
0.0156451
0.0156478
0.0156542
0.0156569
0.0156632
0.0156661
0.0156722
0.0156751
0.015681
0.0156839
0.0156897
0.0156926
0.0156982
0.015701
0.0157064
0.0157091
0.0157142
0.0157168
0.0157217
0.015724
0.0157285
0.0157307
0.0157348
0.0157367
0.0157405
0.0157421
0.0157455
0.0157468
0.0157497
0.0157507
0.0157533
0.015754
0.0157562
0.0157566
0.0157585
0.0157587
0.0157602
0.0157602
0.0157615
0.0157612
0.0157622
0.0157618
0.0157626
0.015762
0.0157627
0.0157619
0.0157624
0.0157615
0.0157619
0.0157609
0.0157612
0.0157601
0.0157603
0.0157592
0.0157592
0.015758
0.015758
0.0157567
0.0157566
0.0157552
0.0157551
0.0157536
0.0157534
0.0157514
0.0157454
0.0145603
0.015161
0.0151834
0.0151956
0.0151876
0.0151986
0.0151947
0.0152051
0.015202
0.0152114
0.0152089
0.015218
0.0152172
0.0152261
0.0152268
0.0152356
0.0152374
0.0152461
0.0152484
0.015257
0.0152597
0.0152682
0.0152712
0.0152796
0.0152828
0.0152911
0.0152944
0.0153025
0.015306
0.0153139
0.0153174
0.0153252
0.0153288
0.0153363
0.01534
0.0153473
0.0153509
0.015358
0.0153615
0.0153684
0.0153718
0.0153783
0.0153816
0.0153877
0.0153908
0.0153965
0.0153993
0.0154046
0.0154071
0.015412
0.0154142
0.0154186
0.0154204
0.0154244
0.0154259
0.0154294
0.0154306
0.0154337
0.0154345
0.0154372
0.0154378
0.0154402
0.0154405
0.0154425
0.0154426
0.0154444
0.0154443
0.0154458
0.0154455
0.0154468
0.0154464
0.0154475
0.015447
0.015448
0.0154473
0.0154481
0.0154474
0.0154481
0.0154472
0.0154478
0.0154469
0.0154474
0.0154463
0.0154468
0.0154456
0.015446
0.0154447
0.015445
0.0154442
0.0154374
0.0145297
0.0152093
0.0152471
0.0152648
0.0152574
0.0152701
0.0152667
0.0152779
0.015275
0.0152856
0.0152827
0.0152927
0.0152915
0.0153013
0.0153019
0.0153116
0.0153134
0.015323
0.0153255
0.015335
0.015338
0.0153473
0.0153506
0.0153599
0.0153634
0.0153725
0.0153762
0.0153852
0.015389
0.0153978
0.0154018
0.0154103
0.0154144
0.0154227
0.0154268
0.0154349
0.0154389
0.0154468
0.0154507
0.0154583
0.0154621
0.0154693
0.015473
0.0154798
0.0154832
0.0154896
0.0154928
0.0154987
0.0155015
0.015507
0.0155094
0.0155144
0.0155165
0.0155209
0.0155227
0.0155267
0.0155281
0.0155316
0.0155327
0.0155358
0.0155366
0.0155393
0.0155398
0.0155422
0.0155425
0.0155446
0.0155447
0.0155465
0.0155464
0.015548
0.0155478
0.0155492
0.0155488
0.0155501
0.0155496
0.0155507
0.0155501
0.0155511
0.0155504
0.0155513
0.0155504
0.0155513
0.0155503
0.015551
0.01555
0.0155507
0.0155496
0.0155499
0.0155497
0.0155422
0.0145523
0.0152763
0.0153238
0.0153457
0.0153394
0.0153533
0.0153507
0.0153622
0.0153598
0.0153709
0.0153679
0.0153783
0.0153769
0.0153871
0.0153876
0.0153977
0.0153995
0.0154094
0.015412
0.0154219
0.015425
0.0154347
0.0154382
0.0154478
0.0154515
0.0154609
0.0154648
0.0154741
0.0154781
0.0154873
0.0154914
0.0155003
0.0155045
0.0155132
0.0155174
0.0155259
0.0155301
0.0155383
0.0155424
0.0155503
0.0155543
0.0155618
0.0155656
0.0155727
0.0155763
0.015583
0.0155862
0.0155924
0.0155954
0.0156011
0.0156037
0.0156088
0.0156111
0.0156157
0.0156176
0.0156217
0.0156232
0.0156269
0.0156281
0.0156314
0.0156322
0.0156351
0.0156357
0.0156383
0.0156386
0.0156409
0.015641
0.015643
0.0156429
0.0156447
0.0156445
0.0156461
0.0156457
0.0156472
0.0156467
0.015648
0.0156474
0.0156485
0.0156479
0.0156489
0.0156481
0.0156491
0.0156482
0.015649
0.0156481
0.0156488
0.0156478
0.0156482
0.0156482
0.0156405
0.0145526
0.0152772
0.0153255
0.015348
0.0153425
0.0153564
0.0153545
0.0153659
0.015364
0.015375
0.0153722
0.0153827
0.0153814
0.0153916
0.0153921
0.0154022
0.015404
0.0154139
0.0154165
0.0154264
0.0154295
0.0154393
0.0154427
0.0154523
0.015456
0.0154655
0.0154694
0.0154787
0.0154827
0.0154919
0.015496
0.0155049
0.0155091
0.0155178
0.0155221
0.0155305
0.0155347
0.0155429
0.0155471
0.015555
0.015559
0.0155665
0.0155703
0.0155774
0.015581
0.0155877
0.0155909
0.0155971
0.0156001
0.0156058
0.0156084
0.0156135
0.0156158
0.0156204
0.0156223
0.0156265
0.015628
0.0156317
0.0156329
0.0156361
0.015637
0.0156399
0.0156405
0.015643
0.0156434
0.0156456
0.0156458
0.0156478
0.0156477
0.0156495
0.0156493
0.0156509
0.0156505
0.015652
0.0156515
0.0156528
0.0156522
0.0156534
0.0156527
0.0156537
0.015653
0.0156539
0.015653
0.0156539
0.0156529
0.0156536
0.0156527
0.015653
0.0156531
0.0156454
0.0145307
0.0152126
0.0152521
0.0152713
0.0152658
0.0152783
0.0152768
0.0152877
0.0152859
0.0152965
0.015294
0.0153042
0.0153032
0.015313
0.0153137
0.0153234
0.0153252
0.0153348
0.0153374
0.0153469
0.0153499
0.0153593
0.0153626
0.0153719
0.0153754
0.0153846
0.0153883
0.0153973
0.0154012
0.01541
0.0154139
0.0154225
0.0154266
0.015435
0.015439
0.0154472
0.0154512
0.0154591
0.0154631
0.0154707
0.0154745
0.0154817
0.0154854
0.0154923
0.0154957
0.0155021
0.0155052
0.0155112
0.015514
0.0155195
0.015522
0.0155269
0.0155291
0.0155335
0.0155353
0.0155393
0.0155407
0.0155443
0.0155453
0.0155485
0.0155493
0.015552
0.0155525
0.015555
0.0155552
0.0155574
0.0155574
0.0155593
0.0155592
0.0155608
0.0155606
0.0155621
0.0155616
0.015563
0.0155624
0.0155636
0.015563
0.015564
0.0155633
0.0155642
0.0155634
0.0155642
0.0155633
0.015564
0.015563
0.0155636
0.0155626
0.0155629
0.0155627
0.0155554
0.0145613
0.015165
0.0151901
0.015204
0.0151984
0.0152094
0.0152077
0.0152176
0.0152159
0.0152256
0.0152236
0.0152329
0.0152323
0.0152413
0.0152421
0.015251
0.0152527
0.0152616
0.0152639
0.0152726
0.0152753
0.0152839
0.0152869
0.0152954
0.0152986
0.0153069
0.0153103
0.0153184
0.0153219
0.0153299
0.0153335
0.0153413
0.0153449
0.0153526
0.0153562
0.0153636
0.0153672
0.0153744
0.015378
0.0153848
0.0153883
0.0153948
0.0153981
0.0154043
0.0154074
0.0154132
0.015416
0.0154214
0.0154239
0.0154288
0.015431
0.0154355
0.0154373
0.0154413
0.0154428
0.0154464
0.0154476
0.0154507
0.0154516
0.0154543
0.0154549
0.0154573
0.0154576
0.0154597
0.0154598
0.0154616
0.0154615
0.0154631
0.0154628
0.0154641
0.0154637
0.0154649
0.0154643
0.0154654
0.0154647
0.0154656
0.0154648
0.0154656
0.0154647
0.0154654
0.0154644
0.015465
0.0154639
0.0154644
0.0154632
0.0154636
0.0154624
0.0154626
0.0154617
0.0154552
0.0151009
0.0155586
0.0155665
0.0155746
0.0155694
0.0155782
0.0155765
0.0155846
0.0155829
0.0155904
0.0155888
0.0155961
0.0155957
0.0156029
0.0156036
0.0156107
0.0156122
0.0156193
0.0156211
0.0156281
0.0156303
0.0156372
0.0156397
0.0156465
0.015649
0.0156557
0.0156584
0.0156649
0.0156677
0.0156741
0.015677
0.0156832
0.0156861
0.0156922
0.0156951
0.015701
0.0157039
0.0157096
0.0157125
0.015718
0.0157207
0.0157259
0.0157285
0.0157334
0.0157358
0.0157404
0.0157426
0.0157468
0.0157487
0.0157525
0.0157542
0.0157576
0.0157589
0.015762
0.015763
0.0157656
0.0157663
0.0157686
0.015769
0.015771
0.0157712
0.0157728
0.0157727
0.0157741
0.0157738
0.0157749
0.0157744
0.0157753
0.0157747
0.0157754
0.0157747
0.0157753
0.0157744
0.0157748
0.0157739
0.0157742
0.0157731
0.0157733
0.0157722
0.0157723
0.0157711
0.0157711
0.0157698
0.0157697
0.0157684
0.0157682
0.0157668
0.0157666
0.0157646
0.0157589
0.0187312
0.0189949
0.0189949
0.018998
0.0189945
0.0189992
0.0189979
0.0190021
0.0190006
0.019004
0.0190027
0.019006
0.0190056
0.019009
0.0190092
0.0190127
0.0190133
0.0190168
0.0190177
0.0190212
0.0190223
0.0190258
0.0190271
0.0190305
0.0190319
0.0190353
0.0190368
0.0190401
0.0190417
0.019045
0.0190466
0.0190499
0.0190516
0.0190548
0.0190565
0.0190597
0.0190614
0.0190644
0.0190661
0.0190691
0.0190707
0.0190735
0.0190751
0.0190777
0.0190791
0.0190815
0.0190827
0.0190848
0.0190858
0.0190877
0.0190884
0.0190899
0.0190904
0.0190916
0.0190918
0.0190927
0.0190926
0.0190932
0.0190928
0.0190931
0.0190925
0.0190926
0.0190918
0.0190916
0.0190906
0.0190902
0.019089
0.0190885
0.0190871
0.0190865
0.019085
0.0190842
0.0190827
0.0190818
0.0190802
0.0190792
0.0190775
0.0190765
0.0190747
0.0190736
0.0190718
0.0190707
0.0190688
0.0190676
0.0190656
0.0190644
0.0190624
0.0190613
0.0190564
0.0190529
0.032651
0.0327194
0.0327235
0.0327234
0.0327222
0.0327209
0.0327196
0.0327187
0.0327183
0.0327179
0.0327178
0.0327175
0.0327175
0.0327171
0.0327172
0.0327169
0.0327171
0.0327169
0.0327171
0.032717
0.0327173
0.0327173
0.0327176
0.0327177
0.0327181
0.0327182
0.0327187
0.0327189
0.0327194
0.0327196
0.0327202
0.0327205
0.0327211
0.0327216
0.0327222
0.0327228
0.0327235
0.0327242
0.032725
0.0327256
0.0327264
0.0327271
0.0327279
0.0327285
0.0327291
0.0327297
0.0327301
0.0327305
0.0327307
0.0327308
0.0327308
0.0327306
0.0327302
0.0327297
0.032729
0.0327282
0.0327271
0.0327259
0.0327245
0.032723
0.0327213
0.0327195
0.0327174
0.0327154
0.0327131
0.0327108
0.0327083
0.0327058
0.0327031
0.0327004
0.0326976
0.0326948
0.0326918
0.0326889
0.0326858
0.0326829
0.0326797
0.0326768
0.0326735
0.0326705
0.0326672
0.0326642
0.0326608
0.0326577
0.0326544
0.0326513
0.0326478
0.0326448
0.0326384
0.0326326
)
;

boundaryField
{
    upperWall
    {
        type            zeroGradient;
    }
    lowerWall
    {
        type            zeroGradient;
    }
    heatedWall
    {
        type            zeroGradient;
    }
    inlet
    {
        type            zeroGradient;
    }
    outlet
    {
        type            zeroGradient;
    }
    frontAndBack
    {
        type            empty;
    }
}


// ************************************************************************* //
