/*--------------------------------*- C++ -*----------------------------------*\
  =========                 |
  \\      /  F ield         | OpenFOAM: The Open Source CFD Toolbox
   \\    /   O peration     | Website:  https://openfoam.org
    \\  /    A nd           | Version:  7
     \\/     M anipulation  |
\*---------------------------------------------------------------------------*/
FoamFile
{
    version     2.0;
    format      ascii;
    class       volScalarField;
    location    "2.055";
    object      T;
}
// * * * * * * * * * * * * * * * * * * * * * * * * * * * * * * * * * * * * * //

dimensions      [0 0 0 1 0 0 0];

internalField   nonuniform List<scalar> 
7920
(
282.709
282.671
282.528
282.578
282.511
282.599
282.574
282.643
282.61
282.647
282.616
282.644
282.63
282.642
282.645
282.628
282.674
282.586
282.76
282.445
282.76
282.734
282.64
282.65
282.592
282.633
282.625
282.67
282.67
282.694
282.687
282.7
282.703
282.703
282.721
282.69
282.751
282.643
282.84
282.483
282.726
282.715
282.607
282.635
282.552
282.582
282.534
282.576
282.558
282.602
282.597
282.631
282.637
282.655
282.676
282.665
282.715
282.646
282.765
282.584
282.751
282.747
282.664
282.692
282.63
282.648
282.604
282.625
282.606
282.634
282.638
282.667
282.685
282.707
282.737
282.744
282.782
282.764
282.812
282.761
282.731
282.734
282.634
282.675
282.602
282.63
282.574
282.599
282.565
282.596
282.586
282.622
282.628
282.664
282.68
282.713
282.733
282.758
282.769
282.786
282.737
282.751
282.651
282.697
282.624
282.656
282.6
282.625
282.589
282.62
282.606
282.642
282.644
282.683
282.694
282.735
282.75
282.788
282.793
282.827
282.737
282.751
282.651
282.697
282.624
282.656
282.6
282.626
282.589
282.62
282.605
282.642
282.643
282.683
282.694
282.736
282.749
282.789
282.793
282.827
282.731
282.734
282.634
282.675
282.602
282.63
282.574
282.599
282.565
282.596
282.585
282.623
282.626
282.666
282.678
282.717
282.729
282.763
282.765
282.79
282.751
282.747
282.664
282.692
282.63
282.649
282.603
282.625
282.605
282.636
282.636
282.67
282.681
282.712
282.729
282.754
282.768
282.784
282.787
282.792
282.726
282.715
282.607
282.635
282.552
282.582
282.533
282.577
282.557
282.603
282.595
282.635
282.631
282.664
282.662
282.686
282.682
282.697
282.689
282.695
282.76
282.734
282.64
282.65
282.592
282.633
282.624
282.671
282.669
282.695
282.685
282.704
282.697
282.712
282.706
282.715
282.709
282.716
282.709
282.714
282.709
282.671
282.528
282.578
282.51
282.6
282.573
282.643
282.609
282.648
282.614
282.647
282.625
282.651
282.631
282.65
282.636
282.653
282.64
282.659
283.238
283.181
283.236
283.131
283.194
283.144
283.229
283.192
283.242
283.185
283.218
283.171
283.212
283.16
283.209
283.126
283.228
283.049
283.361
282.753
283.18
283.122
283.14
283.074
283.079
283.042
283.067
283.063
283.09
283.082
283.101
283.085
283.108
283.079
283.116
283.052
283.135
282.983
283.204
282.822
283.226
283.155
283.21
283.134
283.164
283.1
283.128
283.089
283.127
283.106
283.146
283.128
283.166
283.142
283.185
283.137
283.198
283.101
283.213
283.033
283.197
283.118
283.159
283.09
283.11
283.051
283.063
283.022
283.042
283.023
283.049
283.044
283.073
283.071
283.1
283.091
283.12
283.093
283.121
283.074
283.22
283.133
283.191
283.11
283.144
283.076
283.098
283.047
283.07
283.041
283.071
283.058
283.091
283.088
283.121
283.121
283.146
283.142
283.151
283.142
283.213
283.114
283.172
283.086
283.121
283.051
283.074
283.021
283.044
283.013
283.042
283.028
283.059
283.057
283.087
283.092
283.116
283.121
283.125
283.126
283.213
283.114
283.172
283.086
283.121
283.051
283.074
283.021
283.044
283.013
283.042
283.028
283.058
283.057
283.087
283.093
283.115
283.121
283.126
283.125
283.22
283.133
283.191
283.11
283.144
283.076
283.097
283.047
283.07
283.042
283.07
283.059
283.09
283.09
283.119
283.123
283.144
283.144
283.149
283.144
283.197
283.118
283.159
283.09
283.11
283.051
283.063
283.023
283.041
283.024
283.048
283.046
283.069
283.075
283.093
283.1
283.108
283.107
283.103
283.096
283.226
283.155
283.209
283.134
283.164
283.1
283.127
283.09
283.126
283.108
283.143
283.132
283.16
283.152
283.17
283.159
283.166
283.148
283.147
283.125
283.18
283.123
283.14
283.074
283.079
283.042
283.067
283.064
283.088
283.084
283.097
283.09
283.099
283.092
283.095
283.085
283.081
283.07
283.065
283.051
283.238
283.181
283.236
283.131
283.194
283.144
283.228
283.193
283.24
283.187
283.214
283.176
283.204
283.173
283.188
283.16
283.17
283.151
283.157
283.133
283.152
283.132
283.123
283.085
283.069
283.065
283.125
283.172
283.202
283.165
283.157
283.13
283.173
283.127
283.2
283.064
283.268
282.919
283.506
282.534
283.149
283.129
283.116
283.09
283.07
283.047
283.047
283.055
283.084
283.098
283.129
283.125
283.163
283.128
283.186
283.093
283.206
283.014
283.254
282.896
283.15
283.131
283.119
283.096
283.081
283.058
283.048
283.039
283.049
283.057
283.084
283.097
283.133
283.138
283.177
283.159
283.198
283.148
283.191
283.114
283.15
283.129
283.115
283.092
283.075
283.053
283.04
283.029
283.031
283.035
283.051
283.066
283.091
283.11
283.138
283.154
283.17
283.176
283.171
283.174
283.151
283.13
283.117
283.094
283.078
283.056
283.043
283.032
283.033
283.037
283.05
283.064
283.085
283.107
283.131
283.154
283.168
283.186
283.178
283.193
283.151
283.129
283.116
283.092
283.076
283.053
283.04
283.028
283.029
283.033
283.045
283.059
283.078
283.1
283.123
283.146
283.161
283.178
283.175
283.186
283.151
283.129
283.116
283.092
283.076
283.053
283.04
283.028
283.029
283.033
283.045
283.059
283.078
283.1
283.123
283.146
283.161
283.177
283.176
283.184
283.151
283.13
283.117
283.094
283.078
283.056
283.043
283.032
283.033
283.037
283.05
283.065
283.085
283.107
283.131
283.153
283.169
283.184
283.182
283.188
283.15
283.129
283.115
283.092
283.075
283.053
283.04
283.029
283.03
283.036
283.05
283.067
283.089
283.112
283.136
283.155
283.169
283.177
283.172
283.171
283.15
283.131
283.119
283.096
283.08
283.058
283.047
283.04
283.047
283.059
283.08
283.101
283.126
283.146
283.165
283.174
283.179
283.172
283.163
283.147
283.149
283.13
283.116
283.09
283.07
283.048
283.046
283.057
283.081
283.102
283.123
283.136
283.147
283.152
283.151
283.144
283.132
283.119
283.107
283.096
283.152
283.132
283.123
283.085
283.069
283.066
283.124
283.174
283.199
283.169
283.15
283.141
283.155
283.155
283.153
283.141
283.139
283.136
283.138
283.136
283.152
283.132
283.123
283.085
283.069
283.065
283.125
283.172
283.202
283.165
283.157
283.13
283.173
283.127
283.2
283.064
283.268
282.919
283.506
282.534
283.149
283.129
283.116
283.09
283.07
283.047
283.047
283.055
283.084
283.098
283.129
283.125
283.163
283.128
283.186
283.093
283.206
283.014
283.254
282.897
283.15
283.131
283.119
283.096
283.081
283.058
283.048
283.039
283.049
283.057
283.084
283.097
283.133
283.138
283.177
283.159
283.198
283.148
283.191
283.114
283.15
283.129
283.115
283.092
283.075
283.053
283.04
283.029
283.031
283.035
283.051
283.066
283.091
283.11
283.138
283.154
283.17
283.176
283.171
283.174
283.151
283.13
283.117
283.094
283.078
283.056
283.043
283.032
283.033
283.037
283.05
283.064
283.085
283.107
283.131
283.154
283.168
283.186
283.178
283.193
283.151
283.129
283.116
283.092
283.076
283.053
283.04
283.028
283.029
283.033
283.045
283.059
283.078
283.1
283.123
283.146
283.161
283.178
283.175
283.186
283.151
283.129
283.116
283.092
283.076
283.053
283.04
283.028
283.029
283.033
283.045
283.059
283.078
283.1
283.123
283.146
283.161
283.177
283.176
283.184
283.151
283.13
283.117
283.094
283.078
283.056
283.043
283.032
283.033
283.037
283.05
283.065
283.085
283.107
283.131
283.153
283.169
283.184
283.182
283.188
283.15
283.129
283.115
283.092
283.075
283.053
283.04
283.029
283.03
283.036
283.05
283.067
283.089
283.112
283.136
283.155
283.169
283.177
283.172
283.171
283.15
283.131
283.119
283.096
283.08
283.058
283.047
283.04
283.047
283.059
283.08
283.101
283.126
283.146
283.165
283.174
283.179
283.172
283.163
283.147
283.149
283.13
283.116
283.09
283.07
283.048
283.046
283.057
283.081
283.102
283.123
283.136
283.147
283.152
283.151
283.144
283.132
283.119
283.107
283.096
283.152
283.132
283.123
283.085
283.069
283.066
283.124
283.174
283.199
283.169
283.15
283.141
283.155
283.155
283.153
283.141
283.139
283.136
283.138
283.136
283.238
283.181
283.236
283.131
283.194
283.144
283.229
283.192
283.241
283.185
283.218
283.171
283.212
283.16
283.209
283.126
283.228
283.049
283.361
282.753
283.18
283.122
283.14
283.074
283.079
283.042
283.067
283.063
283.09
283.082
283.1
283.085
283.108
283.079
283.116
283.052
283.135
282.983
283.204
282.822
283.226
283.155
283.21
283.134
283.164
283.1
283.128
283.089
283.127
283.106
283.146
283.128
283.166
283.142
283.185
283.137
283.198
283.101
283.213
283.033
283.197
283.118
283.159
283.09
283.11
283.051
283.063
283.022
283.042
283.023
283.049
283.044
283.073
283.071
283.1
283.091
283.12
283.093
283.121
283.074
283.22
283.133
283.191
283.11
283.144
283.076
283.098
283.047
283.07
283.041
283.071
283.058
283.091
283.088
283.121
283.121
283.146
283.142
283.151
283.142
283.213
283.114
283.172
283.086
283.121
283.051
283.074
283.021
283.044
283.013
283.042
283.028
283.059
283.057
283.087
283.092
283.116
283.121
283.125
283.126
283.213
283.114
283.172
283.086
283.121
283.051
283.074
283.021
283.044
283.013
283.042
283.028
283.058
283.057
283.087
283.093
283.115
283.121
283.126
283.125
283.22
283.133
283.191
283.11
283.144
283.076
283.097
283.047
283.07
283.042
283.07
283.059
283.09
283.09
283.119
283.123
283.144
283.144
283.149
283.144
283.197
283.118
283.159
283.09
283.11
283.051
283.063
283.023
283.041
283.024
283.048
283.046
283.069
283.075
283.093
283.1
283.108
283.107
283.103
283.096
283.226
283.155
283.209
283.134
283.164
283.1
283.127
283.09
283.126
283.108
283.143
283.132
283.16
283.152
283.17
283.159
283.166
283.148
283.147
283.125
283.18
283.123
283.14
283.074
283.079
283.042
283.067
283.064
283.088
283.084
283.097
283.09
283.099
283.092
283.095
283.085
283.081
283.07
283.065
283.051
283.238
283.181
283.236
283.131
283.194
283.144
283.228
283.193
283.24
283.187
283.214
283.176
283.204
283.173
283.188
283.16
283.17
283.151
283.157
283.133
282.709
282.671
282.528
282.578
282.511
282.599
282.574
282.643
282.61
282.647
282.616
282.644
282.63
282.642
282.645
282.628
282.674
282.586
282.76
282.445
282.76
282.734
282.64
282.65
282.592
282.633
282.625
282.67
282.67
282.694
282.687
282.7
282.703
282.703
282.721
282.69
282.751
282.643
282.84
282.483
282.726
282.715
282.607
282.635
282.552
282.582
282.534
282.576
282.558
282.602
282.597
282.631
282.637
282.655
282.676
282.665
282.715
282.646
282.765
282.584
282.751
282.747
282.664
282.692
282.63
282.648
282.604
282.625
282.606
282.634
282.638
282.667
282.685
282.707
282.737
282.744
282.782
282.764
282.812
282.761
282.731
282.734
282.634
282.675
282.602
282.63
282.574
282.599
282.565
282.596
282.586
282.622
282.628
282.664
282.68
282.713
282.733
282.758
282.769
282.786
282.737
282.751
282.651
282.697
282.624
282.656
282.6
282.625
282.589
282.62
282.606
282.642
282.644
282.683
282.694
282.735
282.75
282.788
282.793
282.827
282.737
282.751
282.651
282.697
282.624
282.656
282.6
282.626
282.589
282.62
282.605
282.642
282.643
282.683
282.694
282.736
282.749
282.789
282.793
282.827
282.731
282.734
282.634
282.675
282.602
282.63
282.574
282.599
282.565
282.596
282.585
282.623
282.626
282.666
282.678
282.717
282.729
282.763
282.765
282.79
282.751
282.747
282.664
282.692
282.63
282.649
282.603
282.625
282.605
282.636
282.636
282.67
282.681
282.712
282.729
282.754
282.768
282.784
282.787
282.792
282.726
282.715
282.607
282.635
282.552
282.582
282.533
282.577
282.557
282.603
282.595
282.635
282.631
282.664
282.662
282.686
282.682
282.697
282.689
282.695
282.76
282.734
282.64
282.65
282.592
282.633
282.624
282.671
282.669
282.695
282.685
282.704
282.697
282.712
282.706
282.715
282.709
282.716
282.709
282.714
282.709
282.671
282.528
282.578
282.51
282.6
282.573
282.643
282.609
282.648
282.614
282.647
282.625
282.651
282.631
282.65
282.636
282.653
282.64
282.659
284.791
286.395
287.457
288.312
288.995
289.599
290.127
290.627
291.085
291.519
291.916
292.293
292.647
292.993
293.325
293.645
293.949
294.239
294.513
294.777
295.027
295.263
295.482
295.684
295.866
296.03
296.174
296.299
296.404
296.49
296.557
296.609
296.646
296.673
296.69
296.702
296.709
296.713
296.715
296.716
296.716
296.716
296.716
296.716
296.716
296.715
296.715
296.715
296.714
296.714
296.714
296.714
296.713
296.713
296.713
296.713
296.713
296.712
296.712
296.712
296.712
296.711
296.711
296.711
296.711
296.711
296.711
296.71
296.71
296.71
296.71
296.71
296.71
296.709
296.709
296.709
296.709
296.709
296.708
296.708
296.708
296.707
296.707
296.707
296.706
296.706
296.704
296.704
296.701
296.697
283.967
285.425
286.447
287.28
287.957
288.55
289.07
289.56
290.013
290.444
290.84
291.214
291.567
291.91
292.24
292.559
292.863
293.154
293.43
293.695
293.946
294.185
294.408
294.614
294.802
294.97
295.12
295.25
295.361
295.452
295.525
295.581
295.623
295.652
295.673
295.686
295.694
295.699
295.701
295.703
295.703
295.703
295.703
295.703
295.703
295.702
295.702
295.702
295.701
295.701
295.701
295.7
295.7
295.7
295.699
295.699
295.699
295.699
295.698
295.698
295.698
295.698
295.698
295.697
295.697
295.697
295.697
295.697
295.696
295.696
295.696
295.696
295.696
295.695
295.695
295.695
295.695
295.694
295.694
295.694
295.694
295.693
295.693
295.693
295.692
295.692
295.69
295.69
295.687
295.682
283.172
284.21
285.068
285.833
286.47
287.036
287.525
287.989
288.422
288.843
289.233
289.602
289.946
290.28
290.603
290.92
291.224
291.516
291.793
292.059
292.314
292.558
292.789
293.004
293.202
293.382
293.543
293.685
293.808
293.912
293.997
294.065
294.116
294.153
294.179
294.197
294.208
294.215
294.219
294.221
294.222
294.222
294.222
294.222
294.221
294.221
294.221
294.22
294.22
294.22
294.219
294.219
294.219
294.218
294.218
294.218
294.218
294.217
294.217
294.217
294.217
294.216
294.216
294.216
294.216
294.215
294.215
294.215
294.215
294.214
294.214
294.214
294.214
294.213
294.213
294.213
294.213
294.212
294.212
294.212
294.211
294.211
294.21
294.21
294.209
294.209
294.207
294.207
294.202
294.197
282.895
283.444
284.044
284.659
285.214
285.715
286.149
286.558
286.951
287.343
287.715
288.068
288.395
288.711
289.02
289.326
289.625
289.914
290.189
290.454
290.709
290.956
291.193
291.418
291.626
291.818
291.991
292.147
292.284
292.402
292.501
292.581
292.644
292.691
292.724
292.747
292.763
292.772
292.778
292.781
292.782
292.783
292.783
292.783
292.783
292.782
292.782
292.781
292.781
292.781
292.78
292.78
292.78
292.779
292.779
292.779
292.778
292.778
292.778
292.777
292.777
292.777
292.777
292.776
292.776
292.776
292.776
292.775
292.775
292.775
292.775
292.774
292.774
292.774
292.774
292.773
292.773
292.773
292.772
292.772
292.772
292.772
292.771
292.771
292.77
292.77
292.768
292.769
292.765
292.76
282.781
283.015
283.357
283.809
284.251
284.671
285.031
285.376
285.713
286.064
286.406
286.734
287.037
287.331
287.618
287.909
288.197
288.479
288.748
289.008
289.261
289.508
289.748
289.979
290.195
290.395
290.578
290.743
290.891
291.021
291.132
291.223
291.295
291.35
291.39
291.418
291.437
291.449
291.456
291.46
291.462
291.463
291.464
291.464
291.463
291.463
291.463
291.462
291.462
291.462
291.461
291.461
291.46
291.46
291.46
291.459
291.459
291.459
291.459
291.458
291.458
291.458
291.457
291.457
291.457
291.457
291.456
291.456
291.456
291.456
291.455
291.455
291.455
291.455
291.454
291.454
291.454
291.454
291.453
291.453
291.452
291.452
291.451
291.451
291.45
291.45
291.448
291.448
291.445
291.441
282.798
282.869
283.029
283.333
283.66
283.985
284.265
284.533
284.808
285.106
285.408
285.701
285.975
286.238
286.501
286.771
287.043
287.311
287.57
287.822
288.068
288.312
288.551
288.782
289
289.204
289.391
289.561
289.715
289.85
289.967
290.064
290.141
290.201
290.244
290.275
290.296
290.309
290.317
290.322
290.324
290.325
290.326
290.326
290.325
290.325
290.325
290.324
290.324
290.323
290.323
290.323
290.322
290.322
290.322
290.321
290.321
290.321
290.32
290.32
290.32
290.319
290.319
290.319
290.319
290.318
290.318
290.318
290.318
290.317
290.317
290.317
290.317
290.316
290.316
290.316
290.316
290.315
290.315
290.315
290.315
290.314
290.314
290.314
290.313
290.313
290.312
290.311
290.311
290.308
282.802
282.808
282.867
283.064
283.292
283.53
283.735
283.936
284.153
284.401
284.66
284.915
285.155
285.39
285.629
285.877
286.131
286.384
286.631
286.873
287.111
287.349
287.583
287.811
288.027
288.229
288.414
288.584
288.737
288.872
288.988
289.084
289.162
289.221
289.265
289.295
289.316
289.329
289.337
289.342
289.344
289.345
289.345
289.345
289.345
289.345
289.344
289.344
289.343
289.343
289.343
289.342
289.342
289.342
289.341
289.341
289.341
289.34
289.34
289.34
289.339
289.339
289.339
289.339
289.338
289.338
289.338
289.338
289.337
289.337
289.337
289.337
289.336
289.336
289.336
289.336
289.335
289.335
289.335
289.335
289.334
289.334
289.334
289.333
289.333
289.333
289.332
289.331
289.331
289.329
282.773
282.764
282.782
282.912
283.064
283.23
283.37
283.523
283.694
283.901
284.119
284.339
284.548
284.76
284.977
285.207
285.444
285.682
285.917
286.149
286.379
286.61
286.838
287.059
287.268
287.463
287.642
287.805
287.951
288.079
288.189
288.279
288.35
288.405
288.445
288.472
288.491
288.502
288.51
288.514
288.516
288.517
288.517
288.517
288.516
288.516
288.516
288.515
288.515
288.514
288.514
288.514
288.513
288.513
288.513
288.512
288.512
288.512
288.511
288.511
288.511
288.511
288.51
288.51
288.51
288.51
288.509
288.509
288.509
288.509
288.508
288.508
288.508
288.508
288.507
288.507
288.507
288.507
288.506
288.506
288.505
288.505
288.505
288.504
288.503
288.503
288.502
288.501
288.501
288.499
282.783
282.773
282.785
282.871
282.968
283.074
283.169
283.285
283.425
283.597
283.779
283.966
284.151
284.342
284.544
284.759
284.98
285.204
285.427
285.651
285.874
286.097
286.315
286.526
286.725
286.909
287.077
287.229
287.363
287.478
287.576
287.654
287.716
287.762
287.795
287.817
287.832
287.841
287.847
287.85
287.851
287.852
287.852
287.852
287.851
287.851
287.85
287.85
287.849
287.849
287.849
287.848
287.848
287.848
287.847
287.847
287.847
287.846
287.846
287.846
287.845
287.845
287.845
287.845
287.844
287.844
287.844
287.844
287.843
287.843
287.843
287.843
287.842
287.842
287.842
287.842
287.841
287.841
287.841
287.841
287.84
287.84
287.839
287.839
287.838
287.838
287.837
287.836
287.837
287.836
282.699
282.719
282.733
282.802
282.859
282.932
283.001
283.103
283.225
283.376
283.532
283.698
283.866
284.048
284.24
284.445
284.655
284.87
285.085
285.303
285.52
285.736
285.946
286.146
286.332
286.503
286.658
286.795
286.915
287.016
287.098
287.164
287.213
287.25
287.275
287.292
287.303
287.309
287.313
287.315
287.316
287.316
287.316
287.315
287.315
287.315
287.314
287.314
287.313
287.313
287.313
287.312
287.312
287.311
287.311
287.311
287.31
287.31
287.31
287.31
287.309
287.309
287.309
287.308
287.308
287.308
287.308
287.307
287.307
287.307
287.307
287.306
287.306
287.306
287.306
287.305
287.305
287.305
287.304
287.304
287.304
287.303
287.303
287.302
287.301
287.301
287.3
287.299
287.298
287.297
282.723
282.749
282.769
282.817
282.852
282.903
282.964
283.058
283.171
283.307
283.448
283.601
283.762
283.938
284.126
284.325
284.529
284.738
284.949
285.162
285.375
285.585
285.786
285.977
286.152
286.312
286.455
286.58
286.686
286.775
286.845
286.899
286.939
286.967
286.986
286.999
287.006
287.011
287.013
287.014
287.015
287.015
287.014
287.014
287.013
287.013
287.013
287.012
287.012
287.011
287.011
287.011
287.01
287.01
287.009
287.009
287.009
287.008
287.008
287.008
287.008
287.007
287.007
287.007
287.006
287.006
287.006
287.006
287.005
287.005
287.005
287.004
287.004
287.004
287.004
287.003
287.003
287.003
287.002
287.002
287.002
287.002
287.001
287.001
287
287
286.999
286.998
286.997
286.996
282.658
282.694
282.713
282.759
282.785
282.835
282.893
282.989
283.1
283.232
283.368
283.518
283.677
283.854
284.04
284.238
284.44
284.647
284.857
285.07
285.281
285.488
285.686
285.872
286.043
286.198
286.335
286.455
286.555
286.638
286.702
286.752
286.787
286.812
286.829
286.84
286.846
286.85
286.852
286.852
286.853
286.852
286.852
286.852
286.851
286.851
286.85
286.85
286.849
286.849
286.849
286.848
286.848
286.848
286.847
286.847
286.847
286.846
286.846
286.846
286.845
286.845
286.845
286.844
286.844
286.844
286.844
286.843
286.843
286.843
286.842
286.842
286.842
286.842
286.841
286.841
286.841
286.84
286.84
286.84
286.839
286.839
286.838
286.838
286.837
286.837
286.835
286.834
286.833
286.832
285.474
287.227
288.353
289.202
289.908
290.503
291.045
291.54
292.006
292.434
292.835
293.208
293.567
293.911
294.245
294.564
294.868
295.156
295.432
295.694
295.943
296.177
296.395
296.594
296.775
296.937
297.079
297.201
297.304
297.387
297.452
297.502
297.538
297.563
297.579
297.59
297.596
297.6
297.602
297.603
297.603
297.603
297.602
297.602
297.602
297.601
297.601
297.6
297.6
297.6
297.599
297.599
297.599
297.598
297.598
297.598
297.598
297.597
297.597
297.597
297.597
297.597
297.596
297.596
297.596
297.596
297.596
297.596
297.595
297.595
297.595
297.595
297.595
297.595
297.595
297.594
297.595
297.594
297.594
297.594
297.594
297.594
297.594
297.594
297.595
297.594
297.596
297.595
297.601
297.6
284.136
285.579
286.631
287.463
288.158
288.748
289.277
289.764
290.223
290.652
291.053
291.427
291.783
292.125
292.457
292.776
293.082
293.373
293.651
293.915
294.168
294.407
294.63
294.837
295.025
295.194
295.345
295.475
295.587
295.679
295.752
295.809
295.851
295.881
295.901
295.915
295.923
295.928
295.931
295.932
295.932
295.932
295.932
295.932
295.931
295.931
295.931
295.93
295.93
295.93
295.929
295.929
295.929
295.928
295.928
295.928
295.928
295.927
295.927
295.927
295.927
295.927
295.926
295.926
295.926
295.926
295.926
295.925
295.925
295.925
295.925
295.925
295.925
295.925
295.924
295.924
295.924
295.924
295.924
295.924
295.924
295.924
295.924
295.924
295.924
295.924
295.924
295.923
295.928
295.927
283.457
284.364
285.216
285.949
286.596
287.145
287.64
288.093
288.531
288.945
289.34
289.706
290.053
290.385
290.709
291.025
291.33
291.622
291.901
292.167
292.422
292.667
292.899
293.115
293.314
293.496
293.659
293.803
293.928
294.034
294.121
294.19
294.243
294.281
294.308
294.327
294.338
294.346
294.35
294.352
294.353
294.353
294.353
294.353
294.352
294.352
294.351
294.351
294.351
294.35
294.35
294.35
294.349
294.349
294.349
294.348
294.348
294.348
294.347
294.347
294.347
294.347
294.347
294.346
294.346
294.346
294.346
294.345
294.345
294.345
294.345
294.345
294.345
294.344
294.344
294.344
294.344
294.344
294.344
294.344
294.344
294.344
294.344
294.344
294.344
294.344
294.345
294.344
294.348
294.347
283.127
283.552
284.11
284.682
285.231
285.714
286.147
286.546
286.94
287.327
287.702
288.054
288.384
288.699
289.008
289.314
289.614
289.904
290.18
290.446
290.702
290.95
291.188
291.415
291.625
291.819
291.995
292.153
292.293
292.414
292.516
292.599
292.664
292.713
292.749
292.773
292.789
292.799
292.805
292.809
292.81
292.811
292.811
292.811
292.81
292.81
292.809
292.809
292.809
292.808
292.808
292.808
292.807
292.807
292.806
292.806
292.806
292.806
292.805
292.805
292.805
292.804
292.804
292.804
292.804
292.803
292.803
292.803
292.803
292.803
292.802
292.802
292.802
292.802
292.802
292.801
292.801
292.801
292.801
292.801
292.801
292.801
292.801
292.8
292.801
292.8
292.801
292.8
292.803
292.802
283.098
283.203
283.502
283.881
284.305
284.69
285.042
285.365
285.696
286.036
286.378
286.702
287.007
287.295
287.582
287.87
288.158
288.438
288.708
288.968
289.221
289.468
289.709
289.94
290.159
290.361
290.547
290.715
290.866
290.999
291.114
291.208
291.284
291.342
291.384
291.414
291.434
291.447
291.455
291.459
291.461
291.462
291.463
291.463
291.462
291.462
291.461
291.461
291.46
291.46
291.459
291.459
291.459
291.458
291.458
291.458
291.457
291.457
291.457
291.456
291.456
291.456
291.455
291.455
291.455
291.455
291.454
291.454
291.454
291.454
291.454
291.453
291.453
291.453
291.453
291.453
291.452
291.452
291.452
291.452
291.452
291.452
291.452
291.452
291.452
291.452
291.453
291.452
291.455
291.454
283.08
283.035
283.158
283.382
283.684
283.971
284.235
284.483
284.747
285.033
285.332
285.622
285.894
286.154
286.414
286.681
286.952
287.22
287.479
287.73
287.976
288.22
288.459
288.692
288.913
289.119
289.309
289.483
289.64
289.78
289.9
290.002
290.083
290.146
290.193
290.226
290.249
290.263
290.272
290.277
290.28
290.281
290.281
290.281
290.281
290.28
290.28
290.28
290.279
290.279
290.278
290.278
290.277
290.277
290.277
290.276
290.276
290.276
290.275
290.275
290.275
290.274
290.274
290.274
290.273
290.273
290.273
290.273
290.272
290.272
290.272
290.272
290.272
290.271
290.271
290.271
290.271
290.27
290.27
290.27
290.27
290.27
290.27
290.269
290.27
290.269
290.27
290.269
290.27
290.269
283.085
282.988
283.021
283.144
283.349
283.545
283.729
283.907
284.109
284.342
284.595
284.844
285.081
285.31
285.543
285.787
286.038
286.289
286.535
286.775
287.013
287.249
287.484
287.712
287.93
288.135
288.323
288.496
288.652
288.791
288.912
289.012
289.094
289.157
289.203
289.236
289.258
289.273
289.282
289.287
289.289
289.291
289.291
289.291
289.291
289.29
289.29
289.289
289.289
289.288
289.288
289.287
289.287
289.286
289.286
289.286
289.285
289.285
289.285
289.284
289.284
289.284
289.283
289.283
289.283
289.283
289.282
289.282
289.282
289.282
289.281
289.281
289.281
289.281
289.28
289.28
289.28
289.28
289.28
289.279
289.279
289.279
289.279
289.279
289.279
289.278
289.279
289.278
289.279
289.279
283.099
282.998
282.999
283.068
283.203
283.326
283.448
283.569
283.725
283.911
284.121
284.328
284.532
284.733
284.943
285.166
285.398
285.632
285.864
286.092
286.32
286.549
286.776
286.997
287.207
287.404
287.585
287.751
287.9
288.031
288.144
288.237
288.312
288.37
288.412
288.441
288.461
288.474
288.481
288.485
288.488
288.488
288.489
288.488
288.488
288.488
288.487
288.486
288.486
288.485
288.485
288.485
288.484
288.484
288.483
288.483
288.483
288.482
288.482
288.482
288.481
288.481
288.481
288.48
288.48
288.48
288.479
288.479
288.479
288.479
288.478
288.478
288.478
288.478
288.478
288.477
288.477
288.477
288.477
288.477
288.477
288.476
288.477
288.476
288.477
288.476
288.478
288.476
288.478
288.479
283.05
282.979
282.979
283.027
283.111
283.188
283.267
283.359
283.486
283.641
283.815
283.991
284.169
284.351
284.546
284.754
284.971
285.191
285.411
285.631
285.852
286.073
286.291
286.502
286.702
286.888
287.058
287.211
287.348
287.466
287.566
287.648
287.712
287.76
287.794
287.818
287.834
287.844
287.85
287.853
287.854
287.855
287.855
287.854
287.854
287.853
287.853
287.852
287.852
287.851
287.851
287.85
287.85
287.85
287.849
287.849
287.848
287.848
287.848
287.847
287.847
287.847
287.846
287.846
287.846
287.846
287.845
287.845
287.845
287.844
287.844
287.844
287.844
287.844
287.843
287.843
287.843
287.843
287.843
287.842
287.842
287.842
287.842
287.842
287.842
287.841
287.842
287.841
287.842
287.843
283.091
283.04
283.052
283.078
283.129
283.169
283.227
283.302
283.414
283.546
283.695
283.848
284.009
284.18
284.366
284.563
284.77
284.979
285.192
285.405
285.62
285.834
286.043
286.243
286.43
286.602
286.758
286.896
287.018
287.12
287.205
287.272
287.323
287.361
287.387
287.405
287.416
287.422
287.426
287.428
287.429
287.429
287.429
287.428
287.428
287.427
287.427
287.426
287.426
287.425
287.425
287.424
287.424
287.423
287.423
287.423
287.422
287.422
287.421
287.421
287.421
287.42
287.42
287.42
287.42
287.419
287.419
287.419
287.418
287.418
287.418
287.418
287.417
287.417
287.417
287.417
287.417
287.416
287.416
287.416
287.416
287.416
287.416
287.416
287.416
287.415
287.417
287.416
287.418
287.418
283.038
283.02
283.038
283.058
283.088
283.117
283.17
283.246
283.352
283.474
283.609
283.752
283.908
284.076
284.26
284.453
284.653
284.858
285.067
285.278
285.489
285.697
285.898
286.087
286.263
286.423
286.566
286.691
286.798
286.887
286.958
287.012
287.053
287.081
287.101
287.113
287.121
287.125
287.128
287.129
287.129
287.129
287.128
287.128
287.127
287.127
287.126
287.126
287.125
287.125
287.124
287.124
287.123
287.123
287.123
287.122
287.122
287.122
287.121
287.121
287.121
287.12
287.12
287.12
287.119
287.119
287.119
287.118
287.118
287.118
287.118
287.117
287.117
287.117
287.117
287.116
287.116
287.116
287.116
287.116
287.115
287.115
287.115
287.115
287.115
287.115
287.115
287.114
287.116
287.116
283.135
283.121
283.145
283.152
283.175
283.197
283.252
283.328
283.434
283.549
283.68
283.819
283.974
284.142
284.325
284.516
284.715
284.918
285.126
285.335
285.544
285.749
285.944
286.127
286.296
286.448
286.583
286.7
286.798
286.878
286.941
286.988
287.022
287.046
287.061
287.071
287.077
287.08
287.082
287.082
287.082
287.082
287.081
287.081
287.08
287.08
287.079
287.078
287.078
287.077
287.077
287.077
287.076
287.076
287.075
287.075
287.075
287.074
287.074
287.074
287.073
287.073
287.073
287.072
287.072
287.072
287.071
287.071
287.071
287.071
287.07
287.07
287.07
287.07
287.069
287.069
287.069
287.069
287.069
287.068
287.068
287.068
287.068
287.068
287.068
287.068
287.069
287.068
287.07
287.071
286.076
288.355
289.658
290.592
291.344
291.98
292.55
293.069
293.549
293.988
294.397
294.78
295.147
295.499
295.837
296.158
296.465
296.754
297.03
297.292
297.54
297.77
297.984
298.177
298.353
298.507
298.643
298.758
298.854
298.93
298.989
299.032
299.064
299.085
299.099
299.107
299.112
299.115
299.116
299.116
299.116
299.116
299.115
299.115
299.114
299.113
299.113
299.112
299.112
299.111
299.111
299.11
299.11
299.11
299.109
299.109
299.109
299.108
299.108
299.107
299.107
299.107
299.107
299.106
299.106
299.105
299.105
299.105
299.105
299.104
299.104
299.104
299.104
299.103
299.103
299.103
299.103
299.103
299.103
299.102
299.102
299.102
299.102
299.102
299.102
299.102
299.103
299.101
299.108
299.109
283.887
285.489
286.695
287.617
288.367
288.999
289.561
290.074
290.554
290.999
291.412
291.798
292.163
292.515
292.854
293.18
293.491
293.786
294.067
294.335
294.589
294.829
295.053
295.259
295.446
295.614
295.763
295.892
296.002
296.092
296.163
296.219
296.259
296.288
296.307
296.32
296.328
296.332
296.335
296.336
296.336
296.337
296.336
296.336
296.336
296.335
296.335
296.335
296.334
296.334
296.334
296.334
296.333
296.333
296.333
296.333
296.332
296.332
296.332
296.332
296.332
296.332
296.331
296.331
296.331
296.331
296.331
296.331
296.331
296.331
296.33
296.33
296.33
296.33
296.33
296.33
296.33
296.33
296.33
296.33
296.33
296.33
296.33
296.33
296.33
296.33
296.331
296.329
296.334
296.335
283.215
283.962
284.817
285.6
286.287
286.875
287.397
287.876
288.334
288.77
289.181
289.562
289.921
290.263
290.597
290.922
291.235
291.534
291.818
292.09
292.35
292.599
292.834
293.055
293.258
293.443
293.609
293.756
293.885
293.994
294.084
294.156
294.211
294.251
294.28
294.299
294.312
294.319
294.324
294.326
294.327
294.328
294.328
294.328
294.327
294.327
294.326
294.326
294.326
294.325
294.325
294.325
294.325
294.324
294.324
294.324
294.324
294.323
294.323
294.323
294.323
294.323
294.323
294.322
294.322
294.322
294.322
294.322
294.322
294.322
294.321
294.321
294.321
294.321
294.321
294.321
294.321
294.321
294.321
294.321
294.321
294.321
294.321
294.321
294.321
294.321
294.322
294.32
294.324
294.324
283.093
283.296
283.74
284.279
284.825
285.319
285.762
286.172
286.576
286.978
287.368
287.735
288.076
288.399
288.716
289.029
289.338
289.635
289.918
290.19
290.451
290.704
290.948
291.181
291.398
291.599
291.781
291.946
292.093
292.222
292.331
292.421
292.492
292.547
292.586
292.614
292.632
292.644
292.651
292.655
292.657
292.658
292.658
292.658
292.658
292.658
292.657
292.657
292.656
292.656
292.656
292.655
292.655
292.655
292.654
292.654
292.654
292.654
292.653
292.653
292.653
292.653
292.652
292.652
292.652
292.652
292.651
292.651
292.651
292.651
292.651
292.651
292.65
292.65
292.65
292.65
292.65
292.65
292.65
292.649
292.649
292.649
292.649
292.649
292.649
292.649
292.65
292.649
292.651
292.651
283.119
283.086
283.245
283.548
283.927
284.298
284.636
284.952
285.276
285.618
285.968
286.304
286.616
286.911
287.2
287.492
287.785
288.073
288.349
288.614
288.871
289.123
289.369
289.608
289.834
290.045
290.24
290.418
290.579
290.722
290.847
290.952
291.037
291.104
291.153
291.189
291.213
291.228
291.238
291.244
291.247
291.248
291.249
291.249
291.248
291.248
291.248
291.247
291.247
291.246
291.246
291.245
291.245
291.245
291.244
291.244
291.244
291.243
291.243
291.243
291.242
291.242
291.242
291.242
291.241
291.241
291.241
291.241
291.24
291.24
291.24
291.24
291.24
291.239
291.239
291.239
291.239
291.239
291.239
291.238
291.238
291.238
291.238
291.238
291.238
291.238
291.238
291.237
291.239
291.239
283.138
283.033
283.047
283.194
283.434
283.688
283.921
284.141
284.38
284.652
284.947
285.24
285.514
285.773
286.029
286.293
286.565
286.836
287.099
287.353
287.6
287.845
288.089
288.327
288.556
288.771
288.971
289.155
289.323
289.474
289.606
289.72
289.813
289.886
289.942
289.982
290.01
290.028
290.039
290.046
290.05
290.051
290.052
290.052
290.052
290.051
290.051
290.05
290.05
290.049
290.049
290.049
290.048
290.048
290.047
290.047
290.047
290.046
290.046
290.046
290.045
290.045
290.045
290.044
290.044
290.044
290.044
290.043
290.043
290.043
290.043
290.042
290.042
290.042
290.042
290.042
290.041
290.041
290.041
290.041
290.041
290.04
290.04
290.04
290.04
290.04
290.04
290.039
290.04
290.04
283.144
283.026
282.989
283.057
283.206
283.368
283.513
283.653
283.82
284.028
284.267
284.511
284.742
284.964
285.187
285.423
285.67
285.92
286.166
286.405
286.641
286.878
287.114
287.347
287.572
287.784
287.982
288.164
288.331
288.481
288.614
288.727
288.819
288.893
288.948
288.988
289.015
289.033
289.045
289.051
289.055
289.057
289.057
289.058
289.057
289.057
289.056
289.056
289.055
289.055
289.054
289.054
289.053
289.053
289.053
289.052
289.052
289.051
289.051
289.051
289.05
289.05
289.05
289.049
289.049
289.049
289.049
289.048
289.048
289.048
289.048
289.047
289.047
289.047
289.047
289.046
289.046
289.046
289.046
289.045
289.045
289.045
289.045
289.045
289.045
289.044
289.045
289.044
289.045
289.044
283.141
283.03
282.989
283.027
283.122
283.216
283.298
283.383
283.502
283.663
283.854
284.051
284.243
284.431
284.629
284.841
285.066
285.295
285.523
285.749
285.974
286.201
286.428
286.653
286.868
287.072
287.261
287.435
287.593
287.734
287.857
287.961
288.045
288.111
288.16
288.195
288.219
288.234
288.244
288.249
288.252
288.253
288.254
288.254
288.253
288.253
288.252
288.252
288.251
288.251
288.25
288.25
288.249
288.249
288.249
288.248
288.248
288.247
288.247
288.247
288.246
288.246
288.246
288.245
288.245
288.245
288.244
288.244
288.244
288.244
288.243
288.243
288.243
288.243
288.242
288.242
288.242
288.242
288.242
288.241
288.241
288.241
288.241
288.241
288.241
288.24
288.241
288.24
288.241
288.241
283.114
283.029
283.007
283.036
283.093
283.142
283.187
283.246
283.342
283.473
283.628
283.788
283.95
284.117
284.298
284.495
284.703
284.916
285.13
285.345
285.562
285.781
285.999
286.212
286.415
286.605
286.78
286.939
287.082
287.208
287.314
287.403
287.472
287.526
287.564
287.592
287.61
287.621
287.628
287.631
287.633
287.634
287.634
287.634
287.633
287.633
287.632
287.632
287.631
287.631
287.63
287.63
287.629
287.629
287.628
287.628
287.628
287.627
287.627
287.627
287.626
287.626
287.626
287.625
287.625
287.625
287.624
287.624
287.624
287.623
287.623
287.623
287.623
287.622
287.622
287.622
287.622
287.621
287.621
287.621
287.621
287.621
287.621
287.62
287.621
287.62
287.621
287.62
287.62
287.62
283.101
283.05
283.05
283.069
283.098
283.118
283.15
283.203
283.292
283.406
283.537
283.674
283.82
283.978
284.152
284.34
284.538
284.74
284.946
285.155
285.367
285.578
285.786
285.986
286.174
286.348
286.506
286.647
286.77
286.876
286.963
287.032
287.086
287.125
287.152
287.171
287.183
287.19
287.194
287.196
287.197
287.197
287.197
287.196
287.196
287.195
287.195
287.194
287.194
287.193
287.193
287.192
287.192
287.191
287.191
287.191
287.19
287.19
287.189
287.189
287.189
287.188
287.188
287.188
287.187
287.187
287.187
287.187
287.186
287.186
287.186
287.186
287.185
287.185
287.185
287.185
287.184
287.184
287.184
287.184
287.184
287.183
287.183
287.183
287.183
287.183
287.183
287.183
287.183
287.184
283.084
283.067
283.077
283.085
283.096
283.109
283.145
283.205
283.294
283.399
283.518
283.647
283.791
283.949
284.123
284.308
284.501
284.699
284.903
285.11
285.317
285.522
285.72
285.907
286.08
286.238
286.378
286.501
286.606
286.692
286.761
286.813
286.852
286.879
286.898
286.91
286.917
286.921
286.923
286.924
286.924
286.924
286.923
286.923
286.922
286.922
286.921
286.921
286.92
286.92
286.919
286.919
286.918
286.918
286.917
286.917
286.917
286.916
286.916
286.916
286.915
286.915
286.915
286.914
286.914
286.914
286.913
286.913
286.913
286.913
286.912
286.912
286.912
286.912
286.911
286.911
286.911
286.911
286.911
286.91
286.91
286.91
286.91
286.91
286.91
286.909
286.91
286.909
286.91
286.91
283.116
283.105
283.118
283.114
283.12
283.134
283.18
283.247
283.338
283.44
283.557
283.687
283.834
283.996
284.172
284.356
284.549
284.747
284.95
285.156
285.361
285.561
285.75
285.928
286.09
286.236
286.364
286.473
286.564
286.637
286.693
286.735
286.764
286.784
286.797
286.805
286.81
286.812
286.813
286.813
286.813
286.813
286.812
286.812
286.811
286.81
286.81
286.809
286.809
286.808
286.808
286.808
286.807
286.807
286.806
286.806
286.806
286.805
286.805
286.805
286.804
286.804
286.804
286.803
286.803
286.803
286.802
286.802
286.802
286.802
286.801
286.801
286.801
286.801
286.8
286.8
286.8
286.8
286.8
286.799
286.799
286.799
286.799
286.799
286.799
286.799
286.799
286.799
286.8
286.8
286.076
288.355
289.658
290.592
291.344
291.98
292.55
293.069
293.549
293.988
294.397
294.78
295.147
295.499
295.837
296.158
296.465
296.754
297.03
297.292
297.54
297.77
297.984
298.177
298.353
298.507
298.643
298.758
298.854
298.93
298.989
299.032
299.064
299.085
299.099
299.107
299.112
299.115
299.116
299.116
299.116
299.116
299.115
299.115
299.114
299.113
299.113
299.112
299.112
299.111
299.111
299.11
299.11
299.11
299.109
299.109
299.109
299.108
299.108
299.107
299.107
299.107
299.107
299.106
299.106
299.105
299.105
299.105
299.105
299.104
299.104
299.104
299.104
299.103
299.103
299.103
299.103
299.103
299.103
299.102
299.102
299.102
299.102
299.102
299.102
299.102
299.103
299.101
299.108
299.109
283.887
285.489
286.695
287.617
288.367
288.999
289.561
290.074
290.554
290.999
291.412
291.798
292.163
292.515
292.854
293.18
293.491
293.786
294.067
294.335
294.589
294.829
295.053
295.259
295.446
295.614
295.763
295.892
296.002
296.092
296.163
296.219
296.259
296.288
296.307
296.32
296.328
296.332
296.335
296.336
296.336
296.337
296.336
296.336
296.336
296.335
296.335
296.335
296.334
296.334
296.334
296.334
296.333
296.333
296.333
296.333
296.332
296.332
296.332
296.332
296.332
296.332
296.331
296.331
296.331
296.331
296.331
296.331
296.331
296.331
296.33
296.33
296.33
296.33
296.33
296.33
296.33
296.33
296.33
296.33
296.33
296.33
296.33
296.33
296.33
296.33
296.331
296.329
296.334
296.335
283.215
283.962
284.817
285.6
286.287
286.875
287.397
287.876
288.334
288.77
289.181
289.562
289.921
290.263
290.597
290.922
291.235
291.534
291.818
292.09
292.35
292.599
292.834
293.055
293.258
293.443
293.609
293.756
293.885
293.994
294.084
294.156
294.211
294.251
294.28
294.299
294.312
294.319
294.324
294.326
294.327
294.328
294.328
294.328
294.327
294.327
294.326
294.326
294.326
294.325
294.325
294.325
294.325
294.324
294.324
294.324
294.324
294.323
294.323
294.323
294.323
294.323
294.323
294.322
294.322
294.322
294.322
294.322
294.322
294.322
294.321
294.321
294.321
294.321
294.321
294.321
294.321
294.321
294.321
294.321
294.321
294.321
294.321
294.321
294.321
294.321
294.322
294.32
294.324
294.324
283.093
283.296
283.74
284.279
284.825
285.319
285.762
286.172
286.576
286.978
287.368
287.735
288.076
288.399
288.716
289.029
289.338
289.635
289.918
290.19
290.451
290.704
290.948
291.181
291.398
291.599
291.781
291.946
292.093
292.222
292.331
292.421
292.492
292.547
292.586
292.614
292.632
292.644
292.651
292.655
292.657
292.658
292.658
292.658
292.658
292.658
292.657
292.657
292.656
292.656
292.656
292.655
292.655
292.655
292.654
292.654
292.654
292.653
292.653
292.653
292.653
292.653
292.652
292.652
292.652
292.652
292.651
292.651
292.651
292.651
292.651
292.651
292.65
292.65
292.65
292.65
292.65
292.65
292.65
292.649
292.649
292.649
292.649
292.649
292.649
292.649
292.65
292.649
292.651
292.651
283.119
283.086
283.245
283.548
283.927
284.298
284.636
284.952
285.276
285.618
285.968
286.304
286.616
286.911
287.2
287.492
287.785
288.073
288.349
288.614
288.871
289.123
289.369
289.608
289.834
290.045
290.24
290.418
290.579
290.722
290.847
290.952
291.037
291.104
291.153
291.189
291.213
291.228
291.238
291.244
291.247
291.248
291.249
291.249
291.248
291.248
291.248
291.247
291.247
291.246
291.246
291.245
291.245
291.245
291.244
291.244
291.243
291.243
291.243
291.243
291.242
291.242
291.242
291.241
291.241
291.241
291.241
291.241
291.24
291.24
291.24
291.24
291.24
291.239
291.239
291.239
291.239
291.239
291.239
291.238
291.238
291.238
291.238
291.238
291.238
291.238
291.238
291.237
291.239
291.239
283.138
283.033
283.047
283.194
283.434
283.688
283.921
284.141
284.38
284.652
284.947
285.24
285.514
285.773
286.029
286.293
286.565
286.836
287.099
287.353
287.6
287.845
288.089
288.327
288.556
288.771
288.971
289.155
289.323
289.474
289.606
289.72
289.813
289.886
289.942
289.982
290.01
290.028
290.039
290.046
290.05
290.051
290.052
290.052
290.052
290.051
290.051
290.05
290.05
290.049
290.049
290.049
290.048
290.048
290.047
290.047
290.047
290.046
290.046
290.046
290.045
290.045
290.045
290.044
290.044
290.044
290.044
290.043
290.043
290.043
290.043
290.042
290.042
290.042
290.042
290.042
290.041
290.041
290.041
290.041
290.041
290.04
290.04
290.04
290.04
290.04
290.04
290.039
290.04
290.04
283.144
283.026
282.989
283.057
283.206
283.368
283.513
283.653
283.82
284.028
284.267
284.511
284.742
284.964
285.187
285.423
285.67
285.92
286.166
286.405
286.641
286.878
287.114
287.347
287.572
287.784
287.982
288.164
288.331
288.481
288.614
288.727
288.819
288.893
288.948
288.988
289.015
289.033
289.045
289.051
289.055
289.057
289.057
289.057
289.057
289.057
289.056
289.056
289.055
289.055
289.054
289.054
289.053
289.053
289.053
289.052
289.052
289.051
289.051
289.051
289.05
289.05
289.05
289.049
289.049
289.049
289.049
289.048
289.048
289.048
289.048
289.047
289.047
289.047
289.047
289.046
289.046
289.046
289.046
289.045
289.045
289.045
289.045
289.045
289.045
289.044
289.045
289.044
289.045
289.044
283.141
283.03
282.989
283.027
283.122
283.216
283.298
283.383
283.502
283.663
283.854
284.051
284.243
284.431
284.629
284.841
285.066
285.295
285.523
285.749
285.974
286.201
286.428
286.653
286.868
287.072
287.261
287.435
287.593
287.734
287.857
287.961
288.045
288.111
288.16
288.195
288.219
288.234
288.244
288.249
288.252
288.253
288.254
288.254
288.253
288.253
288.252
288.252
288.251
288.251
288.25
288.25
288.249
288.249
288.248
288.248
288.248
288.247
288.247
288.247
288.246
288.246
288.246
288.245
288.245
288.245
288.244
288.244
288.244
288.244
288.243
288.243
288.243
288.243
288.242
288.242
288.242
288.242
288.242
288.241
288.241
288.241
288.241
288.241
288.241
288.24
288.241
288.24
288.241
288.241
283.114
283.029
283.007
283.036
283.093
283.142
283.187
283.246
283.342
283.473
283.628
283.788
283.95
284.117
284.298
284.495
284.703
284.916
285.13
285.345
285.562
285.781
285.999
286.212
286.415
286.605
286.78
286.939
287.082
287.208
287.314
287.403
287.472
287.526
287.564
287.592
287.61
287.621
287.628
287.631
287.633
287.634
287.634
287.634
287.633
287.633
287.632
287.632
287.631
287.631
287.63
287.63
287.629
287.629
287.628
287.628
287.628
287.627
287.627
287.627
287.626
287.626
287.626
287.625
287.625
287.625
287.624
287.624
287.624
287.623
287.623
287.623
287.623
287.622
287.622
287.622
287.622
287.621
287.621
287.621
287.621
287.621
287.621
287.62
287.62
287.62
287.621
287.62
287.62
287.62
283.101
283.05
283.05
283.069
283.098
283.118
283.15
283.203
283.292
283.406
283.537
283.674
283.82
283.978
284.152
284.34
284.538
284.74
284.946
285.155
285.367
285.578
285.786
285.986
286.174
286.348
286.506
286.647
286.77
286.876
286.963
287.032
287.086
287.125
287.152
287.171
287.183
287.19
287.194
287.196
287.197
287.197
287.197
287.196
287.196
287.195
287.195
287.194
287.194
287.193
287.193
287.192
287.192
287.191
287.191
287.191
287.19
287.19
287.189
287.189
287.189
287.188
287.188
287.188
287.187
287.187
287.187
287.187
287.186
287.186
287.186
287.186
287.185
287.185
287.185
287.185
287.184
287.184
287.184
287.184
287.184
287.183
287.183
287.183
287.183
287.183
287.183
287.183
287.183
287.184
283.084
283.067
283.077
283.085
283.096
283.109
283.145
283.205
283.294
283.399
283.518
283.647
283.791
283.949
284.123
284.308
284.501
284.699
284.903
285.11
285.317
285.522
285.72
285.907
286.08
286.238
286.378
286.501
286.606
286.692
286.761
286.813
286.852
286.879
286.898
286.91
286.917
286.921
286.923
286.924
286.924
286.924
286.923
286.923
286.922
286.922
286.921
286.921
286.92
286.92
286.919
286.919
286.918
286.918
286.917
286.917
286.917
286.916
286.916
286.916
286.915
286.915
286.915
286.914
286.914
286.914
286.913
286.913
286.913
286.913
286.912
286.912
286.912
286.912
286.911
286.911
286.911
286.911
286.911
286.91
286.91
286.91
286.91
286.91
286.91
286.909
286.91
286.909
286.91
286.91
283.116
283.105
283.118
283.114
283.12
283.134
283.18
283.247
283.338
283.44
283.557
283.687
283.834
283.996
284.172
284.356
284.549
284.747
284.95
285.156
285.361
285.561
285.75
285.928
286.09
286.236
286.364
286.473
286.564
286.637
286.693
286.735
286.764
286.784
286.797
286.805
286.81
286.812
286.813
286.813
286.813
286.813
286.812
286.812
286.811
286.81
286.81
286.809
286.809
286.808
286.808
286.808
286.807
286.807
286.806
286.806
286.806
286.805
286.805
286.805
286.804
286.804
286.804
286.803
286.803
286.803
286.802
286.802
286.802
286.802
286.801
286.801
286.801
286.801
286.8
286.8
286.8
286.8
286.8
286.799
286.799
286.799
286.799
286.799
286.799
286.799
286.799
286.799
286.8
286.8
285.474
287.227
288.353
289.202
289.908
290.503
291.045
291.54
292.005
292.434
292.835
293.208
293.567
293.911
294.245
294.564
294.868
295.156
295.432
295.694
295.943
296.177
296.395
296.594
296.775
296.937
297.079
297.201
297.304
297.387
297.452
297.502
297.538
297.563
297.579
297.59
297.596
297.6
297.602
297.603
297.603
297.603
297.602
297.602
297.602
297.601
297.601
297.6
297.6
297.6
297.599
297.599
297.599
297.598
297.598
297.598
297.598
297.597
297.597
297.597
297.597
297.597
297.596
297.596
297.596
297.596
297.596
297.596
297.595
297.595
297.595
297.595
297.595
297.595
297.595
297.594
297.595
297.594
297.594
297.594
297.594
297.594
297.594
297.594
297.595
297.594
297.596
297.595
297.601
297.6
284.136
285.579
286.631
287.463
288.158
288.748
289.277
289.764
290.223
290.652
291.053
291.427
291.783
292.125
292.457
292.776
293.082
293.373
293.651
293.915
294.168
294.407
294.63
294.837
295.025
295.194
295.345
295.475
295.587
295.679
295.752
295.809
295.851
295.881
295.901
295.915
295.923
295.928
295.931
295.932
295.932
295.932
295.932
295.932
295.931
295.931
295.931
295.93
295.93
295.93
295.929
295.929
295.929
295.928
295.928
295.928
295.928
295.927
295.927
295.927
295.927
295.927
295.926
295.926
295.926
295.926
295.926
295.925
295.925
295.925
295.925
295.925
295.925
295.925
295.924
295.924
295.924
295.924
295.924
295.924
295.924
295.924
295.924
295.924
295.924
295.924
295.924
295.923
295.928
295.927
283.457
284.364
285.216
285.949
286.596
287.145
287.64
288.093
288.531
288.945
289.34
289.706
290.053
290.385
290.709
291.025
291.33
291.622
291.901
292.167
292.422
292.667
292.899
293.115
293.314
293.496
293.659
293.803
293.928
294.034
294.121
294.19
294.243
294.281
294.308
294.327
294.338
294.346
294.35
294.352
294.353
294.353
294.353
294.353
294.352
294.352
294.351
294.351
294.351
294.35
294.35
294.35
294.349
294.349
294.349
294.348
294.348
294.348
294.347
294.347
294.347
294.347
294.347
294.346
294.346
294.346
294.346
294.345
294.345
294.345
294.345
294.345
294.345
294.344
294.344
294.344
294.344
294.344
294.344
294.344
294.344
294.344
294.344
294.344
294.344
294.344
294.345
294.344
294.348
294.347
283.127
283.552
284.11
284.682
285.231
285.714
286.147
286.546
286.94
287.327
287.702
288.054
288.384
288.699
289.008
289.314
289.614
289.904
290.18
290.446
290.702
290.95
291.188
291.415
291.625
291.819
291.995
292.153
292.293
292.414
292.516
292.599
292.664
292.713
292.749
292.773
292.789
292.799
292.805
292.809
292.81
292.811
292.811
292.811
292.81
292.81
292.809
292.809
292.809
292.808
292.808
292.808
292.807
292.807
292.806
292.806
292.806
292.806
292.805
292.805
292.805
292.804
292.804
292.804
292.804
292.803
292.803
292.803
292.803
292.803
292.802
292.802
292.802
292.802
292.802
292.801
292.801
292.801
292.801
292.801
292.801
292.801
292.801
292.8
292.801
292.8
292.801
292.8
292.803
292.802
283.098
283.203
283.502
283.881
284.305
284.69
285.042
285.365
285.696
286.036
286.378
286.702
287.007
287.295
287.582
287.87
288.158
288.438
288.708
288.968
289.221
289.468
289.709
289.94
290.159
290.361
290.547
290.715
290.866
290.999
291.114
291.208
291.284
291.342
291.384
291.414
291.434
291.447
291.455
291.459
291.461
291.462
291.463
291.463
291.462
291.462
291.461
291.461
291.46
291.46
291.459
291.459
291.459
291.458
291.458
291.458
291.457
291.457
291.457
291.456
291.456
291.456
291.455
291.455
291.455
291.455
291.454
291.454
291.454
291.454
291.454
291.453
291.453
291.453
291.453
291.453
291.452
291.452
291.452
291.452
291.452
291.452
291.452
291.452
291.452
291.452
291.453
291.452
291.455
291.454
283.08
283.035
283.158
283.382
283.684
283.971
284.235
284.483
284.747
285.033
285.332
285.622
285.894
286.154
286.414
286.681
286.952
287.22
287.479
287.73
287.976
288.22
288.459
288.692
288.913
289.119
289.309
289.483
289.64
289.78
289.9
290.002
290.083
290.146
290.193
290.226
290.249
290.263
290.272
290.277
290.28
290.281
290.281
290.281
290.281
290.28
290.28
290.28
290.279
290.279
290.278
290.278
290.277
290.277
290.277
290.276
290.276
290.276
290.275
290.275
290.275
290.274
290.274
290.274
290.273
290.273
290.273
290.273
290.272
290.272
290.272
290.272
290.272
290.271
290.271
290.271
290.271
290.27
290.27
290.27
290.27
290.27
290.27
290.269
290.27
290.269
290.27
290.269
290.27
290.269
283.085
282.988
283.021
283.144
283.349
283.545
283.729
283.907
284.109
284.342
284.595
284.844
285.081
285.31
285.543
285.787
286.038
286.289
286.535
286.775
287.013
287.249
287.484
287.712
287.93
288.134
288.323
288.496
288.652
288.791
288.911
289.012
289.094
289.156
289.203
289.236
289.258
289.273
289.282
289.287
289.289
289.291
289.291
289.291
289.29
289.29
289.29
289.289
289.289
289.288
289.288
289.287
289.287
289.286
289.286
289.286
289.285
289.285
289.285
289.284
289.284
289.284
289.283
289.283
289.283
289.283
289.282
289.282
289.282
289.282
289.281
289.281
289.281
289.281
289.28
289.28
289.28
289.28
289.28
289.279
289.279
289.279
289.279
289.279
289.279
289.278
289.279
289.278
289.279
289.279
283.099
282.998
282.999
283.068
283.203
283.326
283.448
283.569
283.725
283.911
284.121
284.328
284.532
284.733
284.943
285.166
285.398
285.632
285.864
286.092
286.32
286.549
286.776
286.997
287.207
287.404
287.585
287.751
287.9
288.031
288.144
288.237
288.312
288.37
288.412
288.441
288.461
288.474
288.481
288.485
288.488
288.488
288.489
288.488
288.488
288.488
288.487
288.486
288.486
288.485
288.485
288.485
288.484
288.484
288.483
288.483
288.483
288.482
288.482
288.482
288.481
288.481
288.481
288.48
288.48
288.48
288.479
288.479
288.479
288.479
288.478
288.478
288.478
288.478
288.478
288.477
288.477
288.477
288.477
288.477
288.477
288.476
288.477
288.476
288.477
288.476
288.478
288.476
288.478
288.479
283.05
282.979
282.979
283.027
283.111
283.188
283.267
283.359
283.486
283.641
283.815
283.991
284.169
284.351
284.546
284.754
284.971
285.191
285.411
285.631
285.852
286.073
286.291
286.502
286.702
286.888
287.058
287.211
287.348
287.466
287.566
287.648
287.712
287.76
287.794
287.818
287.834
287.844
287.849
287.853
287.854
287.855
287.855
287.854
287.854
287.853
287.853
287.852
287.852
287.851
287.851
287.85
287.85
287.85
287.849
287.849
287.848
287.848
287.848
287.847
287.847
287.847
287.846
287.846
287.846
287.846
287.845
287.845
287.845
287.844
287.844
287.844
287.844
287.843
287.843
287.843
287.843
287.843
287.842
287.842
287.842
287.842
287.842
287.842
287.842
287.841
287.842
287.841
287.842
287.843
283.091
283.04
283.052
283.078
283.129
283.169
283.227
283.302
283.414
283.546
283.695
283.848
284.009
284.18
284.366
284.563
284.77
284.979
285.192
285.405
285.62
285.834
286.043
286.243
286.43
286.602
286.758
286.896
287.018
287.12
287.205
287.272
287.323
287.361
287.387
287.404
287.416
287.422
287.426
287.428
287.429
287.429
287.429
287.428
287.428
287.427
287.427
287.426
287.426
287.425
287.425
287.424
287.424
287.423
287.423
287.422
287.422
287.422
287.421
287.421
287.421
287.42
287.42
287.42
287.419
287.419
287.419
287.419
287.418
287.418
287.418
287.418
287.417
287.417
287.417
287.417
287.417
287.416
287.416
287.416
287.416
287.416
287.416
287.415
287.416
287.415
287.417
287.416
287.418
287.418
283.038
283.02
283.038
283.058
283.088
283.117
283.17
283.246
283.352
283.474
283.609
283.752
283.908
284.076
284.26
284.453
284.653
284.858
285.067
285.278
285.489
285.697
285.898
286.087
286.263
286.423
286.566
286.691
286.798
286.887
286.958
287.012
287.053
287.081
287.101
287.113
287.121
287.125
287.128
287.129
287.129
287.129
287.128
287.128
287.127
287.127
287.126
287.126
287.125
287.125
287.124
287.124
287.123
287.123
287.123
287.122
287.122
287.122
287.121
287.121
287.12
287.12
287.12
287.12
287.119
287.119
287.119
287.118
287.118
287.118
287.118
287.117
287.117
287.117
287.117
287.116
287.116
287.116
287.116
287.115
287.115
287.115
287.115
287.115
287.115
287.114
287.115
287.114
287.116
287.116
283.135
283.121
283.145
283.152
283.175
283.197
283.252
283.328
283.434
283.549
283.68
283.819
283.974
284.142
284.325
284.516
284.715
284.918
285.126
285.335
285.544
285.749
285.944
286.127
286.296
286.448
286.583
286.7
286.798
286.878
286.941
286.988
287.022
287.046
287.061
287.071
287.077
287.08
287.082
287.082
287.082
287.082
287.081
287.081
287.08
287.08
287.079
287.078
287.078
287.077
287.077
287.077
287.076
287.076
287.075
287.075
287.075
287.074
287.074
287.073
287.073
287.073
287.072
287.072
287.072
287.072
287.071
287.071
287.071
287.07
287.07
287.07
287.07
287.069
287.069
287.069
287.069
287.069
287.069
287.068
287.068
287.068
287.068
287.068
287.068
287.068
287.069
287.068
287.07
287.071
284.791
286.395
287.457
288.312
288.995
289.599
290.127
290.627
291.085
291.519
291.916
292.293
292.647
292.993
293.325
293.645
293.949
294.239
294.513
294.777
295.027
295.263
295.482
295.684
295.866
296.03
296.174
296.299
296.404
296.49
296.557
296.609
296.646
296.673
296.69
296.702
296.709
296.713
296.715
296.716
296.716
296.716
296.716
296.716
296.716
296.715
296.715
296.715
296.714
296.714
296.714
296.714
296.713
296.713
296.713
296.713
296.713
296.712
296.712
296.712
296.712
296.711
296.711
296.711
296.711
296.711
296.711
296.71
296.71
296.71
296.71
296.71
296.71
296.709
296.709
296.709
296.709
296.709
296.708
296.708
296.708
296.707
296.707
296.707
296.706
296.706
296.704
296.704
296.701
296.697
283.967
285.425
286.447
287.28
287.957
288.55
289.07
289.56
290.013
290.444
290.84
291.214
291.567
291.91
292.24
292.559
292.863
293.154
293.43
293.695
293.946
294.185
294.408
294.614
294.802
294.97
295.12
295.25
295.361
295.452
295.525
295.581
295.623
295.652
295.673
295.686
295.694
295.699
295.701
295.703
295.703
295.703
295.703
295.703
295.703
295.702
295.702
295.702
295.701
295.701
295.701
295.7
295.7
295.7
295.7
295.699
295.699
295.699
295.699
295.698
295.698
295.698
295.698
295.697
295.697
295.697
295.697
295.697
295.696
295.696
295.696
295.696
295.696
295.695
295.695
295.695
295.695
295.695
295.694
295.694
295.694
295.693
295.693
295.693
295.692
295.692
295.69
295.69
295.687
295.682
283.172
284.21
285.068
285.833
286.47
287.036
287.525
287.989
288.422
288.843
289.233
289.602
289.946
290.28
290.603
290.92
291.224
291.516
291.793
292.059
292.314
292.558
292.789
293.004
293.202
293.382
293.543
293.685
293.808
293.912
293.997
294.065
294.116
294.153
294.179
294.197
294.208
294.215
294.219
294.221
294.222
294.222
294.222
294.222
294.221
294.221
294.221
294.22
294.22
294.22
294.219
294.219
294.219
294.218
294.218
294.218
294.218
294.217
294.217
294.217
294.217
294.216
294.216
294.216
294.216
294.215
294.215
294.215
294.215
294.214
294.214
294.214
294.214
294.213
294.213
294.213
294.213
294.212
294.212
294.212
294.211
294.211
294.21
294.21
294.209
294.209
294.207
294.207
294.202
294.197
282.895
283.444
284.044
284.659
285.214
285.715
286.149
286.558
286.951
287.343
287.715
288.068
288.395
288.711
289.02
289.326
289.625
289.914
290.189
290.454
290.709
290.956
291.193
291.418
291.626
291.818
291.991
292.147
292.284
292.402
292.501
292.581
292.644
292.691
292.724
292.747
292.763
292.772
292.778
292.781
292.782
292.783
292.783
292.783
292.783
292.782
292.782
292.781
292.781
292.781
292.78
292.78
292.78
292.779
292.779
292.779
292.778
292.778
292.778
292.777
292.777
292.777
292.777
292.776
292.776
292.776
292.776
292.775
292.775
292.775
292.775
292.774
292.774
292.774
292.774
292.773
292.773
292.773
292.772
292.772
292.772
292.772
292.771
292.771
292.77
292.77
292.768
292.769
292.765
292.76
282.781
283.015
283.357
283.809
284.251
284.671
285.031
285.376
285.713
286.064
286.406
286.734
287.037
287.331
287.618
287.909
288.197
288.479
288.748
289.008
289.261
289.508
289.748
289.979
290.195
290.395
290.578
290.743
290.891
291.021
291.132
291.223
291.295
291.35
291.39
291.418
291.437
291.449
291.456
291.46
291.462
291.463
291.464
291.464
291.463
291.463
291.463
291.462
291.462
291.461
291.461
291.461
291.46
291.46
291.46
291.459
291.459
291.459
291.459
291.458
291.458
291.458
291.457
291.457
291.457
291.457
291.456
291.456
291.456
291.456
291.455
291.455
291.455
291.455
291.454
291.454
291.454
291.454
291.453
291.453
291.452
291.452
291.451
291.451
291.45
291.45
291.448
291.448
291.445
291.441
282.798
282.869
283.029
283.333
283.66
283.985
284.265
284.533
284.808
285.106
285.408
285.701
285.975
286.238
286.501
286.771
287.043
287.311
287.57
287.822
288.068
288.312
288.551
288.782
289
289.204
289.391
289.561
289.715
289.85
289.967
290.064
290.141
290.201
290.244
290.275
290.296
290.309
290.317
290.322
290.324
290.325
290.326
290.326
290.325
290.325
290.325
290.324
290.324
290.323
290.323
290.323
290.322
290.322
290.322
290.321
290.321
290.321
290.32
290.32
290.32
290.319
290.319
290.319
290.319
290.318
290.318
290.318
290.318
290.317
290.317
290.317
290.317
290.316
290.316
290.316
290.316
290.315
290.315
290.315
290.315
290.314
290.314
290.314
290.313
290.313
290.312
290.311
290.311
290.308
282.802
282.808
282.867
283.064
283.292
283.53
283.735
283.936
284.153
284.401
284.66
284.915
285.155
285.39
285.629
285.877
286.131
286.384
286.631
286.873
287.111
287.349
287.583
287.811
288.027
288.229
288.414
288.584
288.737
288.872
288.988
289.084
289.162
289.221
289.264
289.295
289.316
289.329
289.337
289.342
289.344
289.345
289.345
289.345
289.345
289.345
289.344
289.344
289.343
289.343
289.343
289.342
289.342
289.342
289.341
289.341
289.341
289.34
289.34
289.34
289.339
289.339
289.339
289.339
289.338
289.338
289.338
289.338
289.337
289.337
289.337
289.337
289.336
289.336
289.336
289.336
289.335
289.335
289.335
289.335
289.334
289.334
289.334
289.333
289.333
289.333
289.332
289.331
289.331
289.329
282.773
282.764
282.782
282.912
283.064
283.23
283.37
283.523
283.694
283.901
284.119
284.339
284.548
284.76
284.977
285.207
285.444
285.682
285.917
286.149
286.379
286.61
286.838
287.059
287.268
287.463
287.642
287.805
287.951
288.079
288.189
288.279
288.35
288.405
288.445
288.472
288.491
288.502
288.51
288.514
288.516
288.517
288.517
288.517
288.516
288.516
288.516
288.515
288.515
288.514
288.514
288.514
288.513
288.513
288.513
288.512
288.512
288.512
288.511
288.511
288.511
288.511
288.51
288.51
288.51
288.51
288.509
288.509
288.509
288.509
288.508
288.508
288.508
288.508
288.507
288.507
288.507
288.507
288.506
288.506
288.505
288.505
288.505
288.504
288.503
288.503
288.502
288.501
288.501
288.499
282.783
282.773
282.785
282.871
282.968
283.074
283.169
283.285
283.425
283.597
283.779
283.966
284.151
284.342
284.544
284.759
284.98
285.204
285.427
285.651
285.874
286.097
286.315
286.526
286.725
286.909
287.077
287.229
287.363
287.478
287.576
287.654
287.716
287.762
287.795
287.817
287.832
287.841
287.847
287.85
287.851
287.852
287.852
287.851
287.851
287.851
287.85
287.85
287.849
287.849
287.849
287.848
287.848
287.848
287.847
287.847
287.847
287.846
287.846
287.846
287.845
287.845
287.845
287.845
287.844
287.844
287.844
287.844
287.843
287.843
287.843
287.843
287.842
287.842
287.842
287.842
287.841
287.841
287.841
287.841
287.84
287.84
287.839
287.839
287.838
287.838
287.837
287.836
287.837
287.836
282.699
282.719
282.733
282.802
282.859
282.932
283.001
283.103
283.225
283.376
283.532
283.698
283.866
284.048
284.24
284.445
284.655
284.87
285.085
285.303
285.52
285.736
285.946
286.146
286.332
286.503
286.658
286.795
286.915
287.016
287.098
287.164
287.213
287.25
287.275
287.292
287.303
287.309
287.313
287.315
287.316
287.316
287.316
287.315
287.315
287.314
287.314
287.314
287.313
287.313
287.312
287.312
287.312
287.311
287.311
287.311
287.31
287.31
287.31
287.31
287.309
287.309
287.309
287.308
287.308
287.308
287.308
287.307
287.307
287.307
287.307
287.306
287.306
287.306
287.305
287.305
287.305
287.305
287.304
287.304
287.304
287.303
287.303
287.302
287.301
287.301
287.3
287.299
287.298
287.297
282.723
282.749
282.769
282.817
282.852
282.903
282.964
283.058
283.171
283.307
283.448
283.601
283.762
283.938
284.126
284.325
284.529
284.738
284.949
285.162
285.375
285.585
285.786
285.977
286.152
286.312
286.455
286.58
286.686
286.775
286.845
286.899
286.939
286.967
286.986
286.999
287.006
287.011
287.013
287.014
287.015
287.015
287.014
287.014
287.013
287.013
287.013
287.012
287.012
287.011
287.011
287.01
287.01
287.01
287.009
287.009
287.009
287.008
287.008
287.008
287.007
287.007
287.007
287.007
287.006
287.006
287.006
287.006
287.005
287.005
287.005
287.004
287.004
287.004
287.004
287.003
287.003
287.003
287.002
287.002
287.002
287.001
287.001
287.001
287
286.999
286.999
286.997
286.997
286.996
282.658
282.694
282.713
282.759
282.785
282.835
282.893
282.989
283.1
283.232
283.368
283.518
283.677
283.854
284.04
284.238
284.44
284.647
284.857
285.07
285.281
285.488
285.686
285.872
286.043
286.198
286.335
286.454
286.555
286.638
286.702
286.752
286.787
286.812
286.829
286.84
286.846
286.85
286.852
286.852
286.853
286.852
286.852
286.852
286.851
286.851
286.85
286.85
286.849
286.849
286.849
286.848
286.848
286.847
286.847
286.847
286.846
286.846
286.846
286.846
286.845
286.845
286.845
286.844
286.844
286.844
286.843
286.843
286.843
286.843
286.842
286.842
286.842
286.842
286.841
286.841
286.841
286.84
286.84
286.84
286.839
286.839
286.838
286.838
286.837
286.837
286.835
286.834
286.833
286.832
)
;

boundaryField
{
    upperWall
    {
        type            zeroGradient;
    }
    lowerWall
    {
        type            zeroGradient;
    }
    heatedWall
    {
        type            externalWallHeatFluxTemperature;
        mode            power;
        kappaMethod     fluidThermo;
        kappa           none;
        alphaAni        Anialpha;
        Q               5040;
        qr              none;
        refValue        nonuniform List<scalar> 
540
(
285.162
286.285
288.412
288.412
286.285
285.162
286.764
288.033
290.647
290.647
288.033
286.764
287.826
289.159
291.954
291.954
289.159
287.826
288.682
290.008
292.892
292.892
290.008
288.682
289.365
290.714
293.645
293.645
290.714
289.365
289.969
291.31
294.281
294.281
291.31
289.969
290.497
291.852
294.851
294.851
291.852
290.497
290.997
292.346
295.369
295.369
292.346
290.997
291.455
292.812
295.849
295.849
292.812
291.455
291.889
293.24
296.286
296.286
293.24
291.889
292.286
293.642
296.695
296.695
293.642
292.286
292.663
294.015
297.076
297.076
294.015
292.663
293.017
294.374
297.444
297.444
294.374
293.017
293.364
294.718
297.793
297.793
294.718
293.364
293.695
295.052
298.133
298.133
295.052
293.695
294.015
295.37
298.452
298.452
295.37
294.015
294.319
295.675
298.759
298.759
295.675
294.319
294.609
295.963
299.046
299.046
295.963
294.609
294.884
296.239
299.323
299.323
296.239
294.884
295.147
296.501
299.583
299.583
296.501
295.147
295.397
296.75
299.831
299.831
296.75
295.397
295.633
296.984
300.06
300.06
296.984
295.633
295.852
297.202
300.275
300.275
297.202
295.852
296.054
297.401
300.466
300.466
297.401
296.054
296.236
297.582
300.643
300.643
297.582
296.236
296.4
297.744
300.796
300.796
297.744
296.4
296.544
297.886
300.932
300.932
297.886
296.544
296.669
298.008
301.046
301.046
298.008
296.669
296.774
298.111
301.142
301.142
298.111
296.774
296.86
298.194
301.217
301.217
298.194
296.86
296.928
298.26
301.277
301.277
298.26
296.928
296.979
298.309
301.319
301.319
298.309
296.979
297.016
298.345
301.351
301.351
298.345
297.016
297.043
298.37
301.37
301.37
298.37
297.043
297.06
298.387
301.385
301.385
298.387
297.061
297.072
298.397
301.392
301.392
298.397
297.072
297.079
298.404
301.398
301.398
298.404
297.079
297.083
298.407
301.399
301.399
298.407
297.083
297.085
298.409
301.401
301.401
298.409
297.085
297.086
298.41
301.4
301.4
298.41
297.086
297.087
298.41
301.4
301.4
298.41
297.087
297.087
298.41
301.398
301.398
298.41
297.087
297.086
298.41
301.399
301.399
298.41
297.086
297.086
298.409
301.397
301.397
298.409
297.086
297.086
298.409
301.397
301.397
298.409
297.086
297.086
298.409
301.395
301.395
298.409
297.086
297.085
298.408
301.395
301.395
298.408
297.085
297.085
298.408
301.393
301.393
298.408
297.085
297.085
298.408
301.393
301.393
298.408
297.085
297.085
298.407
301.392
301.392
298.407
297.085
297.084
298.407
301.392
301.392
298.407
297.084
297.084
298.407
301.39
301.39
298.407
297.084
297.084
298.406
301.39
301.39
298.406
297.084
297.084
298.406
301.389
301.389
298.406
297.084
297.083
298.406
301.389
301.389
298.406
297.083
297.083
298.405
301.388
301.388
298.406
297.083
297.083
298.405
301.388
301.388
298.405
297.083
297.083
298.405
301.386
301.386
298.405
297.083
297.082
298.405
301.387
301.387
298.405
297.082
297.082
298.405
301.385
301.385
298.405
297.082
297.082
298.404
301.385
301.385
298.404
297.082
297.082
298.404
301.384
301.384
298.404
297.082
297.082
298.404
301.384
301.384
298.404
297.082
297.082
298.404
301.383
301.383
298.404
297.082
297.081
298.404
301.383
301.383
298.404
297.081
297.081
298.404
301.382
301.382
298.404
297.081
297.081
298.403
301.382
301.382
298.403
297.081
297.081
298.403
301.381
301.381
298.403
297.081
297.081
298.403
301.381
301.381
298.403
297.081
297.081
298.403
301.38
301.38
298.403
297.081
297.08
298.403
301.38
301.38
298.403
297.08
297.08
298.403
301.379
301.379
298.403
297.08
297.08
298.403
301.379
301.379
298.403
297.08
297.08
298.402
301.378
301.378
298.402
297.08
297.08
298.402
301.378
301.378
298.402
297.08
297.079
298.402
301.377
301.377
298.402
297.079
297.079
298.402
301.378
301.378
298.402
297.079
297.079
298.402
301.377
301.377
298.402
297.079
297.079
298.402
301.377
301.377
298.402
297.079
297.079
298.402
301.376
301.376
298.402
297.079
297.078
298.402
301.376
301.376
298.402
297.078
297.078
298.402
301.375
301.375
298.402
297.078
297.077
298.402
301.375
301.375
298.402
297.077
297.077
298.402
301.374
301.374
298.402
297.077
297.076
298.403
301.375
301.375
298.403
297.076
297.076
298.402
301.374
301.374
298.402
297.076
297.074
298.403
301.375
301.375
298.403
297.074
297.075
298.403
301.373
301.373
298.403
297.075
297.071
298.408
301.38
301.38
298.408
297.071
297.068
298.408
301.38
301.38
298.408
297.068
)
;
        refGradient     nonuniform List<scalar> 
540
(
44.451
97.3165
280.323
280.323
97.3165
44.451
44.3741
96.6887
275.076
275.076
96.6887
44.3741
44.3753
96.7065
275.513
275.513
96.7065
44.3753
44.3793
96.731
276.015
276.015
96.731
44.3793
44.3832
96.7484
276.103
276.103
96.7484
44.3832
44.3865
96.7602
276.14
276.14
96.7602
44.3865
44.3893
96.7732
276.118
276.118
96.7732
44.3893
44.3922
96.7793
275.976
275.976
96.7793
44.3922
44.3945
96.7907
275.968
275.968
96.7907
44.3945
44.397
96.7944
275.754
275.754
96.7944
44.397
44.3988
96.8053
275.782
275.782
96.8053
44.3988
44.4012
96.8076
275.537
275.537
96.8076
44.4012
44.4029
96.8178
275.598
275.598
96.8178
44.4029
44.4052
96.8191
275.344
275.344
96.8191
44.4052
44.4067
96.8286
275.428
275.428
96.8286
44.4067
44.4089
96.8293
275.178
275.178
96.8293
44.4089
44.4101
96.8382
275.278
275.278
96.8382
44.4101
44.4122
96.8386
275.036
275.036
96.8386
44.4122
44.4134
96.8468
275.142
275.142
96.8468
44.4134
44.4153
96.8468
274.91
274.91
96.8468
44.4153
44.4164
96.8543
275.02
275.02
96.8543
44.4164
44.4181
96.854
274.799
274.799
96.854
44.4181
44.4191
96.861
274.908
274.908
96.861
44.4191
44.4207
96.8605
274.698
274.698
96.8605
44.4207
44.4216
96.867
274.803
274.803
96.867
44.4216
44.4231
96.8663
274.605
274.605
96.8663
44.4231
44.4238
96.8722
274.704
274.704
96.8722
44.4238
44.4252
96.8714
274.517
274.517
96.8714
44.4252
44.4259
96.8768
274.609
274.609
96.8768
44.4259
44.4272
96.8759
274.431
274.431
96.8759
44.4272
44.4279
96.8809
274.515
274.515
96.8809
44.4279
44.4291
96.8799
274.346
274.346
96.8799
44.4291
44.4298
96.8844
274.423
274.423
96.8844
44.4298
44.4309
96.8834
274.262
274.262
96.8834
44.4309
44.4316
96.8876
274.332
274.332
96.8876
44.4316
44.4328
96.8866
274.179
274.179
96.8866
44.4328
44.4335
96.8904
274.244
274.244
96.8904
44.4335
44.4346
96.8894
274.099
274.099
96.8894
44.4346
44.4353
96.893
274.158
274.158
96.893
44.4353
44.4364
96.8921
274.021
274.021
96.8921
44.4364
44.4372
96.8955
274.076
274.076
96.8955
44.4372
44.4382
96.8947
273.946
273.946
96.8947
44.4382
44.439
96.8979
273.996
273.996
96.8979
44.439
44.44
96.8972
273.874
273.874
96.8972
44.44
44.4408
96.9003
273.92
273.92
96.9003
44.4408
44.4418
96.8996
273.803
273.803
96.8996
44.4418
44.4425
96.9026
273.846
273.846
96.9026
44.4425
44.4435
96.902
273.736
273.736
96.902
44.4435
44.4442
96.9049
273.775
273.775
96.9049
44.4442
44.4452
96.9043
273.67
273.67
96.9043
44.4452
44.446
96.9071
273.706
273.706
96.9071
44.446
44.4469
96.9066
273.605
273.605
96.9066
44.4469
44.4477
96.9093
273.639
273.639
96.9093
44.4477
44.4486
96.9089
273.543
273.543
96.9089
44.4486
44.4493
96.9115
273.574
273.574
96.9115
44.4493
44.4502
96.9112
273.482
273.482
96.9112
44.4502
44.451
96.9137
273.51
273.51
96.9137
44.451
44.4519
96.9134
273.423
273.423
96.9134
44.4519
44.4526
96.9158
273.449
273.449
96.9158
44.4526
44.4535
96.9156
273.364
273.364
96.9156
44.4535
44.4543
96.9179
273.389
273.389
96.9179
44.4543
44.4551
96.9177
273.308
273.308
96.9177
44.4551
44.4559
96.9201
273.33
273.33
96.9201
44.4559
44.4567
96.9199
273.252
273.252
96.9199
44.4567
44.4575
96.9222
273.273
273.273
96.9222
44.4575
44.4583
96.922
273.197
273.197
96.922
44.4583
44.4591
96.9243
273.217
273.217
96.9243
44.4591
44.4599
96.9241
273.144
273.144
96.9241
44.4599
44.4607
96.9264
273.162
273.162
96.9264
44.4607
44.4615
96.9263
273.091
273.091
96.9263
44.4615
44.4623
96.9284
273.109
273.109
96.9284
44.4623
44.4631
96.9283
273.039
273.039
96.9283
44.4631
44.4639
96.9305
273.056
273.056
96.9305
44.4639
44.4646
96.9304
272.987
272.987
96.9304
44.4646
44.4654
96.9325
273.004
273.004
96.9325
44.4654
44.4662
96.9325
272.935
272.935
96.9324
44.4662
44.467
96.9346
272.952
272.952
96.9346
44.467
44.4678
96.9345
272.884
272.884
96.9345
44.4678
44.4686
96.9365
272.9
272.9
96.9365
44.4686
44.4693
96.9364
272.832
272.832
96.9364
44.4693
44.4702
96.9385
272.849
272.849
96.9385
44.4702
44.4709
96.9382
272.779
272.779
96.9382
44.4709
44.4718
96.9403
272.797
272.797
96.9403
44.4718
44.4725
96.9398
272.727
272.727
96.9398
44.4725
44.4734
96.942
272.746
272.746
96.942
44.4734
44.4741
96.941
272.677
272.677
96.941
44.4741
44.475
96.9435
272.7
272.7
96.9435
44.475
44.4757
96.9408
272.626
272.626
96.9408
44.4757
44.4806
96.9502
272.681
272.681
96.9502
44.4806
44.4836
96.9507
272.641
272.641
96.9507
44.4836
)
;
        valueFraction   uniform 0;
        value           nonuniform List<scalar> 
540
(
285.162
286.285
288.412
288.412
286.285
285.162
286.764
288.033
290.647
290.647
288.033
286.764
287.826
289.159
291.954
291.954
289.159
287.826
288.682
290.008
292.892
292.892
290.008
288.682
289.365
290.714
293.645
293.645
290.714
289.365
289.969
291.31
294.281
294.281
291.31
289.969
290.497
291.852
294.851
294.851
291.852
290.497
290.997
292.346
295.369
295.369
292.346
290.997
291.455
292.812
295.849
295.849
292.812
291.455
291.889
293.24
296.286
296.286
293.24
291.889
292.286
293.642
296.695
296.695
293.642
292.286
292.663
294.015
297.076
297.076
294.015
292.663
293.017
294.374
297.444
297.444
294.374
293.017
293.364
294.718
297.793
297.793
294.718
293.364
293.695
295.052
298.133
298.133
295.052
293.695
294.015
295.37
298.452
298.452
295.37
294.015
294.319
295.675
298.759
298.759
295.675
294.319
294.609
295.963
299.046
299.046
295.963
294.609
294.884
296.239
299.323
299.323
296.239
294.884
295.147
296.501
299.583
299.583
296.501
295.147
295.397
296.75
299.831
299.831
296.75
295.397
295.633
296.984
300.06
300.06
296.984
295.633
295.852
297.202
300.275
300.275
297.202
295.852
296.054
297.402
300.466
300.466
297.402
296.054
296.236
297.582
300.643
300.643
297.582
296.236
296.4
297.744
300.796
300.796
297.744
296.4
296.544
297.886
300.932
300.932
297.886
296.544
296.669
298.008
301.046
301.046
298.008
296.669
296.774
298.111
301.142
301.142
298.111
296.774
296.86
298.194
301.217
301.217
298.194
296.86
296.928
298.26
301.277
301.277
298.26
296.928
296.979
298.309
301.319
301.319
298.309
296.979
297.017
298.345
301.351
301.351
298.345
297.017
297.043
298.37
301.37
301.37
298.37
297.043
297.061
298.387
301.385
301.385
298.387
297.061
297.072
298.397
301.392
301.392
298.397
297.072
297.079
298.404
301.398
301.398
298.404
297.079
297.083
298.407
301.399
301.399
298.407
297.083
297.085
298.409
301.401
301.401
298.409
297.085
297.086
298.41
301.4
301.4
298.41
297.086
297.087
298.41
301.4
301.4
298.41
297.087
297.087
298.41
301.398
301.398
298.41
297.087
297.087
298.41
301.399
301.399
298.41
297.087
297.086
298.409
301.397
301.397
298.409
297.086
297.086
298.409
301.397
301.397
298.409
297.086
297.086
298.409
301.395
301.395
298.409
297.086
297.085
298.408
301.395
301.395
298.408
297.085
297.085
298.408
301.393
301.393
298.408
297.085
297.085
298.408
301.393
301.393
298.408
297.085
297.085
298.407
301.392
301.392
298.407
297.085
297.084
298.407
301.392
301.392
298.407
297.084
297.084
298.407
301.39
301.39
298.407
297.084
297.084
298.406
301.39
301.39
298.406
297.084
297.084
298.406
301.389
301.389
298.406
297.084
297.083
298.406
301.389
301.389
298.406
297.083
297.083
298.406
301.388
301.388
298.406
297.083
297.083
298.405
301.388
301.388
298.405
297.083
297.083
298.405
301.387
301.387
298.405
297.083
297.083
298.405
301.387
301.387
298.405
297.083
297.082
298.405
301.385
301.385
298.405
297.082
297.082
298.404
301.385
301.385
298.404
297.082
297.082
298.404
301.384
301.384
298.404
297.082
297.082
298.404
301.384
301.384
298.404
297.082
297.082
298.404
301.383
301.383
298.404
297.082
297.081
298.404
301.383
301.383
298.404
297.081
297.081
298.404
301.382
301.382
298.404
297.081
297.081
298.403
301.382
301.382
298.403
297.081
297.081
298.403
301.381
301.381
298.403
297.081
297.081
298.403
301.381
301.381
298.403
297.081
297.081
298.403
301.38
301.38
298.403
297.081
297.08
298.403
301.38
301.38
298.403
297.08
297.08
298.403
301.379
301.379
298.403
297.08
297.08
298.403
301.379
301.379
298.403
297.08
297.08
298.402
301.378
301.378
298.402
297.08
297.08
298.402
301.378
301.378
298.402
297.08
297.08
298.402
301.377
301.377
298.402
297.08
297.079
298.402
301.378
301.378
298.402
297.079
297.079
298.402
301.377
301.377
298.402
297.079
297.079
298.402
301.377
301.377
298.402
297.079
297.079
298.402
301.376
301.376
298.402
297.079
297.078
298.402
301.376
301.376
298.402
297.078
297.078
298.402
301.375
301.375
298.402
297.078
297.077
298.402
301.375
301.375
298.402
297.077
297.077
298.402
301.374
301.374
298.402
297.077
297.076
298.403
301.375
301.375
298.403
297.076
297.076
298.402
301.374
301.374
298.402
297.076
297.074
298.403
301.375
301.375
298.403
297.074
297.075
298.403
301.373
301.373
298.403
297.075
297.071
298.409
301.38
301.38
298.409
297.071
297.068
298.408
301.381
301.381
298.408
297.068
)
;
    }
    inlet
    {
        type            fixedValue;
        value           uniform 283.15;
    }
    outlet
    {
        type            inletOutlet;
        inletValue      uniform 283.15;
        value           nonuniform List<scalar> 
72
(
296.697
295.682
294.197
292.76
291.441
290.308
289.329
288.499
287.836
287.297
286.996
286.832
297.6
295.927
294.347
292.801
291.454
290.269
289.279
288.479
287.843
287.418
287.116
287.071
299.108
296.335
294.324
292.651
291.239
290.04
289.044
288.241
287.62
287.184
286.91
286.8
299.108
296.335
294.324
292.651
291.239
290.04
289.044
288.241
287.62
287.184
286.91
286.8
297.6
295.927
294.347
292.801
291.454
290.269
289.279
288.479
287.843
287.418
287.116
287.071
296.697
295.682
294.197
292.76
291.441
290.308
289.329
288.499
287.836
287.297
286.996
286.832
)
;
    }
    frontAndBack
    {
        type            empty;
    }
}


// ************************************************************************* //
