/*--------------------------------*- C++ -*----------------------------------*\
  =========                 |
  \\      /  F ield         | OpenFOAM: The Open Source CFD Toolbox
   \\    /   O peration     | Website:  https://openfoam.org
    \\  /    A nd           | Version:  7
     \\/     M anipulation  |
\*---------------------------------------------------------------------------*/
FoamFile
{
    version     2.0;
    format      ascii;
    class       volScalarField;
    location    "0.2";
    object      rho_0;
}
// * * * * * * * * * * * * * * * * * * * * * * * * * * * * * * * * * * * * * //

dimensions      [1 -3 0 0 0 0 0];

internalField   nonuniform List<scalar> 
7920
(
1.32558
1.30749
1.3079
1.30558
1.30586
1.30512
1.30523
1.30505
1.30527
1.30537
1.30558
1.30564
1.30573
1.30568
1.30573
1.30566
1.30578
1.30579
1.30623
1.3061
1.34177
1.32723
1.31457
1.31352
1.3104
1.31011
1.30906
1.30923
1.30947
1.31016
1.31082
1.31128
1.31178
1.31181
1.31244
1.31234
1.31373
1.3138
1.31749
1.31773
1.36695
1.34918
1.3345
1.32815
1.32545
1.32364
1.32252
1.32218
1.32275
1.3238
1.32518
1.32609
1.32706
1.32715
1.32797
1.32773
1.32916
1.32941
1.33231
1.33481
1.36831
1.36503
1.34585
1.34372
1.33806
1.33694
1.3345
1.33418
1.33441
1.33586
1.33771
1.33918
1.34075
1.34104
1.34248
1.34219
1.34461
1.34524
1.34876
1.35491
1.37323
1.37161
1.35186
1.35007
1.34371
1.34248
1.33957
1.33896
1.33898
1.34054
1.34273
1.34459
1.3466
1.34708
1.34877
1.34851
1.35096
1.35207
1.35443
1.36241
1.37284
1.37467
1.35493
1.35437
1.34821
1.347
1.34395
1.34318
1.34309
1.34467
1.34704
1.34912
1.35137
1.35197
1.35377
1.35355
1.35593
1.35734
1.35905
1.36792
1.37284
1.37467
1.35493
1.35437
1.34821
1.347
1.34395
1.34318
1.34309
1.34467
1.34704
1.34912
1.35137
1.35197
1.35377
1.35355
1.35593
1.35734
1.35906
1.36791
1.37323
1.37161
1.35186
1.35007
1.34371
1.34248
1.33957
1.33896
1.33898
1.34054
1.34273
1.34459
1.3466
1.34708
1.34877
1.34851
1.35095
1.35207
1.35443
1.36241
1.36831
1.36503
1.34585
1.34372
1.33806
1.33694
1.3345
1.33418
1.33441
1.33586
1.33771
1.33918
1.34075
1.34104
1.34247
1.3422
1.3446
1.34525
1.34874
1.35495
1.36695
1.34918
1.3345
1.32815
1.32545
1.32364
1.32252
1.32218
1.32275
1.3238
1.32518
1.3261
1.32705
1.32715
1.32796
1.32774
1.32914
1.32942
1.33228
1.33496
1.34177
1.32723
1.31457
1.31352
1.3104
1.31011
1.30907
1.30923
1.30947
1.31016
1.31082
1.31128
1.31178
1.31182
1.31243
1.31234
1.31372
1.31381
1.31746
1.31791
1.32558
1.30749
1.3079
1.30558
1.30586
1.30512
1.30523
1.30505
1.30527
1.30537
1.30558
1.30564
1.30573
1.30568
1.30573
1.30566
1.30578
1.30579
1.30622
1.30607
1.25877
1.2696
1.25745
1.26251
1.25879
1.26018
1.25903
1.25963
1.25944
1.25982
1.2599
1.26006
1.26024
1.26028
1.26078
1.2608
1.26213
1.26219
1.26618
1.26663
1.28244
1.30335
1.28938
1.29751
1.29217
1.29408
1.29224
1.29321
1.29317
1.29406
1.29453
1.29497
1.29548
1.29556
1.29662
1.29662
1.2994
1.29963
1.30823
1.31024
1.27436
1.30715
1.29266
1.30471
1.29784
1.3005
1.29783
1.29913
1.29924
1.30082
1.30192
1.30289
1.30392
1.3041
1.30577
1.30569
1.30975
1.31016
1.32071
1.32606
1.28244
1.32046
1.31352
1.3248
1.32111
1.32307
1.32099
1.32184
1.32235
1.32425
1.32608
1.32754
1.32903
1.3293
1.33103
1.33085
1.33459
1.33525
1.34437
1.3527
1.27954
1.32158
1.31951
1.33111
1.32917
1.33102
1.32921
1.32977
1.33039
1.33253
1.33495
1.33695
1.33891
1.33939
1.34114
1.34098
1.34416
1.34516
1.35196
1.36241
1.28098
1.32435
1.32539
1.33731
1.33612
1.33811
1.33642
1.33683
1.33745
1.3397
1.34243
1.34475
1.34702
1.34766
1.34945
1.34933
1.35224
1.35347
1.35914
1.37061
1.28098
1.32435
1.32539
1.33731
1.33612
1.33811
1.33642
1.33683
1.33745
1.3397
1.34243
1.34475
1.34702
1.34766
1.34944
1.34934
1.35224
1.35347
1.35914
1.37059
1.27954
1.32158
1.31951
1.33111
1.32917
1.33102
1.32921
1.32977
1.33039
1.33253
1.33495
1.33695
1.33891
1.3394
1.34113
1.34098
1.34416
1.34517
1.35196
1.36237
1.28244
1.32046
1.31352
1.3248
1.32111
1.32307
1.32099
1.32184
1.32235
1.32424
1.32608
1.32754
1.32903
1.3293
1.33102
1.33086
1.33458
1.33526
1.34437
1.35267
1.27436
1.30715
1.29266
1.30471
1.29784
1.3005
1.29783
1.29913
1.29924
1.30082
1.30192
1.30289
1.30392
1.3041
1.30576
1.3057
1.30974
1.31017
1.32072
1.32606
1.28244
1.30335
1.28938
1.29751
1.29217
1.29408
1.29224
1.29321
1.29317
1.29406
1.29453
1.29497
1.29548
1.29556
1.29662
1.29663
1.29939
1.29963
1.30824
1.31028
1.25877
1.2696
1.25745
1.26251
1.25879
1.26018
1.25903
1.25963
1.25944
1.25982
1.2599
1.26006
1.26024
1.26028
1.26078
1.2608
1.26213
1.26219
1.26619
1.26659
1.28875
1.28968
1.2866
1.28829
1.287
1.28793
1.28779
1.28877
1.28928
1.29001
1.29037
1.29056
1.29073
1.29066
1.29104
1.2909
1.29182
1.29178
1.29314
1.2973
1.28641
1.29406
1.28915
1.29269
1.29093
1.29214
1.29195
1.29339
1.29459
1.29612
1.29722
1.29781
1.29839
1.29827
1.29913
1.29881
1.3008
1.30089
1.30438
1.31224
1.28556
1.29568
1.29322
1.29806
1.29785
1.29952
1.29983
1.30153
1.30345
1.30587
1.30805
1.30937
1.31053
1.31048
1.31151
1.31107
1.31294
1.31375
1.31516
1.32628
1.28561
1.29929
1.30027
1.30677
1.30841
1.31065
1.31128
1.31284
1.31494
1.31781
1.32084
1.32296
1.32479
1.32506
1.32616
1.32586
1.32723
1.32874
1.32892
1.34121
1.28519
1.29909
1.30292
1.31032
1.31339
1.31619
1.31723
1.31876
1.3209
1.32406
1.32774
1.33063
1.33311
1.33383
1.33491
1.33488
1.33538
1.33771
1.33582
1.34812
1.2853
1.2998
1.30515
1.31334
1.31712
1.32028
1.32149
1.32296
1.32502
1.32821
1.33216
1.33546
1.33832
1.33935
1.34047
1.34065
1.34076
1.34345
1.34086
1.35311
1.2853
1.2998
1.30515
1.31334
1.31712
1.32028
1.32149
1.32296
1.32502
1.32821
1.33216
1.33546
1.33832
1.33935
1.34046
1.34065
1.34076
1.34344
1.34088
1.35307
1.28519
1.29909
1.30292
1.31032
1.31339
1.31619
1.31723
1.31876
1.3209
1.32406
1.32774
1.33063
1.33311
1.33383
1.3349
1.3349
1.33537
1.33769
1.33588
1.34798
1.28561
1.29929
1.30027
1.30677
1.30841
1.31065
1.31128
1.31284
1.31494
1.31781
1.32084
1.32296
1.32479
1.32507
1.32615
1.32587
1.32721
1.32871
1.32902
1.34097
1.28557
1.29568
1.29322
1.29806
1.29785
1.29952
1.29983
1.30153
1.30345
1.30587
1.30805
1.30937
1.31052
1.31049
1.31149
1.31109
1.31293
1.31371
1.31532
1.32586
1.28641
1.29406
1.28915
1.29268
1.29093
1.29214
1.29195
1.29339
1.29459
1.29612
1.29722
1.29782
1.29839
1.29828
1.29911
1.29883
1.30079
1.30088
1.30453
1.31176
1.28875
1.28968
1.2866
1.28829
1.287
1.28793
1.28779
1.28877
1.28928
1.29001
1.29037
1.29056
1.29073
1.29066
1.29104
1.29091
1.29181
1.29177
1.29327
1.29673
1.28875
1.28968
1.2866
1.28829
1.287
1.28793
1.28779
1.28877
1.28928
1.29001
1.29037
1.29056
1.29073
1.29066
1.29104
1.2909
1.29182
1.29178
1.29314
1.2973
1.28641
1.29406
1.28915
1.29269
1.29093
1.29214
1.29195
1.29339
1.29459
1.29612
1.29722
1.29781
1.29839
1.29827
1.29913
1.29881
1.30081
1.30089
1.30438
1.31224
1.28557
1.29568
1.29322
1.29806
1.29785
1.29953
1.29983
1.30153
1.30345
1.30587
1.30805
1.30937
1.31053
1.31048
1.31151
1.31107
1.31294
1.31375
1.31516
1.32628
1.28561
1.29929
1.30027
1.30677
1.30841
1.31065
1.31128
1.31284
1.31494
1.31781
1.32084
1.32296
1.32479
1.32506
1.32616
1.32586
1.32723
1.32874
1.32892
1.34121
1.2852
1.29909
1.30292
1.31032
1.31339
1.31619
1.31723
1.31876
1.3209
1.32406
1.32774
1.33063
1.33311
1.33383
1.33491
1.33489
1.33538
1.33771
1.33582
1.34812
1.2853
1.2998
1.30515
1.31334
1.31712
1.32028
1.32149
1.32296
1.32502
1.32821
1.33216
1.33546
1.33832
1.33935
1.34047
1.34065
1.34076
1.34345
1.34086
1.35311
1.2853
1.2998
1.30515
1.31334
1.31712
1.32028
1.32149
1.32296
1.32502
1.32821
1.33216
1.33546
1.33832
1.33936
1.34046
1.34065
1.34076
1.34344
1.34088
1.35307
1.2852
1.29909
1.30292
1.31032
1.31339
1.31619
1.31723
1.31876
1.3209
1.32406
1.32774
1.33063
1.33311
1.33383
1.3349
1.3349
1.33537
1.33769
1.33588
1.34799
1.28561
1.29929
1.30027
1.30677
1.30841
1.31065
1.31128
1.31284
1.31494
1.31781
1.32084
1.32296
1.32479
1.32507
1.32615
1.32587
1.32721
1.32872
1.32902
1.34097
1.28556
1.29567
1.29322
1.29806
1.29785
1.29952
1.29983
1.30153
1.30345
1.30587
1.30805
1.30937
1.31052
1.31049
1.31149
1.31109
1.31293
1.31371
1.31532
1.32586
1.28641
1.29406
1.28915
1.29268
1.29093
1.29214
1.29195
1.29339
1.29459
1.29612
1.29722
1.29782
1.29839
1.29828
1.29912
1.29883
1.30079
1.30088
1.30453
1.31176
1.28875
1.28968
1.2866
1.28829
1.287
1.28793
1.28779
1.28877
1.28928
1.29001
1.29037
1.29056
1.29073
1.29067
1.29104
1.29091
1.29181
1.29177
1.29327
1.29673
1.25877
1.2696
1.25745
1.26251
1.25879
1.26018
1.25903
1.25963
1.25944
1.25982
1.2599
1.26006
1.26024
1.26028
1.26078
1.2608
1.26213
1.26219
1.26618
1.26663
1.28244
1.30335
1.28938
1.29751
1.29217
1.29408
1.29224
1.29321
1.29317
1.29406
1.29453
1.29497
1.29548
1.29556
1.29663
1.29662
1.2994
1.29963
1.30823
1.31025
1.27436
1.30715
1.29266
1.30471
1.29784
1.3005
1.29783
1.29913
1.29924
1.30082
1.30192
1.30289
1.30392
1.3041
1.30577
1.30569
1.30975
1.31017
1.32071
1.32606
1.28244
1.32046
1.31352
1.3248
1.32111
1.32307
1.32099
1.32184
1.32235
1.32424
1.32608
1.32754
1.32903
1.3293
1.33103
1.33085
1.33459
1.33525
1.34437
1.3527
1.27954
1.32158
1.31951
1.33111
1.32917
1.33102
1.32921
1.32977
1.33039
1.33253
1.33495
1.33695
1.33891
1.33939
1.34114
1.34098
1.34416
1.34517
1.35196
1.36241
1.28098
1.32435
1.32539
1.33731
1.33612
1.33812
1.33642
1.33683
1.33745
1.3397
1.34243
1.34475
1.34702
1.34766
1.34945
1.34933
1.35224
1.35347
1.35914
1.37061
1.28098
1.32435
1.32539
1.33731
1.33612
1.33811
1.33642
1.33683
1.33745
1.3397
1.34243
1.34475
1.34702
1.34767
1.34944
1.34934
1.35224
1.35347
1.35914
1.37059
1.27954
1.32158
1.31951
1.33111
1.32917
1.33102
1.32921
1.32977
1.33039
1.33253
1.33495
1.33695
1.33891
1.3394
1.34114
1.34099
1.34416
1.34517
1.35196
1.36237
1.28244
1.32046
1.31352
1.3248
1.32111
1.32307
1.32099
1.32184
1.32235
1.32425
1.32608
1.32754
1.32903
1.32931
1.33102
1.33086
1.33458
1.33526
1.34437
1.35267
1.27436
1.30715
1.29266
1.30471
1.29784
1.3005
1.29783
1.29913
1.29924
1.30082
1.30192
1.30289
1.30392
1.3041
1.30576
1.3057
1.30974
1.31017
1.32072
1.32606
1.28244
1.30335
1.28938
1.29751
1.29217
1.29408
1.29224
1.29321
1.29317
1.29406
1.29453
1.29497
1.29548
1.29556
1.29662
1.29663
1.29939
1.29963
1.30824
1.31028
1.25877
1.2696
1.25745
1.26251
1.25879
1.26018
1.25903
1.25963
1.25944
1.25982
1.2599
1.26006
1.26024
1.26029
1.26078
1.2608
1.26213
1.26219
1.26619
1.26659
1.32558
1.30749
1.3079
1.30558
1.30586
1.30512
1.30523
1.30505
1.30527
1.30537
1.30558
1.30564
1.30573
1.30568
1.30573
1.30566
1.30578
1.30579
1.30623
1.3061
1.34177
1.32723
1.31457
1.31352
1.3104
1.31011
1.30907
1.30923
1.30947
1.31016
1.31082
1.31128
1.31178
1.31181
1.31244
1.31234
1.31373
1.3138
1.31749
1.31773
1.36695
1.34918
1.3345
1.32815
1.32545
1.32364
1.32252
1.32218
1.32275
1.3238
1.32518
1.3261
1.32706
1.32715
1.32797
1.32773
1.32916
1.32942
1.33231
1.33481
1.36831
1.36503
1.34585
1.34372
1.33806
1.33694
1.33451
1.33418
1.33441
1.33586
1.33771
1.33918
1.34075
1.34104
1.34248
1.3422
1.34461
1.34524
1.34876
1.35491
1.37323
1.37161
1.35186
1.35007
1.34371
1.34248
1.33957
1.33896
1.33898
1.34054
1.34273
1.34459
1.3466
1.34708
1.34877
1.34851
1.35096
1.35207
1.35443
1.36241
1.37284
1.37467
1.35493
1.35437
1.34821
1.347
1.34395
1.34318
1.34309
1.34467
1.34704
1.34912
1.35138
1.35197
1.35377
1.35355
1.35593
1.35735
1.35906
1.36792
1.37284
1.37467
1.35493
1.35437
1.34821
1.347
1.34395
1.34318
1.34309
1.34467
1.34704
1.34912
1.35138
1.35197
1.35377
1.35355
1.35593
1.35735
1.35906
1.36791
1.37323
1.37161
1.35186
1.35007
1.34371
1.34248
1.33957
1.33896
1.33898
1.34054
1.34273
1.3446
1.3466
1.34708
1.34877
1.34851
1.35096
1.35207
1.35443
1.36241
1.36831
1.36503
1.34585
1.34372
1.33806
1.33694
1.3345
1.33418
1.33441
1.33586
1.33771
1.33918
1.34075
1.34104
1.34247
1.3422
1.3446
1.34525
1.34874
1.35495
1.36695
1.34918
1.3345
1.32815
1.32545
1.32364
1.32252
1.32218
1.32275
1.3238
1.32518
1.3261
1.32705
1.32715
1.32797
1.32774
1.32915
1.32943
1.33228
1.33496
1.34177
1.32723
1.31457
1.31352
1.3104
1.31011
1.30907
1.30923
1.30947
1.31016
1.31082
1.31128
1.31178
1.31182
1.31243
1.31234
1.31372
1.31381
1.31746
1.31791
1.32558
1.30749
1.3079
1.30558
1.30586
1.30512
1.30523
1.30505
1.30527
1.30537
1.30558
1.30564
1.30573
1.30568
1.30573
1.30566
1.30578
1.30579
1.30622
1.30607
1.3165
1.30936
1.31436
1.31962
1.32252
1.32341
1.32353
1.3233
1.32297
1.32256
1.32213
1.32167
1.32119
1.3207
1.32021
1.31971
1.3192
1.31869
1.31817
1.31766
1.31714
1.31663
1.31611
1.3156
1.31509
1.31458
1.31407
1.31357
1.31306
1.31256
1.31206
1.31156
1.31107
1.31057
1.31008
1.30958
1.30909
1.3086
1.30811
1.30762
1.30713
1.30664
1.30615
1.30566
1.30517
1.30468
1.30419
1.3037
1.30321
1.30271
1.30222
1.30173
1.30123
1.30074
1.30024
1.29974
1.29924
1.29873
1.29823
1.29772
1.29721
1.29669
1.29617
1.29564
1.29511
1.29456
1.294
1.29343
1.29284
1.29222
1.29159
1.29092
1.29022
1.28948
1.2887
1.28786
1.28697
1.28601
1.285
1.28391
1.28278
1.28158
1.28037
1.2791
1.27791
1.27672
1.27608
1.27562
1.27781
1.26151
1.30329
1.29512
1.30012
1.30538
1.30839
1.30934
1.30949
1.30928
1.30895
1.30855
1.30812
1.30766
1.3072
1.30671
1.30622
1.30573
1.30523
1.30472
1.30421
1.3037
1.30319
1.30268
1.30217
1.30166
1.30116
1.30065
1.30015
1.29965
1.29915
1.29866
1.29816
1.29767
1.29718
1.29668
1.2962
1.29571
1.29522
1.29473
1.29425
1.29376
1.29328
1.29279
1.29231
1.29182
1.29134
1.29085
1.29037
1.28988
1.28939
1.2889
1.28841
1.28792
1.28743
1.28694
1.28645
1.28596
1.28546
1.28496
1.28446
1.28395
1.28345
1.28294
1.28242
1.2819
1.28137
1.28083
1.28028
1.27971
1.27912
1.27851
1.27788
1.27722
1.27653
1.2758
1.27503
1.27419
1.27332
1.27237
1.27137
1.27029
1.26917
1.26798
1.26678
1.26552
1.26434
1.26315
1.26249
1.26195
1.2644
1.24853
1.31144
1.30039
1.30431
1.30955
1.31273
1.31379
1.31399
1.31379
1.31346
1.31306
1.31263
1.31217
1.3117
1.31122
1.31072
1.31022
1.30972
1.30921
1.3087
1.30818
1.30767
1.30716
1.30665
1.30613
1.30562
1.30512
1.30461
1.30411
1.30361
1.30311
1.30261
1.30211
1.30161
1.30112
1.30063
1.30013
1.29964
1.29915
1.29866
1.29817
1.29768
1.2972
1.29671
1.29622
1.29573
1.29524
1.29475
1.29426
1.29377
1.29328
1.29278
1.29229
1.2918
1.2913
1.29081
1.29031
1.28981
1.2893
1.2888
1.28829
1.28778
1.28726
1.28674
1.28622
1.28569
1.28514
1.28458
1.28401
1.28342
1.28281
1.28218
1.28151
1.28082
1.28008
1.2793
1.27847
1.27758
1.27663
1.27562
1.27454
1.27342
1.27222
1.27101
1.26975
1.26855
1.26733
1.26662
1.26591
1.26878
1.2536
1.31957
1.30517
1.30846
1.31355
1.31683
1.31798
1.31821
1.31803
1.31771
1.3173
1.31687
1.31641
1.31593
1.31544
1.31495
1.31444
1.31393
1.31342
1.3129
1.31239
1.31187
1.31135
1.31083
1.31032
1.3098
1.30929
1.30878
1.30827
1.30777
1.30726
1.30676
1.30625
1.30575
1.30526
1.30476
1.30426
1.30376
1.30327
1.30277
1.30228
1.30178
1.30129
1.3008
1.30031
1.29981
1.29932
1.29882
1.29832
1.29783
1.29733
1.29683
1.29633
1.29583
1.29533
1.29483
1.29433
1.29382
1.29331
1.2928
1.29229
1.29177
1.29125
1.29073
1.2902
1.28966
1.28911
1.28855
1.28797
1.28738
1.28676
1.28612
1.28545
1.28475
1.284
1.28322
1.28238
1.28149
1.28053
1.27952
1.27843
1.2773
1.2761
1.27488
1.27361
1.27241
1.27115
1.27039
1.26949
1.27265
1.25839
1.32638
1.30952
1.31184
1.31665
1.31992
1.32111
1.32137
1.32118
1.32086
1.32045
1.32002
1.31955
1.31907
1.31858
1.31808
1.31757
1.31705
1.31653
1.31601
1.31549
1.31497
1.31444
1.31392
1.3134
1.31288
1.31236
1.31185
1.31134
1.31082
1.31031
1.3098
1.3093
1.30879
1.30828
1.30778
1.30728
1.30677
1.30627
1.30577
1.30527
1.30477
1.30427
1.30377
1.30327
1.30277
1.30227
1.30177
1.30127
1.30077
1.30026
1.29976
1.29925
1.29875
1.29824
1.29773
1.29722
1.29671
1.29619
1.29568
1.29516
1.29464
1.29411
1.29358
1.29304
1.2925
1.29194
1.29137
1.29079
1.29019
1.28956
1.28892
1.28824
1.28754
1.28679
1.286
1.28515
1.28426
1.28329
1.28228
1.28118
1.28005
1.27884
1.27762
1.27634
1.27512
1.27384
1.27302
1.27198
1.27517
1.26196
1.33003
1.31186
1.31338
1.31779
1.32091
1.32207
1.32231
1.32212
1.32179
1.32138
1.32094
1.32047
1.31998
1.31949
1.31898
1.31847
1.31795
1.31742
1.3169
1.31637
1.31584
1.31531
1.31478
1.31426
1.31373
1.31321
1.31269
1.31217
1.31165
1.31113
1.31062
1.3101
1.30959
1.30908
1.30857
1.30806
1.30755
1.30704
1.30654
1.30603
1.30552
1.30502
1.30451
1.304
1.3035
1.30299
1.30248
1.30197
1.30146
1.30095
1.30044
1.29993
1.29942
1.2989
1.29839
1.29787
1.29735
1.29683
1.29631
1.29578
1.29525
1.29472
1.29418
1.29363
1.29308
1.29252
1.29195
1.29135
1.29075
1.29012
1.28947
1.28878
1.28807
1.28731
1.28652
1.28567
1.28477
1.28379
1.28277
1.28167
1.28053
1.27932
1.27809
1.27681
1.27558
1.27429
1.27341
1.27227
1.27525
1.26322
1.33006
1.31215
1.31319
1.31711
1.31996
1.321
1.3212
1.32099
1.32065
1.32023
1.31978
1.3193
1.31881
1.31831
1.31779
1.31727
1.31675
1.31622
1.31569
1.31515
1.31462
1.31409
1.31355
1.31302
1.31249
1.31196
1.31143
1.31091
1.31038
1.30986
1.30934
1.30882
1.3083
1.30778
1.30726
1.30675
1.30623
1.30572
1.3052
1.30469
1.30418
1.30366
1.30315
1.30264
1.30212
1.30161
1.30109
1.30058
1.30006
1.29954
1.29902
1.2985
1.29799
1.29746
1.29694
1.29642
1.29589
1.29536
1.29483
1.2943
1.29376
1.29322
1.29267
1.29212
1.29156
1.29099
1.29041
1.28981
1.2892
1.28856
1.2879
1.28721
1.28649
1.28573
1.28493
1.28407
1.28316
1.28218
1.28116
1.28005
1.2789
1.27769
1.27645
1.27516
1.27392
1.27263
1.27169
1.27049
1.27305
1.26231
1.32642
1.31035
1.31125
1.31458
1.31701
1.31786
1.31798
1.31773
1.31737
1.31694
1.31649
1.316
1.3155
1.31499
1.31448
1.31395
1.31342
1.31288
1.31235
1.31181
1.31126
1.31072
1.31018
1.30964
1.30911
1.30857
1.30804
1.30751
1.30697
1.30644
1.30592
1.30539
1.30486
1.30434
1.30382
1.30329
1.30277
1.30225
1.30173
1.30121
1.30069
1.30017
1.29965
1.29913
1.29861
1.29809
1.29757
1.29704
1.29652
1.296
1.29547
1.29494
1.29442
1.29389
1.29336
1.29283
1.29229
1.29176
1.29122
1.29068
1.29013
1.28958
1.28903
1.28847
1.28791
1.28733
1.28674
1.28613
1.28551
1.28486
1.2842
1.2835
1.28277
1.282
1.28119
1.28033
1.27942
1.27843
1.2774
1.27629
1.27514
1.27391
1.27268
1.27138
1.27013
1.26882
1.26782
1.2666
1.26855
1.25925
1.31931
1.30638
1.30723
1.30987
1.31176
1.31235
1.31236
1.31207
1.31169
1.31124
1.31077
1.31028
1.30978
1.30926
1.30873
1.3082
1.30766
1.30712
1.30658
1.30603
1.30548
1.30494
1.30439
1.30385
1.3033
1.30276
1.30222
1.30168
1.30115
1.30061
1.30008
1.29954
1.29901
1.29848
1.29796
1.29743
1.2969
1.29637
1.29585
1.29532
1.29479
1.29427
1.29374
1.29322
1.29269
1.29216
1.29164
1.29111
1.29058
1.29005
1.28952
1.28899
1.28845
1.28792
1.28738
1.28684
1.2863
1.28576
1.28522
1.28467
1.28412
1.28356
1.283
1.28244
1.28186
1.28128
1.28068
1.28007
1.27944
1.27879
1.27811
1.27741
1.27667
1.2759
1.27508
1.27421
1.27329
1.2723
1.27126
1.27014
1.26898
1.26775
1.26651
1.26521
1.26394
1.26262
1.26155
1.26032
1.26153
1.25383
1.31003
1.30139
1.30176
1.30355
1.30478
1.30506
1.30494
1.30459
1.30419
1.30373
1.30325
1.30275
1.30223
1.30171
1.30118
1.30064
1.30009
1.29954
1.29899
1.29844
1.29789
1.29733
1.29678
1.29623
1.29568
1.29514
1.29459
1.29405
1.29351
1.29297
1.29243
1.29189
1.29136
1.29082
1.29029
1.28976
1.28922
1.28869
1.28816
1.28763
1.2871
1.28657
1.28604
1.28551
1.28498
1.28445
1.28392
1.28339
1.28285
1.28232
1.28179
1.28125
1.28071
1.28017
1.27963
1.27909
1.27855
1.278
1.27745
1.2769
1.27634
1.27578
1.27521
1.27464
1.27406
1.27347
1.27287
1.27225
1.27162
1.27096
1.27028
1.26957
1.26883
1.26804
1.26722
1.26634
1.26542
1.26442
1.26337
1.26225
1.26108
1.25984
1.25859
1.25728
1.25598
1.25466
1.25349
1.25225
1.25261
1.24675
1.2987
1.2944
1.29473
1.29556
1.29606
1.29601
1.29575
1.29535
1.29492
1.29444
1.29395
1.29344
1.29292
1.29239
1.29185
1.29131
1.29076
1.29021
1.28965
1.28909
1.28854
1.28798
1.28743
1.28687
1.28632
1.28577
1.28522
1.28468
1.28413
1.28359
1.28305
1.28251
1.28197
1.28144
1.2809
1.28037
1.27983
1.2793
1.27877
1.27824
1.2777
1.27717
1.27664
1.27611
1.27558
1.27505
1.27451
1.27398
1.27344
1.27291
1.27237
1.27184
1.2713
1.27076
1.27021
1.26967
1.26912
1.26858
1.26802
1.26747
1.26691
1.26635
1.26578
1.26521
1.26463
1.26403
1.26343
1.26281
1.26217
1.26151
1.26083
1.26011
1.25937
1.25858
1.25775
1.25686
1.25593
1.25492
1.25386
1.25273
1.25155
1.2503
1.24903
1.2477
1.24638
1.24503
1.24377
1.24249
1.24199
1.23812
1.30491
1.30353
1.30304
1.30299
1.30283
1.30251
1.30213
1.30169
1.30123
1.30075
1.30025
1.29973
1.2992
1.29867
1.29812
1.29757
1.29701
1.29645
1.29589
1.29533
1.29476
1.2942
1.29364
1.29308
1.29252
1.29196
1.29141
1.29086
1.29031
1.28976
1.28921
1.28867
1.28812
1.28758
1.28704
1.2865
1.28596
1.28542
1.28489
1.28435
1.28381
1.28327
1.28274
1.2822
1.28166
1.28113
1.28059
1.28005
1.27951
1.27897
1.27843
1.27788
1.27734
1.27679
1.27625
1.2757
1.27515
1.27459
1.27404
1.27348
1.27291
1.27235
1.27177
1.27119
1.27061
1.27001
1.2694
1.26877
1.26812
1.26745
1.26676
1.26603
1.26527
1.26447
1.26363
1.26272
1.26176
1.26074
1.25965
1.25848
1.25727
1.25599
1.25468
1.25331
1.25194
1.25056
1.24919
1.24785
1.2467
1.24457
1.26153
1.25448
1.26136
1.26659
1.26951
1.27037
1.27051
1.27029
1.26998
1.26959
1.26917
1.26873
1.26828
1.26781
1.26734
1.26686
1.26637
1.26588
1.26539
1.2649
1.2644
1.26391
1.26341
1.26292
1.26243
1.26195
1.26146
1.26098
1.26049
1.26001
1.25953
1.25906
1.25858
1.2581
1.25763
1.25716
1.25669
1.25622
1.25575
1.25528
1.25481
1.25434
1.25387
1.2534
1.25293
1.25246
1.25199
1.25152
1.25105
1.25058
1.25011
1.24963
1.24916
1.24868
1.24821
1.24773
1.24725
1.24676
1.24628
1.24579
1.2453
1.24481
1.24431
1.2438
1.24329
1.24277
1.24223
1.24168
1.24112
1.24053
1.23992
1.23928
1.23861
1.2379
1.23715
1.23635
1.2355
1.23458
1.23361
1.23256
1.23148
1.23033
1.22917
1.22795
1.22682
1.22568
1.22508
1.22466
1.22684
1.21063
1.29333
1.28514
1.29184
1.29718
1.30021
1.30115
1.3013
1.30109
1.30077
1.30037
1.29994
1.29949
1.29903
1.29855
1.29806
1.29757
1.29707
1.29657
1.29606
1.29556
1.29505
1.29454
1.29404
1.29354
1.29303
1.29253
1.29203
1.29154
1.29104
1.29055
1.29006
1.28957
1.28908
1.28859
1.28811
1.28762
1.28714
1.28665
1.28617
1.28569
1.28521
1.28473
1.28425
1.28377
1.28329
1.2828
1.28232
1.28184
1.28135
1.28087
1.28038
1.2799
1.27941
1.27892
1.27843
1.27794
1.27745
1.27696
1.27646
1.27596
1.27545
1.27495
1.27443
1.27392
1.27339
1.27285
1.27231
1.27174
1.27116
1.27056
1.26993
1.26927
1.26859
1.26786
1.26709
1.26627
1.2654
1.26445
1.26346
1.26239
1.26128
1.26009
1.2589
1.25765
1.25648
1.2553
1.25466
1.25412
1.25664
1.2405
1.30191
1.29135
1.29755
1.30286
1.30603
1.30707
1.30726
1.30706
1.30674
1.30634
1.30592
1.30546
1.30499
1.30451
1.30402
1.30353
1.30302
1.30252
1.30201
1.3015
1.30099
1.30048
1.29997
1.29946
1.29896
1.29845
1.29795
1.29745
1.29695
1.29645
1.29596
1.29546
1.29497
1.29448
1.29399
1.2935
1.29301
1.29253
1.29204
1.29155
1.29107
1.29058
1.2901
1.28961
1.28913
1.28864
1.28815
1.28767
1.28718
1.28669
1.2862
1.28571
1.28522
1.28473
1.28424
1.28374
1.28324
1.28274
1.28224
1.28174
1.28123
1.28072
1.2802
1.27968
1.27915
1.27861
1.27806
1.27749
1.2769
1.2763
1.27567
1.275
1.27431
1.27358
1.27281
1.27198
1.2711
1.27015
1.26915
1.26807
1.26696
1.26577
1.26457
1.26331
1.26213
1.26091
1.26022
1.25952
1.26248
1.24702
1.3168
1.30288
1.30754
1.31272
1.31601
1.31715
1.31738
1.31719
1.31687
1.31647
1.31604
1.31558
1.3151
1.31462
1.31412
1.31362
1.31311
1.3126
1.31208
1.31156
1.31105
1.31053
1.31002
1.3095
1.30899
1.30848
1.30797
1.30746
1.30696
1.30645
1.30595
1.30545
1.30495
1.30445
1.30395
1.30346
1.30296
1.30247
1.30198
1.30148
1.30099
1.3005
1.30001
1.29952
1.29902
1.29853
1.29803
1.29754
1.29704
1.29655
1.29605
1.29556
1.29506
1.29456
1.29406
1.29356
1.29305
1.29254
1.29204
1.29152
1.29101
1.29049
1.28997
1.28944
1.2889
1.28835
1.28779
1.28721
1.28662
1.28601
1.28537
1.2847
1.284
1.28326
1.28248
1.28164
1.28075
1.27979
1.27878
1.2777
1.27657
1.27537
1.27416
1.27289
1.27168
1.27044
1.26969
1.2688
1.27206
1.25749
1.32479
1.3081
1.31134
1.3162
1.31949
1.32067
1.32093
1.32075
1.32042
1.32002
1.31958
1.31912
1.31864
1.31815
1.31765
1.31714
1.31663
1.31611
1.31559
1.31507
1.31454
1.31402
1.3135
1.31298
1.31246
1.31195
1.31143
1.31092
1.31041
1.3099
1.30939
1.30888
1.30838
1.30787
1.30737
1.30687
1.30637
1.30587
1.30537
1.30487
1.30437
1.30387
1.30337
1.30287
1.30237
1.30187
1.30137
1.30087
1.30037
1.29987
1.29937
1.29886
1.29836
1.29785
1.29734
1.29684
1.29632
1.29581
1.2953
1.29478
1.29426
1.29373
1.2932
1.29266
1.29212
1.29156
1.291
1.29042
1.28982
1.28919
1.28855
1.28787
1.28717
1.28642
1.28563
1.28479
1.2839
1.28293
1.28192
1.28082
1.27969
1.27848
1.27726
1.27598
1.27477
1.2735
1.27269
1.27165
1.27498
1.26152
1.32991
1.31169
1.3139
1.31832
1.32146
1.32262
1.32286
1.32267
1.32235
1.32193
1.32149
1.32102
1.32054
1.32004
1.31953
1.31902
1.3185
1.31798
1.31745
1.31693
1.3164
1.31587
1.31534
1.31482
1.31429
1.31377
1.31325
1.31273
1.31221
1.31169
1.31118
1.31066
1.31015
1.30964
1.30913
1.30862
1.30811
1.30761
1.3071
1.30659
1.30609
1.30558
1.30507
1.30457
1.30406
1.30355
1.30305
1.30254
1.30203
1.30152
1.30101
1.3005
1.29998
1.29947
1.29896
1.29844
1.29792
1.2974
1.29688
1.29635
1.29582
1.29529
1.29475
1.2942
1.29365
1.29309
1.29252
1.29193
1.29132
1.29069
1.29004
1.28935
1.28864
1.28789
1.28709
1.28624
1.28534
1.28437
1.28335
1.28225
1.28111
1.2799
1.27867
1.27739
1.27616
1.27487
1.27401
1.27285
1.27597
1.26377
1.3301
1.31217
1.31384
1.31773
1.32057
1.32161
1.3218
1.32159
1.32125
1.32083
1.32038
1.31991
1.31942
1.31891
1.3184
1.31788
1.31736
1.31683
1.31629
1.31576
1.31523
1.31469
1.31416
1.31362
1.31309
1.31256
1.31204
1.31151
1.31098
1.31046
1.30994
1.30942
1.3089
1.30838
1.30786
1.30735
1.30683
1.30632
1.3058
1.30529
1.30477
1.30426
1.30375
1.30323
1.30272
1.3022
1.30169
1.30117
1.30065
1.30014
1.29962
1.2991
1.29858
1.29806
1.29753
1.29701
1.29648
1.29595
1.29542
1.29488
1.29435
1.2938
1.29326
1.29271
1.29215
1.29158
1.291
1.2904
1.28978
1.28914
1.28848
1.28779
1.28707
1.28631
1.28551
1.28465
1.28374
1.28277
1.28174
1.28063
1.27949
1.27827
1.27704
1.27575
1.27451
1.27322
1.27228
1.27107
1.27371
1.26292
1.32542
1.30963
1.31126
1.31453
1.31692
1.31775
1.31786
1.31761
1.31725
1.31682
1.31637
1.31588
1.31538
1.31487
1.31435
1.31383
1.3133
1.31276
1.31222
1.31168
1.31114
1.3106
1.31006
1.30952
1.30898
1.30844
1.30791
1.30738
1.30684
1.30631
1.30579
1.30526
1.30473
1.30421
1.30368
1.30316
1.30264
1.30211
1.30159
1.30107
1.30055
1.30003
1.29951
1.29899
1.29846
1.29794
1.29742
1.29689
1.29637
1.29584
1.29532
1.29479
1.29426
1.29373
1.2932
1.29267
1.29214
1.2916
1.29106
1.29051
1.28997
1.28942
1.28887
1.2883
1.28774
1.28716
1.28657
1.28596
1.28534
1.28469
1.28402
1.28332
1.2826
1.28183
1.28102
1.28015
1.27924
1.27825
1.27722
1.27611
1.27496
1.27374
1.2725
1.27121
1.26995
1.26865
1.26765
1.26641
1.26837
1.25914
1.31806
1.3058
1.30773
1.31029
1.31212
1.31268
1.31267
1.31238
1.31199
1.31155
1.31108
1.31059
1.31008
1.30956
1.30904
1.3085
1.30796
1.30742
1.30687
1.30633
1.30578
1.30523
1.30468
1.30414
1.30359
1.30305
1.30251
1.30197
1.30143
1.30089
1.30035
1.29982
1.29929
1.29876
1.29823
1.2977
1.29717
1.29664
1.29611
1.29558
1.29505
1.29453
1.294
1.29347
1.29294
1.29241
1.29188
1.29135
1.29082
1.29029
1.28976
1.28922
1.28869
1.28815
1.28761
1.28707
1.28653
1.28599
1.28544
1.28489
1.28434
1.28378
1.28322
1.28265
1.28207
1.28149
1.28089
1.28027
1.27964
1.27899
1.27831
1.2776
1.27687
1.27609
1.27527
1.2744
1.27348
1.27249
1.27145
1.27033
1.26917
1.26794
1.2667
1.2654
1.26412
1.26281
1.26173
1.2605
1.26163
1.25409
1.30422
1.29635
1.29864
1.30038
1.30157
1.30182
1.30168
1.30134
1.30093
1.30047
1.29999
1.29949
1.29897
1.29845
1.29792
1.29738
1.29683
1.29628
1.29573
1.29518
1.29463
1.29408
1.29352
1.29297
1.29242
1.29188
1.29133
1.29079
1.29025
1.28971
1.28917
1.28863
1.28809
1.28756
1.28703
1.28649
1.28596
1.28543
1.2849
1.28437
1.28384
1.28331
1.28278
1.28224
1.28171
1.28118
1.28065
1.28012
1.27958
1.27905
1.27851
1.27798
1.27744
1.2769
1.27636
1.27581
1.27527
1.27472
1.27417
1.27362
1.27306
1.2725
1.27193
1.27136
1.27078
1.27019
1.26959
1.26897
1.26833
1.26767
1.267
1.26628
1.26554
1.26476
1.26394
1.26306
1.26213
1.26114
1.26009
1.25897
1.25781
1.25657
1.25532
1.25401
1.25272
1.2514
1.25023
1.24899
1.24926
1.24356
1.2979
1.29382
1.29538
1.29624
1.29678
1.29673
1.29647
1.29607
1.29564
1.29516
1.29467
1.29416
1.29364
1.29311
1.29257
1.29202
1.29147
1.29092
1.29036
1.2898
1.28924
1.28869
1.28813
1.28757
1.28702
1.28647
1.28592
1.28537
1.28483
1.28428
1.28374
1.2832
1.28266
1.28212
1.28159
1.28105
1.28052
1.27998
1.27945
1.27891
1.27838
1.27785
1.27731
1.27678
1.27625
1.27571
1.27518
1.27464
1.27411
1.27357
1.27303
1.27249
1.27195
1.27141
1.27087
1.27032
1.26977
1.26922
1.26867
1.26811
1.26755
1.26699
1.26642
1.26584
1.26526
1.26467
1.26406
1.26344
1.2628
1.26213
1.26145
1.26073
1.25998
1.2592
1.25837
1.25748
1.25655
1.25554
1.25448
1.25335
1.25217
1.25092
1.24965
1.24832
1.247
1.24566
1.24439
1.24311
1.24255
1.2387
1.27096
1.26971
1.2704
1.27046
1.27042
1.27013
1.26978
1.26935
1.26891
1.26843
1.26794
1.26744
1.26692
1.2664
1.26587
1.26533
1.26478
1.26424
1.26369
1.26314
1.26259
1.26204
1.26149
1.26094
1.2604
1.25985
1.25931
1.25877
1.25824
1.2577
1.25717
1.25664
1.2561
1.25558
1.25505
1.25452
1.25399
1.25347
1.25294
1.25242
1.25189
1.25137
1.25085
1.25032
1.2498
1.24927
1.24875
1.24822
1.24769
1.24717
1.24664
1.24611
1.24558
1.24504
1.24451
1.24397
1.24344
1.24289
1.24235
1.2418
1.24125
1.2407
1.24014
1.23958
1.239
1.23842
1.23782
1.23721
1.23658
1.23592
1.23525
1.23454
1.2338
1.23302
1.2322
1.23132
1.23039
1.22939
1.22833
1.2272
1.22602
1.22477
1.2235
1.22217
1.22084
1.21949
1.21816
1.21685
1.21569
1.21357
1.28584
1.27661
1.28296
1.2882
1.29105
1.29187
1.29198
1.29175
1.29143
1.29103
1.2906
1.29015
1.28969
1.28921
1.28873
1.28824
1.28774
1.28724
1.28674
1.28624
1.28574
1.28523
1.28473
1.28423
1.28373
1.28323
1.28274
1.28224
1.28175
1.28126
1.28078
1.28029
1.2798
1.27932
1.27884
1.27836
1.27788
1.2774
1.27692
1.27644
1.27596
1.27549
1.27501
1.27453
1.27405
1.27358
1.2731
1.27262
1.27214
1.27166
1.27118
1.27069
1.27021
1.26973
1.26924
1.26875
1.26827
1.26777
1.26728
1.26678
1.26628
1.26578
1.26527
1.26476
1.26423
1.2637
1.26316
1.2626
1.26202
1.26142
1.2608
1.26015
1.25947
1.25875
1.25799
1.25717
1.2563
1.25537
1.25439
1.25333
1.25223
1.25106
1.24988
1.24864
1.24749
1.24632
1.24572
1.24523
1.24805
1.2311
1.29631
1.28551
1.2912
1.29653
1.29958
1.30053
1.30069
1.30048
1.30016
1.29976
1.29933
1.29888
1.29841
1.29793
1.29745
1.29695
1.29645
1.29595
1.29545
1.29494
1.29443
1.29393
1.29342
1.29292
1.29242
1.29192
1.29142
1.29092
1.29043
1.28993
1.28944
1.28895
1.28846
1.28798
1.28749
1.28701
1.28652
1.28604
1.28556
1.28508
1.2846
1.28412
1.28364
1.28316
1.28268
1.28219
1.28171
1.28123
1.28074
1.28026
1.27978
1.27929
1.27881
1.27832
1.27783
1.27734
1.27685
1.27635
1.27585
1.27535
1.27485
1.27434
1.27383
1.27331
1.27279
1.27225
1.27171
1.27114
1.27056
1.26996
1.26933
1.26868
1.26799
1.26727
1.2665
1.26568
1.26481
1.26387
1.26288
1.26181
1.2607
1.25952
1.25833
1.25709
1.25592
1.25472
1.25408
1.25343
1.25671
1.24034
1.30766
1.29388
1.29832
1.30361
1.30684
1.30793
1.30815
1.30795
1.30763
1.30723
1.3068
1.30635
1.30588
1.30539
1.3049
1.30441
1.3039
1.3034
1.30289
1.30238
1.30187
1.30136
1.30085
1.30034
1.29983
1.29933
1.29883
1.29832
1.29783
1.29733
1.29683
1.29634
1.29585
1.29536
1.29487
1.29438
1.29389
1.2934
1.29292
1.29243
1.29195
1.29146
1.29098
1.29049
1.29001
1.28952
1.28904
1.28855
1.28806
1.28757
1.28708
1.28659
1.2861
1.28561
1.28512
1.28462
1.28413
1.28363
1.28313
1.28262
1.28212
1.2816
1.28109
1.28057
1.28004
1.2795
1.27894
1.27837
1.27779
1.27718
1.27655
1.27589
1.2752
1.27447
1.2737
1.27287
1.27199
1.27105
1.27005
1.26898
1.26786
1.26667
1.26548
1.26422
1.26304
1.26181
1.26112
1.26026
1.26404
1.24842
1.31927
1.30229
1.30506
1.31013
1.31348
1.31469
1.31495
1.31477
1.31445
1.31405
1.31362
1.31316
1.31269
1.3122
1.31171
1.3112
1.3107
1.31018
1.30967
1.30916
1.30864
1.30812
1.30761
1.3071
1.30658
1.30607
1.30557
1.30506
1.30456
1.30405
1.30355
1.30305
1.30256
1.30206
1.30157
1.30107
1.30058
1.30009
1.29959
1.2991
1.29861
1.29812
1.29763
1.29714
1.29665
1.29616
1.29567
1.29517
1.29468
1.29419
1.29369
1.2932
1.2927
1.2922
1.2917
1.2912
1.2907
1.2902
1.28969
1.28918
1.28867
1.28815
1.28763
1.2871
1.28656
1.28602
1.28546
1.28488
1.28429
1.28368
1.28304
1.28238
1.28168
1.28094
1.28016
1.27933
1.27845
1.27749
1.27649
1.27541
1.27429
1.27309
1.27188
1.27062
1.26942
1.26816
1.26742
1.26635
1.27042
1.25576
1.32729
1.3078
1.30896
1.31363
1.31699
1.31826
1.31855
1.31838
1.31806
1.31765
1.31722
1.31676
1.31628
1.31579
1.31529
1.31478
1.31427
1.31375
1.31323
1.31271
1.31219
1.31167
1.31115
1.31063
1.31012
1.3096
1.30909
1.30858
1.30807
1.30756
1.30705
1.30655
1.30605
1.30554
1.30504
1.30454
1.30404
1.30355
1.30305
1.30255
1.30205
1.30156
1.30106
1.30057
1.30007
1.29957
1.29907
1.29857
1.29807
1.29757
1.29707
1.29657
1.29607
1.29556
1.29506
1.29455
1.29404
1.29353
1.29302
1.2925
1.29198
1.29146
1.29093
1.2904
1.28985
1.2893
1.28874
1.28816
1.28756
1.28694
1.2863
1.28562
1.28492
1.28418
1.28339
1.28255
1.28166
1.2807
1.2797
1.27861
1.27748
1.27628
1.27507
1.27379
1.27259
1.27131
1.27052
1.26929
1.27338
1.25982
1.33196
1.31114
1.31113
1.31532
1.31854
1.31979
1.32007
1.31989
1.31957
1.31916
1.31872
1.31825
1.31777
1.31727
1.31677
1.31625
1.31574
1.31522
1.31469
1.31417
1.31364
1.31312
1.31259
1.31207
1.31154
1.31102
1.3105
1.30999
1.30947
1.30896
1.30844
1.30793
1.30742
1.30691
1.30641
1.3059
1.30539
1.30489
1.30438
1.30388
1.30338
1.30287
1.30237
1.30187
1.30136
1.30086
1.30035
1.29984
1.29934
1.29883
1.29832
1.29781
1.2973
1.29679
1.29628
1.29576
1.29525
1.29473
1.29421
1.29368
1.29316
1.29262
1.29209
1.29155
1.291
1.29044
1.28987
1.28928
1.28868
1.28805
1.2874
1.28672
1.28601
1.28526
1.28447
1.28362
1.28273
1.28176
1.28075
1.27966
1.27853
1.27732
1.2761
1.27482
1.27361
1.27231
1.27147
1.27014
1.27397
1.26162
1.33216
1.31159
1.31109
1.31477
1.3177
1.31883
1.31906
1.31886
1.31853
1.31811
1.31767
1.31719
1.3167
1.3162
1.31569
1.31518
1.31465
1.31413
1.3136
1.31307
1.31253
1.312
1.31147
1.31094
1.31041
1.30989
1.30936
1.30884
1.30831
1.30779
1.30727
1.30675
1.30624
1.30572
1.30521
1.30469
1.30418
1.30367
1.30315
1.30264
1.30213
1.30162
1.30111
1.3006
1.30008
1.29957
1.29906
1.29854
1.29803
1.29751
1.297
1.29648
1.29596
1.29544
1.29492
1.2944
1.29387
1.29335
1.29282
1.29228
1.29175
1.29121
1.29067
1.29012
1.28956
1.28899
1.28841
1.28782
1.28721
1.28657
1.28592
1.28523
1.28451
1.28375
1.28296
1.2821
1.2812
1.28023
1.27921
1.27812
1.27698
1.27577
1.27455
1.27327
1.27204
1.27074
1.26984
1.26848
1.27178
1.26075
1.32796
1.30928
1.30893
1.31209
1.31459
1.31551
1.31566
1.31542
1.31507
1.31465
1.31419
1.31371
1.31322
1.31271
1.31219
1.31167
1.31114
1.31061
1.31007
1.30954
1.309
1.30846
1.30792
1.30739
1.30685
1.30632
1.30578
1.30525
1.30472
1.30419
1.30367
1.30314
1.30262
1.30209
1.30157
1.30105
1.30053
1.30001
1.29949
1.29897
1.29845
1.29793
1.29741
1.29689
1.29637
1.29585
1.29533
1.2948
1.29428
1.29376
1.29323
1.29271
1.29218
1.29165
1.29112
1.29059
1.29006
1.28952
1.28898
1.28844
1.2879
1.28735
1.2868
1.28624
1.28568
1.2851
1.28451
1.28391
1.28329
1.28264
1.28198
1.28129
1.28056
1.2798
1.27899
1.27813
1.27723
1.27625
1.27523
1.27413
1.27299
1.27177
1.27055
1.26926
1.26802
1.26672
1.26576
1.26442
1.26698
1.25738
1.3206
1.30512
1.30536
1.30795
1.30991
1.31056
1.3106
1.31032
1.30995
1.30951
1.30904
1.30855
1.30805
1.30754
1.30701
1.30648
1.30595
1.30541
1.30487
1.30432
1.30378
1.30323
1.30269
1.30214
1.3016
1.30106
1.30052
1.29998
1.29944
1.29891
1.29837
1.29784
1.29731
1.29678
1.29625
1.29572
1.29519
1.29466
1.29414
1.29361
1.29308
1.29256
1.29203
1.2915
1.29097
1.29045
1.28992
1.28939
1.28886
1.28832
1.28779
1.28726
1.28672
1.28619
1.28565
1.28511
1.28457
1.28402
1.28348
1.28293
1.28238
1.28182
1.28126
1.28069
1.28012
1.27953
1.27894
1.27832
1.2777
1.27704
1.27637
1.27567
1.27494
1.27416
1.27335
1.27249
1.27157
1.27059
1.26956
1.26845
1.26731
1.26609
1.26486
1.26357
1.26232
1.26101
1.25997
1.25868
1.26037
1.25232
1.31002
1.29871
1.29952
1.30143
1.3028
1.30315
1.30305
1.30272
1.30233
1.30187
1.30139
1.3009
1.30039
1.29986
1.29933
1.29879
1.29825
1.29771
1.29716
1.2966
1.29605
1.2955
1.29495
1.2944
1.29385
1.2933
1.29276
1.29221
1.29167
1.29113
1.29059
1.29005
1.28951
1.28898
1.28844
1.28791
1.28737
1.28684
1.28631
1.28577
1.28524
1.28471
1.28418
1.28364
1.28311
1.28258
1.28204
1.28151
1.28097
1.28043
1.2799
1.27936
1.27882
1.27828
1.27773
1.27719
1.27664
1.27609
1.27554
1.27498
1.27442
1.27386
1.27329
1.27272
1.27214
1.27154
1.27094
1.27032
1.26968
1.26903
1.26835
1.26763
1.2669
1.26611
1.2653
1.26442
1.2635
1.26251
1.26148
1.26036
1.25921
1.25799
1.25675
1.25546
1.25419
1.25288
1.25176
1.2505
1.25126
1.2449
1.30025
1.29326
1.29417
1.29531
1.29605
1.2961
1.29589
1.2955
1.29508
1.29461
1.29412
1.29361
1.29309
1.29256
1.29202
1.29148
1.29093
1.29037
1.28982
1.28926
1.2887
1.28815
1.28759
1.28703
1.28648
1.28593
1.28538
1.28483
1.28428
1.28374
1.28319
1.28265
1.28211
1.28157
1.28103
1.2805
1.27996
1.27942
1.27889
1.27835
1.27782
1.27728
1.27675
1.27621
1.27568
1.27514
1.2746
1.27406
1.27353
1.27299
1.27245
1.2719
1.27136
1.27082
1.27027
1.26972
1.26917
1.26862
1.26806
1.2675
1.26694
1.26637
1.2658
1.26522
1.26464
1.26404
1.26344
1.26281
1.26217
1.26151
1.26082
1.2601
1.25936
1.25857
1.25775
1.25687
1.25594
1.25494
1.25389
1.25277
1.25161
1.25038
1.24912
1.24782
1.24652
1.2452
1.24399
1.24274
1.2426
1.23798
1.29124
1.2883
1.28868
1.2889
1.28898
1.28873
1.28839
1.28796
1.28751
1.28703
1.28653
1.28601
1.28549
1.28495
1.28441
1.28386
1.28331
1.28275
1.28219
1.28163
1.28107
1.28051
1.27996
1.2794
1.27884
1.27829
1.27774
1.27719
1.27665
1.2761
1.27556
1.27502
1.27448
1.27394
1.2734
1.27286
1.27233
1.27179
1.27126
1.27072
1.27019
1.26965
1.26912
1.26859
1.26805
1.26752
1.26698
1.26645
1.26591
1.26537
1.26483
1.26429
1.26375
1.26321
1.26266
1.26212
1.26157
1.26102
1.26046
1.25991
1.25935
1.25878
1.25821
1.25763
1.25705
1.25645
1.25585
1.25522
1.25458
1.25392
1.25323
1.25251
1.25176
1.25097
1.25014
1.24925
1.24831
1.2473
1.24624
1.24511
1.24392
1.24267
1.24139
1.24006
1.23873
1.23738
1.23605
1.23475
1.23376
1.23112
1.28584
1.2766
1.28296
1.2882
1.29104
1.29187
1.29198
1.29175
1.29143
1.29103
1.2906
1.29015
1.28969
1.28921
1.28873
1.28824
1.28774
1.28724
1.28674
1.28624
1.28573
1.28523
1.28473
1.28423
1.28373
1.28323
1.28274
1.28224
1.28175
1.28126
1.28077
1.28029
1.2798
1.27932
1.27884
1.27836
1.27788
1.2774
1.27692
1.27644
1.27596
1.27549
1.27501
1.27453
1.27405
1.27358
1.2731
1.27262
1.27214
1.27166
1.27117
1.27069
1.27021
1.26973
1.26924
1.26875
1.26826
1.26777
1.26728
1.26678
1.26628
1.26578
1.26527
1.26475
1.26423
1.2637
1.26316
1.2626
1.26202
1.26142
1.2608
1.26015
1.25947
1.25874
1.25798
1.25717
1.2563
1.25537
1.25439
1.25333
1.25223
1.25105
1.24988
1.24864
1.24749
1.24632
1.24572
1.24523
1.24805
1.2311
1.29631
1.28551
1.2912
1.29653
1.29958
1.30053
1.30069
1.30048
1.30016
1.29976
1.29933
1.29888
1.29841
1.29793
1.29745
1.29695
1.29645
1.29595
1.29545
1.29494
1.29443
1.29393
1.29342
1.29292
1.29242
1.29191
1.29142
1.29092
1.29043
1.28993
1.28944
1.28895
1.28846
1.28798
1.28749
1.28701
1.28652
1.28604
1.28556
1.28508
1.2846
1.28412
1.28364
1.28316
1.28268
1.28219
1.28171
1.28123
1.28074
1.28026
1.27978
1.27929
1.27881
1.27832
1.27783
1.27734
1.27685
1.27635
1.27585
1.27535
1.27485
1.27434
1.27383
1.27331
1.27279
1.27225
1.27171
1.27114
1.27056
1.26996
1.26933
1.26868
1.26799
1.26727
1.2665
1.26568
1.26481
1.26387
1.26288
1.26181
1.2607
1.25952
1.25833
1.25709
1.25592
1.25472
1.25408
1.25343
1.25671
1.24034
1.30766
1.29388
1.29832
1.30361
1.30684
1.30793
1.30815
1.30795
1.30763
1.30723
1.3068
1.30635
1.30588
1.30539
1.3049
1.30441
1.3039
1.3034
1.30289
1.30238
1.30187
1.30136
1.30085
1.30034
1.29983
1.29933
1.29883
1.29832
1.29783
1.29733
1.29683
1.29634
1.29585
1.29536
1.29487
1.29438
1.29389
1.2934
1.29292
1.29243
1.29195
1.29146
1.29098
1.29049
1.29001
1.28952
1.28904
1.28855
1.28806
1.28757
1.28708
1.28659
1.2861
1.28561
1.28512
1.28462
1.28413
1.28363
1.28313
1.28262
1.28212
1.2816
1.28109
1.28057
1.28004
1.27949
1.27894
1.27837
1.27779
1.27718
1.27655
1.27589
1.2752
1.27447
1.2737
1.27287
1.27199
1.27105
1.27005
1.26898
1.26786
1.26667
1.26548
1.26422
1.26304
1.26181
1.26112
1.26026
1.26404
1.24842
1.31927
1.30229
1.30506
1.31013
1.31348
1.31469
1.31495
1.31477
1.31445
1.31405
1.31362
1.31316
1.31269
1.3122
1.31171
1.3112
1.3107
1.31018
1.30967
1.30916
1.30864
1.30812
1.30761
1.3071
1.30658
1.30607
1.30557
1.30506
1.30456
1.30405
1.30355
1.30305
1.30256
1.30206
1.30157
1.30107
1.30058
1.30009
1.29959
1.2991
1.29861
1.29812
1.29763
1.29714
1.29665
1.29616
1.29567
1.29517
1.29468
1.29419
1.29369
1.2932
1.2927
1.2922
1.2917
1.2912
1.2907
1.2902
1.28969
1.28918
1.28867
1.28815
1.28763
1.2871
1.28656
1.28602
1.28546
1.28488
1.28429
1.28368
1.28304
1.28238
1.28168
1.28094
1.28016
1.27933
1.27845
1.27749
1.27649
1.27541
1.27429
1.27309
1.27188
1.27062
1.26942
1.26816
1.26742
1.26635
1.27042
1.25576
1.32729
1.3078
1.30895
1.31363
1.31699
1.31826
1.31855
1.31838
1.31806
1.31765
1.31722
1.31676
1.31628
1.31579
1.31529
1.31478
1.31427
1.31375
1.31323
1.31271
1.31219
1.31167
1.31115
1.31063
1.31012
1.3096
1.30909
1.30858
1.30807
1.30756
1.30705
1.30655
1.30605
1.30554
1.30504
1.30454
1.30404
1.30355
1.30305
1.30255
1.30205
1.30156
1.30106
1.30057
1.30007
1.29957
1.29907
1.29857
1.29807
1.29757
1.29707
1.29657
1.29607
1.29556
1.29506
1.29455
1.29404
1.29353
1.29302
1.2925
1.29198
1.29146
1.29093
1.29039
1.28985
1.2893
1.28874
1.28816
1.28756
1.28694
1.2863
1.28562
1.28492
1.28418
1.28339
1.28255
1.28166
1.2807
1.2797
1.27861
1.27748
1.27628
1.27507
1.27379
1.27259
1.27131
1.27052
1.26929
1.27338
1.25982
1.33196
1.31114
1.31113
1.31532
1.31854
1.31979
1.32007
1.31989
1.31957
1.31916
1.31872
1.31825
1.31777
1.31727
1.31677
1.31625
1.31574
1.31522
1.31469
1.31417
1.31364
1.31312
1.31259
1.31207
1.31154
1.31102
1.3105
1.30999
1.30947
1.30896
1.30844
1.30793
1.30742
1.30691
1.30641
1.3059
1.30539
1.30489
1.30438
1.30388
1.30338
1.30287
1.30237
1.30187
1.30136
1.30086
1.30035
1.29984
1.29934
1.29883
1.29832
1.29781
1.2973
1.29679
1.29628
1.29576
1.29525
1.29473
1.29421
1.29368
1.29316
1.29262
1.29209
1.29155
1.291
1.29044
1.28987
1.28928
1.28868
1.28805
1.2874
1.28672
1.28601
1.28526
1.28447
1.28362
1.28273
1.28176
1.28075
1.27966
1.27853
1.27732
1.2761
1.27482
1.27361
1.27231
1.27147
1.27014
1.27397
1.26162
1.33216
1.31159
1.31109
1.31477
1.3177
1.31883
1.31906
1.31886
1.31853
1.31811
1.31767
1.31719
1.3167
1.3162
1.31569
1.31518
1.31465
1.31413
1.3136
1.31307
1.31253
1.312
1.31147
1.31094
1.31041
1.30989
1.30936
1.30884
1.30831
1.30779
1.30727
1.30675
1.30624
1.30572
1.30521
1.30469
1.30418
1.30367
1.30315
1.30264
1.30213
1.30162
1.30111
1.3006
1.30008
1.29957
1.29906
1.29854
1.29803
1.29751
1.297
1.29648
1.29596
1.29544
1.29492
1.2944
1.29387
1.29335
1.29282
1.29228
1.29175
1.29121
1.29067
1.29012
1.28956
1.28899
1.28841
1.28782
1.28721
1.28657
1.28591
1.28523
1.28451
1.28375
1.28296
1.2821
1.2812
1.28023
1.27921
1.27812
1.27698
1.27577
1.27455
1.27327
1.27204
1.27074
1.26984
1.26848
1.27178
1.26075
1.32796
1.30928
1.30893
1.31209
1.31459
1.31551
1.31566
1.31542
1.31507
1.31465
1.31419
1.31371
1.31322
1.31271
1.31219
1.31167
1.31114
1.31061
1.31007
1.30954
1.309
1.30846
1.30792
1.30739
1.30685
1.30632
1.30578
1.30525
1.30472
1.30419
1.30367
1.30314
1.30262
1.30209
1.30157
1.30105
1.30053
1.30001
1.29949
1.29897
1.29845
1.29793
1.29741
1.29689
1.29637
1.29585
1.29533
1.2948
1.29428
1.29376
1.29323
1.29271
1.29218
1.29165
1.29112
1.29059
1.29006
1.28952
1.28898
1.28844
1.2879
1.28735
1.2868
1.28624
1.28568
1.2851
1.28451
1.28391
1.28329
1.28264
1.28198
1.28129
1.28056
1.2798
1.27899
1.27813
1.27723
1.27625
1.27523
1.27413
1.27299
1.27177
1.27055
1.26926
1.26802
1.26672
1.26576
1.26441
1.26698
1.25738
1.3206
1.30512
1.30536
1.30795
1.30991
1.31056
1.3106
1.31032
1.30995
1.30951
1.30904
1.30855
1.30805
1.30754
1.30701
1.30648
1.30595
1.30541
1.30487
1.30432
1.30378
1.30323
1.30269
1.30214
1.3016
1.30106
1.30052
1.29998
1.29944
1.29891
1.29837
1.29784
1.29731
1.29678
1.29625
1.29572
1.29519
1.29466
1.29414
1.29361
1.29308
1.29256
1.29203
1.2915
1.29097
1.29045
1.28992
1.28939
1.28886
1.28832
1.28779
1.28726
1.28672
1.28619
1.28565
1.28511
1.28457
1.28402
1.28348
1.28293
1.28238
1.28182
1.28126
1.28069
1.28012
1.27953
1.27894
1.27832
1.2777
1.27704
1.27637
1.27567
1.27494
1.27416
1.27335
1.27249
1.27157
1.27059
1.26956
1.26845
1.26731
1.26609
1.26486
1.26357
1.26232
1.26101
1.25997
1.25868
1.26037
1.25232
1.31002
1.29871
1.29952
1.30143
1.3028
1.30314
1.30305
1.30272
1.30232
1.30187
1.30139
1.3009
1.30039
1.29986
1.29933
1.29879
1.29825
1.29771
1.29716
1.2966
1.29605
1.2955
1.29495
1.2944
1.29385
1.2933
1.29276
1.29221
1.29167
1.29113
1.29059
1.29005
1.28951
1.28898
1.28844
1.28791
1.28737
1.28684
1.28631
1.28577
1.28524
1.28471
1.28418
1.28364
1.28311
1.28258
1.28204
1.28151
1.28097
1.28043
1.2799
1.27936
1.27882
1.27828
1.27773
1.27719
1.27664
1.27609
1.27554
1.27498
1.27442
1.27386
1.27329
1.27272
1.27214
1.27154
1.27094
1.27032
1.26968
1.26903
1.26835
1.26763
1.2669
1.26611
1.2653
1.26442
1.2635
1.26251
1.26148
1.26036
1.25921
1.25799
1.25675
1.25546
1.25419
1.25288
1.25176
1.2505
1.25126
1.2449
1.30025
1.29326
1.29417
1.29531
1.29605
1.2961
1.29589
1.2955
1.29508
1.29461
1.29412
1.29361
1.29309
1.29256
1.29202
1.29148
1.29093
1.29037
1.28982
1.28926
1.2887
1.28815
1.28759
1.28703
1.28648
1.28593
1.28538
1.28483
1.28428
1.28374
1.28319
1.28265
1.28211
1.28157
1.28103
1.2805
1.27996
1.27942
1.27889
1.27835
1.27782
1.27728
1.27675
1.27621
1.27568
1.27514
1.2746
1.27406
1.27353
1.27299
1.27245
1.2719
1.27136
1.27082
1.27027
1.26972
1.26917
1.26862
1.26806
1.2675
1.26694
1.26637
1.2658
1.26522
1.26464
1.26404
1.26344
1.26281
1.26217
1.26151
1.26082
1.2601
1.25936
1.25857
1.25775
1.25687
1.25594
1.25494
1.25389
1.25277
1.25161
1.25038
1.24912
1.24782
1.24652
1.2452
1.24399
1.24274
1.2426
1.23798
1.29124
1.2883
1.28868
1.2889
1.28898
1.28873
1.28839
1.28796
1.28751
1.28703
1.28653
1.28601
1.28549
1.28495
1.28441
1.28386
1.28331
1.28275
1.28219
1.28163
1.28107
1.28051
1.27996
1.2794
1.27884
1.27829
1.27774
1.27719
1.27665
1.2761
1.27556
1.27502
1.27448
1.27394
1.2734
1.27286
1.27233
1.27179
1.27126
1.27072
1.27019
1.26965
1.26912
1.26859
1.26805
1.26752
1.26698
1.26645
1.26591
1.26537
1.26483
1.26429
1.26375
1.26321
1.26266
1.26212
1.26157
1.26102
1.26046
1.25991
1.25935
1.25878
1.25821
1.25763
1.25705
1.25645
1.25585
1.25522
1.25458
1.25392
1.25323
1.25251
1.25176
1.25097
1.25014
1.24925
1.24831
1.2473
1.24624
1.24511
1.24392
1.24267
1.24139
1.24006
1.23873
1.23738
1.23605
1.23475
1.23376
1.23112
1.26153
1.25448
1.26136
1.26659
1.26951
1.27037
1.27051
1.27029
1.26998
1.26959
1.26917
1.26873
1.26828
1.26781
1.26734
1.26686
1.26637
1.26588
1.26539
1.26489
1.2644
1.26391
1.26341
1.26292
1.26243
1.26194
1.26146
1.26097
1.26049
1.26001
1.25953
1.25905
1.25858
1.2581
1.25763
1.25716
1.25669
1.25622
1.25575
1.25528
1.25481
1.25434
1.25387
1.2534
1.25293
1.25246
1.25199
1.25152
1.25105
1.25058
1.2501
1.24963
1.24916
1.24868
1.24821
1.24773
1.24725
1.24676
1.24628
1.24579
1.2453
1.2448
1.24431
1.2438
1.24329
1.24277
1.24223
1.24168
1.24112
1.24053
1.23992
1.23928
1.23861
1.2379
1.23715
1.23635
1.2355
1.23458
1.23361
1.23256
1.23148
1.23033
1.22917
1.22795
1.22681
1.22568
1.22508
1.22466
1.22684
1.21063
1.29333
1.28514
1.29184
1.29717
1.30021
1.30114
1.3013
1.30109
1.30077
1.30037
1.29994
1.29949
1.29903
1.29855
1.29806
1.29757
1.29707
1.29657
1.29606
1.29556
1.29505
1.29454
1.29404
1.29353
1.29303
1.29253
1.29203
1.29154
1.29104
1.29055
1.29006
1.28957
1.28908
1.28859
1.28811
1.28762
1.28714
1.28665
1.28617
1.28569
1.28521
1.28473
1.28425
1.28377
1.28329
1.2828
1.28232
1.28184
1.28135
1.28087
1.28038
1.2799
1.27941
1.27892
1.27843
1.27794
1.27745
1.27695
1.27646
1.27596
1.27545
1.27495
1.27443
1.27392
1.27339
1.27285
1.27231
1.27174
1.27116
1.27056
1.26993
1.26927
1.26859
1.26786
1.26709
1.26627
1.26539
1.26445
1.26346
1.26239
1.26128
1.26009
1.2589
1.25765
1.25648
1.2553
1.25466
1.25412
1.25664
1.2405
1.30191
1.29135
1.29754
1.30286
1.30603
1.30707
1.30726
1.30706
1.30674
1.30634
1.30592
1.30546
1.30499
1.30451
1.30402
1.30352
1.30302
1.30252
1.30201
1.3015
1.30099
1.30048
1.29997
1.29946
1.29895
1.29845
1.29795
1.29745
1.29695
1.29645
1.29596
1.29546
1.29497
1.29448
1.29399
1.2935
1.29301
1.29253
1.29204
1.29155
1.29107
1.29058
1.2901
1.28961
1.28913
1.28864
1.28815
1.28767
1.28718
1.28669
1.2862
1.28571
1.28522
1.28473
1.28424
1.28374
1.28324
1.28274
1.28224
1.28174
1.28123
1.28072
1.2802
1.27968
1.27915
1.27861
1.27806
1.27749
1.2769
1.27629
1.27567
1.275
1.27431
1.27358
1.27281
1.27198
1.2711
1.27015
1.26915
1.26807
1.26696
1.26577
1.26457
1.26331
1.26213
1.26091
1.26022
1.25952
1.26248
1.24702
1.3168
1.30288
1.30754
1.31272
1.316
1.31714
1.31738
1.31719
1.31687
1.31647
1.31604
1.31558
1.3151
1.31461
1.31412
1.31362
1.31311
1.3126
1.31208
1.31156
1.31105
1.31053
1.31001
1.3095
1.30899
1.30848
1.30797
1.30746
1.30695
1.30645
1.30595
1.30545
1.30495
1.30445
1.30395
1.30346
1.30296
1.30247
1.30198
1.30148
1.30099
1.3005
1.30001
1.29951
1.29902
1.29853
1.29803
1.29754
1.29704
1.29655
1.29605
1.29555
1.29506
1.29456
1.29406
1.29355
1.29305
1.29254
1.29203
1.29152
1.29101
1.29049
1.28997
1.28944
1.2889
1.28835
1.28779
1.28721
1.28662
1.28601
1.28537
1.2847
1.284
1.28326
1.28248
1.28164
1.28075
1.27979
1.27878
1.2777
1.27657
1.27537
1.27416
1.27288
1.27168
1.27044
1.26969
1.2688
1.27206
1.25749
1.32479
1.3081
1.31134
1.3162
1.31949
1.32067
1.32093
1.32075
1.32042
1.32002
1.31958
1.31912
1.31864
1.31815
1.31765
1.31714
1.31663
1.31611
1.31559
1.31507
1.31454
1.31402
1.3135
1.31298
1.31246
1.31195
1.31143
1.31092
1.31041
1.3099
1.30939
1.30888
1.30838
1.30787
1.30737
1.30687
1.30637
1.30587
1.30537
1.30487
1.30437
1.30387
1.30337
1.30287
1.30237
1.30187
1.30137
1.30087
1.30037
1.29987
1.29937
1.29886
1.29836
1.29785
1.29734
1.29683
1.29632
1.29581
1.2953
1.29478
1.29425
1.29373
1.2932
1.29266
1.29212
1.29156
1.291
1.29041
1.28982
1.28919
1.28855
1.28787
1.28717
1.28642
1.28563
1.28479
1.28389
1.28293
1.28192
1.28082
1.27969
1.27848
1.27726
1.27598
1.27477
1.2735
1.27269
1.27165
1.27498
1.26152
1.32991
1.31169
1.3139
1.31831
1.32146
1.32262
1.32286
1.32267
1.32235
1.32193
1.32149
1.32102
1.32054
1.32004
1.31953
1.31902
1.3185
1.31798
1.31745
1.31693
1.3164
1.31587
1.31534
1.31482
1.31429
1.31377
1.31325
1.31273
1.31221
1.31169
1.31118
1.31066
1.31015
1.30964
1.30913
1.30862
1.30811
1.30761
1.3071
1.30659
1.30609
1.30558
1.30507
1.30457
1.30406
1.30355
1.30305
1.30254
1.30203
1.30152
1.30101
1.3005
1.29998
1.29947
1.29896
1.29844
1.29792
1.2974
1.29688
1.29635
1.29582
1.29529
1.29475
1.2942
1.29365
1.29309
1.29252
1.29193
1.29132
1.29069
1.29004
1.28935
1.28864
1.28789
1.28709
1.28624
1.28534
1.28437
1.28335
1.28225
1.28111
1.2799
1.27867
1.27739
1.27616
1.27487
1.274
1.27285
1.27596
1.26377
1.3301
1.31217
1.31384
1.31773
1.32057
1.32161
1.3218
1.32159
1.32125
1.32083
1.32038
1.31991
1.31942
1.31891
1.3184
1.31788
1.31736
1.31683
1.31629
1.31576
1.31523
1.31469
1.31416
1.31362
1.31309
1.31256
1.31203
1.31151
1.31098
1.31046
1.30994
1.30942
1.3089
1.30838
1.30786
1.30735
1.30683
1.30632
1.3058
1.30529
1.30477
1.30426
1.30375
1.30323
1.30272
1.3022
1.30169
1.30117
1.30065
1.30014
1.29962
1.2991
1.29858
1.29806
1.29753
1.29701
1.29648
1.29595
1.29542
1.29488
1.29435
1.2938
1.29326
1.29271
1.29215
1.29158
1.29099
1.2904
1.28978
1.28914
1.28848
1.28779
1.28707
1.28631
1.28551
1.28465
1.28374
1.28277
1.28174
1.28063
1.27949
1.27827
1.27704
1.27575
1.27451
1.27322
1.27228
1.27107
1.27371
1.26292
1.32542
1.30963
1.31126
1.31453
1.31692
1.31775
1.31786
1.31761
1.31725
1.31682
1.31637
1.31588
1.31538
1.31487
1.31435
1.31383
1.3133
1.31276
1.31222
1.31168
1.31114
1.3106
1.31006
1.30952
1.30898
1.30844
1.30791
1.30738
1.30684
1.30631
1.30578
1.30526
1.30473
1.30421
1.30368
1.30316
1.30264
1.30211
1.30159
1.30107
1.30055
1.30003
1.29951
1.29899
1.29846
1.29794
1.29742
1.29689
1.29637
1.29584
1.29532
1.29479
1.29426
1.29373
1.2932
1.29267
1.29213
1.2916
1.29106
1.29051
1.28997
1.28942
1.28887
1.2883
1.28774
1.28716
1.28657
1.28596
1.28534
1.28469
1.28402
1.28332
1.2826
1.28183
1.28102
1.28015
1.27924
1.27825
1.27722
1.27611
1.27496
1.27374
1.2725
1.27121
1.26995
1.26865
1.26765
1.26641
1.26837
1.25914
1.31806
1.3058
1.30773
1.31029
1.31212
1.31268
1.31267
1.31238
1.31199
1.31155
1.31108
1.31059
1.31008
1.30956
1.30904
1.3085
1.30796
1.30742
1.30687
1.30633
1.30578
1.30523
1.30468
1.30413
1.30359
1.30305
1.30251
1.30197
1.30143
1.30089
1.30035
1.29982
1.29929
1.29876
1.29823
1.29769
1.29717
1.29664
1.29611
1.29558
1.29505
1.29453
1.294
1.29347
1.29294
1.29241
1.29188
1.29135
1.29082
1.29029
1.28976
1.28922
1.28869
1.28815
1.28761
1.28707
1.28653
1.28599
1.28544
1.28489
1.28434
1.28378
1.28322
1.28265
1.28207
1.28149
1.28089
1.28027
1.27964
1.27899
1.27831
1.2776
1.27687
1.27609
1.27527
1.2744
1.27348
1.27249
1.27145
1.27033
1.26917
1.26794
1.2667
1.2654
1.26412
1.26281
1.26173
1.2605
1.26163
1.25409
1.30422
1.29635
1.29864
1.30038
1.30157
1.30182
1.30168
1.30134
1.30093
1.30047
1.29999
1.29949
1.29897
1.29845
1.29792
1.29738
1.29683
1.29628
1.29573
1.29518
1.29463
1.29407
1.29352
1.29297
1.29242
1.29188
1.29133
1.29079
1.29025
1.28971
1.28917
1.28863
1.28809
1.28756
1.28703
1.28649
1.28596
1.28543
1.2849
1.28437
1.28384
1.28331
1.28277
1.28224
1.28171
1.28118
1.28065
1.28012
1.27958
1.27905
1.27851
1.27798
1.27744
1.2769
1.27636
1.27581
1.27527
1.27472
1.27417
1.27362
1.27306
1.2725
1.27193
1.27136
1.27078
1.27019
1.26959
1.26897
1.26833
1.26767
1.26699
1.26628
1.26554
1.26476
1.26394
1.26306
1.26213
1.26114
1.26009
1.25897
1.25781
1.25657
1.25532
1.25401
1.25272
1.2514
1.25023
1.24899
1.24926
1.24356
1.2979
1.29382
1.29538
1.29624
1.29678
1.29673
1.29647
1.29607
1.29564
1.29516
1.29467
1.29416
1.29364
1.29311
1.29257
1.29202
1.29147
1.29092
1.29036
1.2898
1.28924
1.28869
1.28813
1.28757
1.28702
1.28647
1.28592
1.28537
1.28483
1.28428
1.28374
1.2832
1.28266
1.28212
1.28159
1.28105
1.28052
1.27998
1.27945
1.27891
1.27838
1.27785
1.27731
1.27678
1.27625
1.27571
1.27518
1.27464
1.27411
1.27357
1.27303
1.27249
1.27195
1.27141
1.27087
1.27032
1.26977
1.26922
1.26867
1.26811
1.26755
1.26699
1.26642
1.26584
1.26526
1.26466
1.26406
1.26344
1.2628
1.26213
1.26145
1.26073
1.25998
1.2592
1.25837
1.25748
1.25654
1.25554
1.25448
1.25335
1.25217
1.25092
1.24965
1.24832
1.247
1.24566
1.24439
1.24311
1.24255
1.2387
1.27096
1.26971
1.2704
1.27045
1.27042
1.27013
1.26978
1.26935
1.2689
1.26843
1.26794
1.26744
1.26692
1.2664
1.26587
1.26533
1.26478
1.26424
1.26369
1.26314
1.26259
1.26204
1.26149
1.26094
1.2604
1.25985
1.25931
1.25877
1.25824
1.2577
1.25717
1.25664
1.2561
1.25558
1.25505
1.25452
1.25399
1.25347
1.25294
1.25242
1.25189
1.25137
1.25085
1.25032
1.2498
1.24927
1.24875
1.24822
1.24769
1.24717
1.24664
1.24611
1.24558
1.24504
1.24451
1.24397
1.24344
1.24289
1.24235
1.2418
1.24125
1.2407
1.24014
1.23958
1.239
1.23842
1.23782
1.23721
1.23658
1.23592
1.23525
1.23454
1.2338
1.23302
1.2322
1.23132
1.23039
1.22938
1.22833
1.2272
1.22602
1.22477
1.2235
1.22217
1.22084
1.21949
1.21815
1.21685
1.21569
1.21357
1.3165
1.30936
1.31436
1.31961
1.32252
1.32341
1.32353
1.3233
1.32297
1.32256
1.32213
1.32166
1.32119
1.3207
1.32021
1.31971
1.3192
1.31869
1.31817
1.31766
1.31714
1.31663
1.31611
1.3156
1.31509
1.31458
1.31407
1.31357
1.31306
1.31256
1.31206
1.31156
1.31107
1.31057
1.31008
1.30958
1.30909
1.3086
1.30811
1.30762
1.30713
1.30664
1.30615
1.30566
1.30517
1.30468
1.30419
1.3037
1.30321
1.30271
1.30222
1.30173
1.30123
1.30074
1.30024
1.29974
1.29924
1.29873
1.29823
1.29772
1.29721
1.29669
1.29617
1.29564
1.29511
1.29456
1.294
1.29343
1.29284
1.29222
1.29159
1.29092
1.29022
1.28948
1.2887
1.28786
1.28697
1.28601
1.285
1.28391
1.28278
1.28158
1.28037
1.2791
1.27791
1.27672
1.27608
1.27561
1.27781
1.26151
1.30329
1.29512
1.30012
1.30538
1.30839
1.30934
1.30949
1.30928
1.30895
1.30855
1.30812
1.30766
1.3072
1.30671
1.30622
1.30573
1.30522
1.30472
1.30421
1.3037
1.30319
1.30268
1.30217
1.30166
1.30116
1.30065
1.30015
1.29965
1.29915
1.29866
1.29816
1.29767
1.29717
1.29668
1.29619
1.29571
1.29522
1.29473
1.29425
1.29376
1.29328
1.29279
1.29231
1.29182
1.29134
1.29085
1.29036
1.28988
1.28939
1.2889
1.28841
1.28792
1.28743
1.28694
1.28645
1.28596
1.28546
1.28496
1.28446
1.28395
1.28345
1.28294
1.28242
1.2819
1.28137
1.28083
1.28028
1.27971
1.27912
1.27851
1.27788
1.27722
1.27653
1.2758
1.27502
1.27419
1.27332
1.27237
1.27137
1.27029
1.26917
1.26798
1.26678
1.26552
1.26434
1.26315
1.26249
1.26195
1.2644
1.24853
1.31144
1.30039
1.30431
1.30955
1.31273
1.31379
1.31398
1.31378
1.31346
1.31306
1.31263
1.31217
1.3117
1.31122
1.31072
1.31022
1.30972
1.30921
1.3087
1.30818
1.30767
1.30716
1.30664
1.30613
1.30562
1.30512
1.30461
1.30411
1.3036
1.3031
1.30261
1.30211
1.30161
1.30112
1.30063
1.30013
1.29964
1.29915
1.29866
1.29817
1.29768
1.2972
1.29671
1.29622
1.29573
1.29524
1.29475
1.29426
1.29377
1.29328
1.29278
1.29229
1.2918
1.2913
1.2908
1.29031
1.28981
1.2893
1.2888
1.28829
1.28778
1.28726
1.28674
1.28622
1.28568
1.28514
1.28458
1.28401
1.28342
1.28281
1.28218
1.28151
1.28082
1.28008
1.2793
1.27846
1.27758
1.27663
1.27562
1.27454
1.27342
1.27222
1.27101
1.26975
1.26855
1.26733
1.26662
1.26591
1.26878
1.2536
1.31957
1.30517
1.30846
1.31355
1.31683
1.31798
1.31821
1.31803
1.31771
1.3173
1.31687
1.31641
1.31593
1.31544
1.31495
1.31444
1.31393
1.31342
1.3129
1.31239
1.31187
1.31135
1.31083
1.31032
1.3098
1.30929
1.30878
1.30827
1.30777
1.30726
1.30676
1.30625
1.30575
1.30525
1.30476
1.30426
1.30376
1.30327
1.30277
1.30228
1.30178
1.30129
1.3008
1.3003
1.29981
1.29932
1.29882
1.29832
1.29783
1.29733
1.29683
1.29633
1.29583
1.29533
1.29483
1.29433
1.29382
1.29331
1.2928
1.29229
1.29177
1.29125
1.29073
1.2902
1.28966
1.28911
1.28855
1.28797
1.28738
1.28676
1.28612
1.28545
1.28475
1.284
1.28322
1.28238
1.28149
1.28053
1.27952
1.27843
1.2773
1.2761
1.27488
1.27361
1.27241
1.27115
1.27039
1.26949
1.27265
1.25839
1.32638
1.30952
1.31184
1.31665
1.31992
1.32111
1.32137
1.32118
1.32086
1.32045
1.32002
1.31955
1.31907
1.31858
1.31808
1.31757
1.31705
1.31653
1.31601
1.31549
1.31497
1.31444
1.31392
1.3134
1.31288
1.31236
1.31185
1.31133
1.31082
1.31031
1.3098
1.30929
1.30879
1.30828
1.30778
1.30728
1.30677
1.30627
1.30577
1.30527
1.30477
1.30427
1.30377
1.30327
1.30277
1.30227
1.30177
1.30127
1.30076
1.30026
1.29976
1.29925
1.29875
1.29824
1.29773
1.29722
1.29671
1.29619
1.29568
1.29516
1.29464
1.29411
1.29358
1.29304
1.2925
1.29194
1.29137
1.29079
1.29019
1.28956
1.28892
1.28824
1.28754
1.28679
1.286
1.28515
1.28426
1.28329
1.28228
1.28118
1.28004
1.27883
1.27761
1.27633
1.27512
1.27384
1.27302
1.27198
1.27517
1.26196
1.33003
1.31186
1.31338
1.31779
1.32091
1.32207
1.32231
1.32212
1.32179
1.32138
1.32094
1.32047
1.31998
1.31949
1.31898
1.31846
1.31795
1.31742
1.3169
1.31637
1.31584
1.31531
1.31478
1.31426
1.31373
1.31321
1.31269
1.31217
1.31165
1.31113
1.31062
1.3101
1.30959
1.30908
1.30857
1.30806
1.30755
1.30704
1.30654
1.30603
1.30552
1.30502
1.30451
1.304
1.3035
1.30299
1.30248
1.30197
1.30146
1.30095
1.30044
1.29993
1.29942
1.2989
1.29839
1.29787
1.29735
1.29683
1.29631
1.29578
1.29525
1.29472
1.29418
1.29363
1.29308
1.29252
1.29195
1.29135
1.29075
1.29012
1.28947
1.28878
1.28807
1.28731
1.28652
1.28567
1.28477
1.28379
1.28277
1.28167
1.28053
1.27932
1.27809
1.27681
1.27558
1.27429
1.27341
1.27227
1.27525
1.26322
1.33006
1.31215
1.31319
1.31711
1.31996
1.321
1.3212
1.32099
1.32065
1.32023
1.31978
1.3193
1.31881
1.31831
1.31779
1.31727
1.31675
1.31622
1.31569
1.31515
1.31462
1.31409
1.31355
1.31302
1.31249
1.31196
1.31143
1.3109
1.31038
1.30986
1.30934
1.30882
1.3083
1.30778
1.30726
1.30675
1.30623
1.30572
1.3052
1.30469
1.30417
1.30366
1.30315
1.30264
1.30212
1.30161
1.30109
1.30058
1.30006
1.29954
1.29902
1.2985
1.29798
1.29746
1.29694
1.29642
1.29589
1.29536
1.29483
1.29429
1.29376
1.29322
1.29267
1.29212
1.29156
1.29099
1.29041
1.28981
1.2892
1.28856
1.2879
1.28721
1.28649
1.28573
1.28493
1.28407
1.28316
1.28218
1.28116
1.28005
1.2789
1.27769
1.27645
1.27516
1.27392
1.27263
1.27169
1.27049
1.27305
1.26231
1.32642
1.31035
1.31124
1.31458
1.31701
1.31786
1.31798
1.31773
1.31737
1.31694
1.31649
1.316
1.3155
1.31499
1.31448
1.31395
1.31342
1.31288
1.31234
1.3118
1.31126
1.31072
1.31018
1.30964
1.30911
1.30857
1.30804
1.3075
1.30697
1.30644
1.30592
1.30539
1.30486
1.30434
1.30382
1.30329
1.30277
1.30225
1.30173
1.30121
1.30069
1.30017
1.29965
1.29913
1.29861
1.29809
1.29757
1.29704
1.29652
1.296
1.29547
1.29494
1.29442
1.29389
1.29336
1.29283
1.29229
1.29176
1.29122
1.29068
1.29013
1.28958
1.28903
1.28847
1.2879
1.28733
1.28674
1.28613
1.28551
1.28486
1.2842
1.2835
1.28277
1.282
1.28119
1.28033
1.27941
1.27843
1.2774
1.27629
1.27514
1.27391
1.27267
1.27138
1.27013
1.26882
1.26782
1.2666
1.26855
1.25925
1.31932
1.30638
1.30723
1.30987
1.31175
1.31235
1.31236
1.31207
1.31169
1.31124
1.31077
1.31028
1.30978
1.30926
1.30873
1.3082
1.30766
1.30712
1.30658
1.30603
1.30548
1.30494
1.30439
1.30385
1.3033
1.30276
1.30222
1.30168
1.30115
1.30061
1.30008
1.29954
1.29901
1.29848
1.29795
1.29743
1.2969
1.29637
1.29585
1.29532
1.29479
1.29427
1.29374
1.29322
1.29269
1.29216
1.29164
1.29111
1.29058
1.29005
1.28952
1.28899
1.28845
1.28792
1.28738
1.28684
1.2863
1.28576
1.28522
1.28467
1.28412
1.28356
1.283
1.28244
1.28186
1.28128
1.28068
1.28007
1.27944
1.27879
1.27811
1.27741
1.27667
1.2759
1.27508
1.27421
1.27329
1.2723
1.27126
1.27014
1.26898
1.26775
1.26651
1.26521
1.26394
1.26262
1.26155
1.26032
1.26153
1.25383
1.31003
1.30139
1.30176
1.30355
1.30478
1.30506
1.30494
1.30459
1.30419
1.30373
1.30325
1.30275
1.30223
1.30171
1.30118
1.30064
1.30009
1.29954
1.29899
1.29844
1.29789
1.29733
1.29678
1.29623
1.29568
1.29514
1.29459
1.29405
1.29351
1.29297
1.29243
1.29189
1.29136
1.29082
1.29029
1.28976
1.28922
1.28869
1.28816
1.28763
1.2871
1.28657
1.28604
1.28551
1.28498
1.28445
1.28392
1.28339
1.28285
1.28232
1.28179
1.28125
1.28071
1.28017
1.27963
1.27909
1.27855
1.278
1.27745
1.2769
1.27634
1.27578
1.27521
1.27464
1.27406
1.27347
1.27287
1.27225
1.27162
1.27096
1.27028
1.26957
1.26883
1.26804
1.26722
1.26634
1.26542
1.26442
1.26337
1.26225
1.26108
1.25984
1.25859
1.25727
1.25598
1.25466
1.25349
1.25225
1.25261
1.24675
1.2987
1.2944
1.29473
1.29556
1.29606
1.29601
1.29575
1.29535
1.29492
1.29444
1.29395
1.29344
1.29292
1.29239
1.29185
1.29131
1.29076
1.29021
1.28965
1.28909
1.28854
1.28798
1.28743
1.28687
1.28632
1.28577
1.28522
1.28468
1.28413
1.28359
1.28305
1.28251
1.28197
1.28144
1.2809
1.28037
1.27983
1.2793
1.27877
1.27824
1.2777
1.27717
1.27664
1.27611
1.27558
1.27505
1.27451
1.27398
1.27344
1.27291
1.27237
1.27183
1.2713
1.27076
1.27021
1.26967
1.26912
1.26857
1.26802
1.26747
1.26691
1.26635
1.26578
1.26521
1.26463
1.26403
1.26343
1.26281
1.26217
1.26151
1.26083
1.26011
1.25937
1.25858
1.25775
1.25686
1.25593
1.25492
1.25386
1.25273
1.25155
1.2503
1.24903
1.2477
1.24638
1.24503
1.24377
1.24249
1.24199
1.23813
1.30491
1.30353
1.30304
1.30299
1.30283
1.30251
1.30213
1.30169
1.30123
1.30075
1.30025
1.29973
1.2992
1.29867
1.29812
1.29757
1.29701
1.29645
1.29589
1.29533
1.29476
1.2942
1.29364
1.29308
1.29252
1.29196
1.29141
1.29086
1.29031
1.28976
1.28921
1.28867
1.28812
1.28758
1.28704
1.2865
1.28596
1.28542
1.28488
1.28435
1.28381
1.28327
1.28274
1.2822
1.28166
1.28112
1.28059
1.28005
1.27951
1.27897
1.27843
1.27788
1.27734
1.27679
1.27625
1.2757
1.27515
1.27459
1.27404
1.27348
1.27291
1.27235
1.27177
1.27119
1.27061
1.27001
1.2694
1.26877
1.26812
1.26745
1.26676
1.26603
1.26527
1.26447
1.26363
1.26272
1.26176
1.26073
1.25965
1.25848
1.25727
1.25599
1.25468
1.25331
1.25194
1.25056
1.24919
1.24785
1.2467
1.24457
)
;

boundaryField
{
    upperWall
    {
        type            calculated;
        value           nonuniform List<scalar> 
660
(
1.29773
1.28485
1.29004
1.29004
1.28485
1.29773
1.29373
1.28752
1.29044
1.29044
1.28752
1.29373
1.29616
1.28604
1.28994
1.28994
1.28604
1.29616
1.29486
1.28641
1.29038
1.29038
1.28641
1.29486
1.29567
1.28614
1.29002
1.29002
1.28614
1.29567
1.29516
1.28612
1.29025
1.29025
1.28612
1.29516
1.29545
1.28606
1.29007
1.29007
1.28606
1.29545
1.29523
1.28601
1.29017
1.29017
1.28601
1.29523
1.29532
1.28599
1.29008
1.29008
1.28599
1.29532
1.2952
1.28594
1.29012
1.29012
1.28594
1.2952
1.2952
1.28592
1.29007
1.29007
1.28592
1.2952
1.29513
1.28589
1.29008
1.29008
1.28589
1.29513
1.29508
1.28587
1.29006
1.29006
1.28587
1.29508
1.29502
1.28584
1.29005
1.29005
1.28584
1.29502
1.29493
1.28585
1.29005
1.29005
1.28585
1.29493
1.29488
1.28582
1.29004
1.29004
1.28582
1.29488
1.29469
1.28591
1.29003
1.29003
1.28591
1.29469
1.29464
1.28587
1.29002
1.29002
1.28587
1.29464
1.29425
1.2862
1.28997
1.28997
1.2862
1.29425
1.29417
1.28607
1.28996
1.28996
1.28607
1.29417
1.29863
1.28249
1.28916
1.28916
1.28249
1.29863
1.29837
1.28228
1.28869
1.28869
1.28228
1.29837
1.29767
1.28213
1.28856
1.28856
1.28213
1.29767
1.29725
1.28177
1.2882
1.2882
1.28177
1.29725
1.29683
1.28143
1.28789
1.28789
1.28143
1.29683
1.2964
1.28102
1.28749
1.28749
1.28102
1.2964
1.29598
1.28062
1.28709
1.28709
1.28062
1.29598
1.29553
1.28018
1.28665
1.28665
1.28018
1.29553
1.29507
1.27973
1.2862
1.2862
1.27973
1.29507
1.29459
1.27925
1.28572
1.28572
1.27925
1.29459
1.29409
1.27876
1.28523
1.28523
1.27876
1.29409
1.29358
1.27825
1.28472
1.28472
1.27825
1.29358
1.29306
1.27774
1.28421
1.28421
1.27774
1.29306
1.29253
1.27721
1.28368
1.28368
1.27721
1.29253
1.29198
1.27668
1.28314
1.28314
1.27668
1.29198
1.29144
1.27614
1.2826
1.2826
1.27614
1.29144
1.29088
1.27559
1.28205
1.28205
1.27559
1.29088
1.29032
1.27504
1.28149
1.28149
1.27504
1.29032
1.28976
1.27449
1.28094
1.28094
1.27449
1.28976
1.2892
1.27393
1.28038
1.28038
1.27393
1.2892
1.28864
1.27338
1.27982
1.27982
1.27338
1.28864
1.28808
1.27282
1.27927
1.27927
1.27282
1.28808
1.28752
1.27227
1.27871
1.27871
1.27227
1.28752
1.28696
1.27172
1.27816
1.27816
1.27172
1.28696
1.28641
1.27117
1.2776
1.2776
1.27117
1.28641
1.28585
1.27062
1.27705
1.27705
1.27062
1.28585
1.2853
1.27007
1.2765
1.2765
1.27007
1.2853
1.28475
1.26953
1.27596
1.27596
1.26953
1.28475
1.2842
1.26899
1.27541
1.27541
1.26899
1.2842
1.28365
1.26845
1.27487
1.27487
1.26845
1.28365
1.28311
1.26791
1.27433
1.27433
1.26791
1.28311
1.28256
1.26737
1.27379
1.27379
1.26737
1.28256
1.28202
1.26684
1.27325
1.27325
1.26684
1.28202
1.28148
1.26631
1.27272
1.27272
1.26631
1.28148
1.28094
1.26577
1.27218
1.27218
1.26577
1.28094
1.28041
1.26524
1.27165
1.27165
1.26524
1.28041
1.27987
1.26471
1.27111
1.27111
1.26471
1.27987
1.27933
1.26418
1.27058
1.27058
1.26418
1.27933
1.2788
1.26365
1.27005
1.27005
1.26365
1.2788
1.27826
1.26312
1.26952
1.26952
1.26312
1.27826
1.27772
1.26259
1.26898
1.26898
1.26259
1.27772
1.27719
1.26206
1.26845
1.26845
1.26206
1.27719
1.27665
1.26154
1.26792
1.26792
1.26154
1.27665
1.27612
1.26101
1.26739
1.26739
1.26101
1.27612
1.27558
1.26048
1.26686
1.26686
1.26048
1.27558
1.27505
1.25995
1.26633
1.26633
1.25995
1.27505
1.27451
1.25942
1.2658
1.2658
1.25942
1.27451
1.27398
1.25889
1.26526
1.26526
1.25889
1.27398
1.27344
1.25836
1.26473
1.26473
1.25836
1.27344
1.2729
1.25783
1.26419
1.26419
1.25783
1.2729
1.27236
1.25729
1.26366
1.26366
1.25729
1.27236
1.27182
1.25676
1.26312
1.26312
1.25676
1.27182
1.27128
1.25622
1.26258
1.26258
1.25622
1.27128
1.27074
1.25569
1.26204
1.26204
1.25569
1.27074
1.27019
1.25515
1.2615
1.2615
1.25515
1.27019
1.26964
1.25461
1.26096
1.26096
1.25461
1.26964
1.26909
1.25407
1.26041
1.26041
1.25407
1.26909
1.26854
1.25352
1.25987
1.25987
1.25352
1.26854
1.26799
1.25297
1.25932
1.25932
1.25297
1.26799
1.26743
1.25242
1.25876
1.25876
1.25242
1.26743
1.26687
1.25187
1.25821
1.25821
1.25187
1.26687
1.2663
1.25131
1.25764
1.25764
1.25131
1.2663
1.26573
1.25075
1.25708
1.25708
1.25075
1.26573
1.26516
1.25018
1.2565
1.2565
1.25018
1.26516
1.26457
1.2496
1.25592
1.25592
1.2496
1.26457
1.26397
1.24901
1.25533
1.25533
1.24901
1.26397
1.26336
1.24841
1.25472
1.25472
1.24841
1.26336
1.26274
1.24778
1.2541
1.2541
1.24778
1.26274
1.26209
1.24715
1.25346
1.25346
1.24715
1.26209
1.26142
1.24648
1.25279
1.25279
1.24648
1.26142
1.26072
1.2458
1.2521
1.2521
1.2458
1.26072
1.26
1.24508
1.25138
1.25138
1.24508
1.26
1.25924
1.24433
1.25062
1.25062
1.24433
1.25924
1.25843
1.24353
1.24982
1.24982
1.24353
1.25843
1.25758
1.24269
1.24898
1.24898
1.24269
1.25758
1.25667
1.24179
1.24807
1.24807
1.24179
1.25667
1.25571
1.24084
1.24711
1.24711
1.24084
1.25571
1.25467
1.23981
1.24608
1.24608
1.23981
1.25467
1.25357
1.23873
1.24499
1.24499
1.23873
1.25357
1.2524
1.23757
1.24383
1.24383
1.23757
1.2524
1.25117
1.23636
1.24261
1.24261
1.23636
1.25117
1.24988
1.23508
1.24132
1.24132
1.23508
1.24988
1.24855
1.23377
1.24001
1.24001
1.23377
1.24855
1.24718
1.23241
1.23864
1.23864
1.23241
1.24718
1.24579
1.23105
1.23727
1.23727
1.23105
1.24579
1.2444
1.22967
1.23588
1.23588
1.22967
1.2444
1.243
1.22828
1.23448
1.23448
1.22828
1.243
1.24163
1.22693
1.23313
1.23313
1.22693
1.24163
1.24022
1.22553
1.23169
1.23169
1.22553
1.24022
1.23891
1.22421
1.23038
1.23038
1.22421
1.23891
)
;
    }
    lowerWall
    {
        type            calculated;
        value           nonuniform List<scalar> 
120
(
1.29773
1.28485
1.29004
1.29004
1.28485
1.29773
1.29373
1.28752
1.29044
1.29044
1.28752
1.29373
1.29616
1.28604
1.28994
1.28994
1.28604
1.29616
1.29486
1.28641
1.29038
1.29038
1.28641
1.29486
1.29567
1.28614
1.29002
1.29002
1.28614
1.29567
1.29516
1.28612
1.29025
1.29025
1.28612
1.29516
1.29545
1.28606
1.29007
1.29007
1.28606
1.29545
1.29523
1.28601
1.29017
1.29017
1.28601
1.29523
1.29532
1.28599
1.29008
1.29008
1.28599
1.29532
1.2952
1.28594
1.29012
1.29012
1.28594
1.2952
1.2952
1.28592
1.29007
1.29007
1.28592
1.2952
1.29513
1.28589
1.29008
1.29008
1.28589
1.29513
1.29508
1.28587
1.29006
1.29006
1.28587
1.29508
1.29502
1.28584
1.29005
1.29005
1.28584
1.29502
1.29493
1.28585
1.29005
1.29005
1.28585
1.29493
1.29488
1.28582
1.29004
1.29004
1.28582
1.29488
1.29469
1.28591
1.29003
1.29003
1.28591
1.29469
1.29464
1.28587
1.29002
1.29002
1.28587
1.29464
1.29425
1.2862
1.28997
1.28997
1.2862
1.29425
1.29417
1.28607
1.28996
1.28996
1.28607
1.29417
)
;
    }
    heatedWall
    {
        type            calculated;
        value           nonuniform List<scalar> 
540
(
1.31625
1.261
1.28427
1.28427
1.26101
1.31625
1.30911
1.25397
1.27507
1.27507
1.25397
1.30911
1.31411
1.26084
1.28141
1.28141
1.26084
1.31411
1.31937
1.26607
1.28664
1.28664
1.26607
1.31936
1.32227
1.26898
1.28948
1.28948
1.26898
1.32227
1.32316
1.26984
1.29031
1.2903
1.26984
1.32316
1.32328
1.26998
1.29041
1.29041
1.26998
1.32328
1.32305
1.26976
1.29019
1.29019
1.26976
1.32305
1.32272
1.26945
1.28986
1.28986
1.26945
1.32272
1.32231
1.26906
1.28946
1.28946
1.26906
1.32231
1.32187
1.26864
1.28903
1.28903
1.26864
1.32187
1.32141
1.2682
1.28858
1.28858
1.2682
1.32141
1.32094
1.26775
1.28812
1.28812
1.26775
1.32094
1.32045
1.26728
1.28764
1.28764
1.26728
1.32045
1.31996
1.26681
1.28716
1.28716
1.26681
1.31996
1.31945
1.26633
1.28667
1.28667
1.26633
1.31945
1.31895
1.26584
1.28617
1.28617
1.26584
1.31895
1.31844
1.26535
1.28567
1.28567
1.26535
1.31844
1.31792
1.26486
1.28517
1.28517
1.26486
1.31792
1.31741
1.26437
1.28467
1.28467
1.26437
1.31741
1.31689
1.26387
1.28416
1.28416
1.26387
1.31689
1.31638
1.26338
1.28366
1.28366
1.26338
1.31637
1.31586
1.26289
1.28316
1.28316
1.26289
1.31586
1.31535
1.26239
1.28266
1.28266
1.26239
1.31535
1.31484
1.2619
1.28216
1.28216
1.2619
1.31484
1.31433
1.26142
1.28166
1.28166
1.26142
1.31433
1.31382
1.26093
1.28117
1.28117
1.26093
1.31382
1.31331
1.26045
1.28067
1.28067
1.26045
1.31331
1.31281
1.25996
1.28018
1.28018
1.25996
1.31281
1.31231
1.25948
1.27969
1.27969
1.25948
1.31231
1.31181
1.259
1.2792
1.2792
1.259
1.31181
1.31131
1.25853
1.27872
1.27872
1.25853
1.31131
1.31081
1.25805
1.27823
1.27823
1.25805
1.31081
1.31032
1.25758
1.27775
1.27775
1.25757
1.31032
1.30982
1.2571
1.27727
1.27727
1.2571
1.30982
1.30933
1.25663
1.27679
1.27678
1.25663
1.30933
1.30884
1.25616
1.2763
1.2763
1.25616
1.30884
1.30835
1.25569
1.27583
1.27582
1.25569
1.30835
1.30786
1.25522
1.27535
1.27535
1.25522
1.30786
1.30737
1.25475
1.27487
1.27487
1.25475
1.30737
1.30688
1.25428
1.27439
1.27439
1.25428
1.30688
1.30639
1.25381
1.27391
1.27391
1.25381
1.30639
1.3059
1.25334
1.27344
1.27344
1.25334
1.3059
1.30541
1.25287
1.27296
1.27296
1.25287
1.30541
1.30492
1.2524
1.27248
1.27248
1.2524
1.30492
1.30443
1.25193
1.272
1.272
1.25193
1.30443
1.30394
1.25146
1.27152
1.27152
1.25146
1.30394
1.30345
1.25099
1.27104
1.27104
1.25099
1.30345
1.30295
1.25052
1.27056
1.27056
1.25052
1.30295
1.30246
1.25005
1.27008
1.27008
1.25005
1.30246
1.30197
1.24958
1.2696
1.2696
1.24957
1.30197
1.30147
1.2491
1.26912
1.26912
1.2491
1.30147
1.30098
1.24863
1.26864
1.26864
1.24863
1.30098
1.30048
1.24815
1.26815
1.26815
1.24815
1.30048
1.29999
1.24768
1.26767
1.26767
1.24767
1.29998
1.29949
1.2472
1.26718
1.26718
1.2472
1.29948
1.29898
1.24672
1.26669
1.26669
1.24672
1.29898
1.29848
1.24623
1.2662
1.2662
1.24623
1.29848
1.29797
1.24575
1.26571
1.2657
1.24575
1.29797
1.29746
1.24526
1.26521
1.26521
1.24526
1.29746
1.29695
1.24477
1.26471
1.26471
1.24477
1.29695
1.29644
1.24428
1.2642
1.2642
1.24427
1.29644
1.29592
1.24378
1.2637
1.2637
1.24378
1.29592
1.29539
1.24327
1.26318
1.26318
1.24327
1.29539
1.29485
1.24276
1.26266
1.26266
1.24276
1.29485
1.29431
1.24224
1.26213
1.26213
1.24223
1.29431
1.29375
1.2417
1.26158
1.26158
1.2417
1.29375
1.29318
1.24115
1.26102
1.26102
1.24115
1.29317
1.29259
1.24059
1.26045
1.26044
1.24058
1.29258
1.29197
1.24
1.25985
1.25984
1.24
1.29197
1.29133
1.23939
1.25922
1.25922
1.23939
1.29133
1.29067
1.23875
1.25857
1.25857
1.23875
1.29067
1.28997
1.23808
1.25789
1.25789
1.23808
1.28997
1.28923
1.23737
1.25717
1.25717
1.23737
1.28923
1.28845
1.23662
1.25641
1.25641
1.23662
1.28845
1.28761
1.23582
1.25559
1.25559
1.23581
1.28761
1.28672
1.23497
1.25473
1.25473
1.23496
1.28672
1.28576
1.23405
1.25379
1.25379
1.23404
1.28576
1.28475
1.23308
1.25281
1.25281
1.23308
1.28475
1.28366
1.23203
1.25175
1.25175
1.23203
1.28366
1.28253
1.23095
1.25065
1.25065
1.23095
1.28253
1.28133
1.2298
1.24948
1.24948
1.2298
1.28133
1.28011
1.22864
1.2483
1.2483
1.22863
1.28011
1.27885
1.22742
1.24707
1.24706
1.22742
1.27885
1.27766
1.22628
1.24591
1.24591
1.22628
1.27765
1.27646
1.22514
1.24474
1.24474
1.22514
1.27646
1.27583
1.22455
1.24414
1.24414
1.22455
1.27583
1.27536
1.22413
1.24365
1.24365
1.22412
1.27536
1.27755
1.2263
1.24646
1.24646
1.2263
1.27755
1.26126
1.21011
1.22955
1.22955
1.21011
1.26126
)
;
    }
    inlet
    {
        type            calculated;
        value           nonuniform List<scalar> 
72
(
1.29773
1.2904
1.29293
1.29147
1.29224
1.29191
1.29191
1.29224
1.29147
1.29293
1.2904
1.29773
1.28485
1.2915
1.28811
1.28972
1.28889
1.28919
1.28919
1.28889
1.28972
1.28811
1.2915
1.28485
1.29004
1.2901
1.28997
1.29009
1.29001
1.29005
1.29005
1.29001
1.29009
1.28997
1.2901
1.29004
1.29004
1.2901
1.28997
1.29009
1.29001
1.29005
1.29005
1.29001
1.29009
1.28997
1.2901
1.29004
1.28485
1.2915
1.28811
1.28972
1.28889
1.28919
1.28919
1.28889
1.28972
1.28811
1.2915
1.28485
1.29773
1.2904
1.29293
1.29147
1.29224
1.29191
1.29191
1.29224
1.29147
1.29293
1.2904
1.29773
)
;
    }
    outlet
    {
        type            calculated;
        value           nonuniform List<scalar> 
72
(
1.25865
1.24839
1.25296
1.25801
1.26147
1.26275
1.26184
1.25875
1.25346
1.24611
1.238
1.24176
1.21148
1.23878
1.24636
1.25643
1.26064
1.26284
1.26199
1.25826
1.25304
1.2429
1.23698
1.21443
1.23042
1.23956
1.24774
1.25498
1.25908
1.26085
1.25998
1.25665
1.25155
1.24422
1.23721
1.23045
1.23042
1.23956
1.24774
1.25498
1.25908
1.26085
1.25998
1.25665
1.25155
1.24422
1.23721
1.23045
1.21148
1.23878
1.24636
1.25643
1.26064
1.26284
1.26199
1.25826
1.25304
1.2429
1.23699
1.21443
1.25865
1.24839
1.25296
1.25801
1.26147
1.26275
1.26184
1.25875
1.25346
1.24611
1.238
1.24176
)
;
    }
    frontAndBack
    {
        type            empty;
    }
}


// ************************************************************************* //
