/*--------------------------------*- C++ -*----------------------------------*\
  =========                 |
  \\      /  F ield         | OpenFOAM: The Open Source CFD Toolbox
   \\    /   O peration     | Website:  https://openfoam.org
    \\  /    A nd           | Version:  7
     \\/     M anipulation  |
\*---------------------------------------------------------------------------*/
FoamFile
{
    version     2.0;
    format      ascii;
    class       volScalarField;
    location    "0.4825";
    object      p;
}
// * * * * * * * * * * * * * * * * * * * * * * * * * * * * * * * * * * * * * //

dimensions      [1 -1 -2 0 0 0 0];

internalField   nonuniform List<scalar> 
13200
(
102017
102000
102008
101999
102005
101998
102003
101997
102001
101996
101999
101995
101998
101994
101997
101994
101995
101993
101994
101992
102002
101988
101995
101986
101993
101985
101990
101984
101989
101984
101987
101983
101986
101982
101984
101981
101983
101981
101982
101980
102009
101996
102002
101993
102000
101992
101997
101991
101996
101991
101994
101990
101993
101989
101991
101988
101990
101987
101989
101987
102001
101989
101996
101987
101993
101986
101991
101985
101989
101984
101988
101983
101986
101982
101985
101982
101984
101981
101982
101980
102007
101995
102001
101992
101999
101991
101996
101990
101995
101990
101993
101989
101992
101988
101990
101987
101989
101986
101988
101986
102001
101991
101997
101988
101994
101987
101992
101986
101990
101985
101989
101984
101987
101983
101986
101983
101985
101982
101983
101981
102005
101994
102001
101992
101998
101990
101995
101989
101994
101989
101992
101988
101991
101987
101989
101986
101988
101986
101987
101985
102002
101992
101998
101989
101995
101988
101993
101987
101991
101986
101989
101985
101988
101984
101987
101984
101986
101983
101984
101982
102004
101994
102000
101991
101997
101989
101995
101989
101993
101988
101991
101987
101990
101986
101989
101985
101987
101985
101986
101984
102003
101993
101999
101990
101996
101989
101994
101988
101992
101987
101990
101986
101989
101985
101988
101985
101986
101984
101985
101983
102003
101993
101999
101990
101996
101989
101994
101988
101992
101987
101990
101986
101989
101985
101988
101985
101986
101984
101985
101983
102004
101994
102000
101991
101997
101989
101995
101989
101993
101988
101991
101987
101990
101986
101989
101985
101987
101985
101986
101984
102002
101992
101998
101989
101995
101988
101993
101987
101991
101986
101989
101985
101988
101984
101987
101984
101986
101983
101984
101982
102005
101994
102001
101992
101998
101990
101995
101989
101994
101989
101992
101988
101991
101987
101989
101986
101988
101986
101987
101985
102001
101991
101997
101988
101994
101987
101992
101986
101990
101985
101989
101984
101987
101983
101986
101983
101985
101982
101983
101981
102007
101995
102001
101992
101999
101991
101996
101990
101995
101990
101993
101989
101992
101988
101990
101987
101989
101986
101988
101986
102001
101989
101996
101987
101993
101986
101991
101985
101989
101984
101988
101983
101986
101982
101985
101982
101984
101981
101982
101980
102009
101996
102002
101993
102000
101992
101997
101991
101996
101991
101994
101990
101993
101989
101991
101988
101990
101987
101989
101987
102002
101988
101995
101986
101993
101985
101990
101984
101989
101984
101987
101983
101986
101982
101984
101981
101983
101981
101982
101980
102017
102000
102008
101999
102005
101998
102003
101997
102001
101996
101999
101995
101998
101994
101997
101994
101995
101993
101994
101992
101984
101984
101980
101981
101979
101979
101978
101978
101977
101977
101976
101976
101975
101975
101975
101974
101974
101974
101974
101973
101995
101996
101992
101993
101990
101991
101990
101990
101989
101989
101988
101988
101987
101987
101987
101986
101986
101985
101986
101985
101985
101985
101981
101982
101980
101981
101979
101980
101979
101978
101978
101978
101977
101977
101977
101976
101976
101975
101975
101975
101993
101994
101990
101991
101989
101990
101988
101988
101987
101987
101987
101986
101986
101985
101985
101985
101985
101984
101984
101984
101986
101987
101983
101984
101982
101982
101981
101981
101980
101980
101979
101979
101979
101978
101978
101977
101977
101977
101977
101976
101992
101993
101989
101990
101988
101988
101987
101987
101986
101986
101985
101985
101985
101984
101984
101984
101984
101983
101983
101983
101987
101988
101984
101985
101983
101983
101982
101982
101981
101981
101980
101980
101980
101979
101979
101979
101979
101978
101978
101978
101990
101992
101988
101989
101987
101987
101986
101986
101985
101985
101984
101984
101983
101983
101983
101982
101982
101982
101982
101981
101988
101989
101986
101987
101984
101985
101983
101983
101982
101982
101982
101981
101981
101981
101980
101980
101980
101979
101979
101979
101989
101990
101987
101988
101985
101986
101984
101985
101984
101984
101983
101983
101982
101982
101982
101981
101981
101980
101981
101980
101989
101990
101987
101988
101985
101986
101984
101985
101984
101984
101983
101983
101982
101982
101982
101981
101981
101980
101981
101980
101988
101989
101986
101987
101984
101985
101983
101983
101982
101982
101982
101981
101981
101981
101980
101980
101980
101979
101979
101979
101990
101992
101988
101989
101987
101987
101986
101986
101985
101985
101984
101984
101983
101983
101983
101982
101982
101982
101982
101981
101987
101988
101984
101985
101983
101983
101982
101982
101981
101981
101980
101980
101980
101979
101979
101979
101979
101978
101978
101978
101992
101993
101989
101990
101988
101988
101987
101987
101986
101986
101985
101985
101985
101984
101984
101984
101984
101983
101983
101983
101986
101987
101983
101984
101982
101982
101981
101981
101980
101980
101979
101979
101979
101978
101978
101977
101977
101977
101977
101976
101993
101994
101990
101991
101989
101990
101988
101988
101987
101987
101987
101986
101986
101985
101985
101985
101985
101984
101984
101984
101985
101985
101981
101982
101980
101981
101979
101980
101979
101978
101978
101978
101977
101977
101977
101976
101976
101975
101975
101975
101995
101996
101992
101993
101990
101991
101990
101990
101989
101989
101988
101988
101987
101987
101987
101986
101986
101985
101986
101985
101984
101984
101980
101981
101979
101979
101978
101978
101977
101977
101976
101976
101975
101975
101975
101974
101974
101974
101974
101973
101977
101975
101974
101973
101973
101972
101972
101972
101971
101971
101971
101970
101970
101970
101969
101969
101969
101968
101968
101968
101977
101975
101974
101973
101973
101972
101972
101972
101971
101971
101971
101970
101970
101970
101969
101969
101969
101968
101968
101968
101977
101975
101974
101973
101973
101972
101972
101972
101971
101971
101971
101970
101970
101970
101969
101969
101969
101968
101968
101968
101976
101975
101974
101973
101973
101972
101972
101972
101971
101971
101971
101970
101970
101970
101969
101969
101969
101968
101968
101968
101976
101975
101974
101973
101973
101972
101972
101972
101971
101971
101971
101970
101970
101970
101969
101969
101969
101968
101968
101968
101976
101975
101974
101973
101973
101972
101972
101972
101971
101971
101971
101970
101970
101970
101969
101969
101969
101968
101968
101968
101976
101975
101974
101973
101973
101972
101972
101972
101971
101971
101971
101970
101970
101970
101969
101969
101969
101968
101968
101968
101976
101975
101974
101973
101973
101972
101972
101972
101971
101971
101971
101970
101970
101970
101969
101969
101969
101968
101968
101968
101976
101975
101974
101973
101973
101972
101972
101972
101971
101971
101971
101970
101970
101970
101969
101969
101969
101968
101968
101968
101976
101975
101974
101973
101973
101972
101972
101972
101971
101971
101971
101970
101970
101970
101969
101969
101969
101968
101968
101968
101976
101975
101974
101973
101973
101972
101972
101972
101971
101971
101971
101970
101970
101970
101969
101969
101969
101968
101968
101968
101976
101975
101974
101973
101973
101972
101972
101972
101971
101971
101971
101970
101970
101970
101969
101969
101969
101968
101968
101968
101976
101975
101974
101973
101973
101972
101972
101972
101971
101971
101971
101970
101970
101970
101969
101969
101969
101968
101968
101968
101976
101975
101974
101973
101973
101972
101972
101972
101971
101971
101971
101970
101970
101970
101969
101969
101969
101968
101968
101968
101976
101975
101974
101973
101973
101972
101972
101972
101971
101971
101971
101970
101970
101970
101969
101969
101969
101968
101968
101968
101976
101975
101974
101973
101973
101972
101972
101972
101971
101971
101971
101970
101970
101970
101969
101969
101969
101968
101968
101968
101976
101975
101974
101973
101973
101972
101972
101972
101971
101971
101971
101970
101970
101970
101969
101969
101969
101968
101968
101968
101977
101975
101974
101973
101973
101972
101972
101972
101971
101971
101971
101970
101970
101970
101969
101969
101969
101968
101968
101968
101977
101975
101974
101973
101973
101972
101972
101972
101971
101971
101971
101970
101970
101970
101969
101969
101969
101968
101968
101968
101977
101975
101974
101973
101973
101972
101972
101972
101971
101971
101971
101970
101970
101970
101969
101969
101969
101968
101968
101968
101977
101975
101974
101973
101973
101972
101972
101972
101971
101971
101971
101970
101970
101970
101969
101969
101969
101968
101968
101968
101977
101975
101974
101973
101973
101972
101972
101972
101971
101971
101971
101970
101970
101970
101969
101969
101969
101968
101968
101968
101977
101975
101974
101973
101973
101972
101972
101972
101971
101971
101971
101970
101970
101970
101969
101969
101969
101968
101968
101968
101976
101975
101974
101973
101973
101972
101972
101972
101971
101971
101971
101970
101970
101970
101969
101969
101969
101968
101968
101968
101976
101975
101974
101973
101973
101972
101972
101972
101971
101971
101971
101970
101970
101970
101969
101969
101969
101968
101968
101968
101976
101975
101974
101973
101973
101972
101972
101972
101971
101971
101971
101970
101970
101970
101969
101969
101969
101968
101968
101968
101976
101975
101974
101973
101973
101972
101972
101972
101971
101971
101971
101970
101970
101970
101969
101969
101969
101968
101968
101968
101976
101975
101974
101973
101973
101972
101972
101972
101971
101971
101971
101970
101970
101970
101969
101969
101969
101968
101968
101968
101976
101975
101974
101973
101973
101972
101972
101972
101971
101971
101971
101970
101970
101970
101969
101969
101969
101968
101968
101968
101976
101975
101974
101973
101973
101972
101972
101972
101971
101971
101971
101970
101970
101970
101969
101969
101969
101968
101968
101968
101976
101975
101974
101973
101973
101972
101972
101972
101971
101971
101971
101970
101970
101970
101969
101969
101969
101968
101968
101968
101976
101975
101974
101973
101973
101972
101972
101972
101971
101971
101971
101970
101970
101970
101969
101969
101969
101968
101968
101968
101976
101975
101974
101973
101973
101972
101972
101972
101971
101971
101971
101970
101970
101970
101969
101969
101969
101968
101968
101968
101976
101975
101974
101973
101973
101972
101972
101972
101971
101971
101971
101970
101970
101970
101969
101969
101969
101968
101968
101968
101976
101975
101974
101973
101973
101972
101972
101972
101971
101971
101971
101970
101970
101970
101969
101969
101969
101968
101968
101968
101976
101975
101974
101973
101973
101972
101972
101972
101971
101971
101971
101970
101970
101970
101969
101969
101969
101968
101968
101968
101976
101975
101974
101973
101973
101972
101972
101972
101971
101971
101971
101970
101970
101970
101969
101969
101969
101968
101968
101968
101977
101975
101974
101973
101973
101972
101972
101972
101971
101971
101971
101970
101970
101970
101969
101969
101969
101968
101968
101968
101977
101975
101974
101973
101973
101972
101972
101972
101971
101971
101971
101970
101970
101970
101969
101969
101969
101968
101968
101968
101977
101975
101974
101973
101973
101972
101972
101972
101971
101971
101971
101970
101970
101970
101969
101969
101969
101968
101968
101968
101984
101984
101980
101981
101979
101979
101978
101978
101977
101977
101976
101976
101975
101975
101975
101974
101974
101974
101974
101973
101995
101996
101992
101993
101990
101991
101990
101990
101989
101989
101988
101988
101987
101987
101987
101986
101986
101985
101986
101985
101985
101985
101981
101982
101980
101981
101979
101980
101979
101978
101978
101978
101977
101977
101977
101976
101976
101975
101975
101975
101993
101994
101990
101991
101989
101990
101988
101988
101987
101987
101987
101986
101986
101985
101985
101985
101985
101984
101984
101984
101986
101987
101983
101984
101982
101982
101981
101981
101980
101980
101979
101979
101979
101978
101978
101977
101977
101977
101977
101976
101992
101993
101989
101990
101988
101988
101987
101987
101986
101986
101985
101985
101985
101984
101984
101984
101984
101983
101983
101983
101987
101988
101984
101985
101983
101983
101982
101982
101981
101981
101980
101980
101980
101979
101979
101979
101979
101978
101978
101978
101990
101992
101988
101989
101987
101987
101986
101986
101985
101985
101984
101984
101983
101983
101983
101982
101982
101982
101982
101981
101988
101989
101986
101987
101984
101985
101983
101983
101982
101982
101982
101981
101981
101981
101980
101980
101980
101979
101979
101979
101989
101990
101987
101988
101985
101986
101984
101985
101984
101984
101983
101983
101982
101982
101982
101981
101981
101980
101981
101980
101989
101990
101987
101988
101985
101986
101984
101985
101984
101984
101983
101983
101982
101982
101982
101981
101981
101980
101981
101980
101988
101989
101986
101987
101984
101985
101983
101983
101982
101982
101982
101981
101981
101981
101980
101980
101980
101979
101979
101979
101990
101992
101988
101989
101987
101987
101986
101986
101985
101985
101984
101984
101983
101983
101983
101982
101982
101982
101982
101981
101987
101988
101984
101985
101983
101983
101982
101982
101981
101981
101980
101980
101980
101979
101979
101979
101979
101978
101978
101978
101992
101993
101989
101990
101988
101988
101987
101987
101986
101986
101985
101985
101985
101984
101984
101984
101984
101983
101983
101983
101986
101987
101983
101984
101982
101982
101981
101981
101980
101980
101979
101979
101979
101978
101978
101977
101977
101977
101977
101976
101993
101994
101990
101991
101989
101990
101988
101988
101987
101987
101987
101986
101986
101985
101985
101985
101985
101984
101984
101984
101985
101985
101981
101982
101980
101981
101979
101980
101979
101978
101978
101978
101977
101977
101977
101976
101976
101975
101975
101975
101995
101996
101992
101993
101990
101991
101990
101990
101989
101989
101988
101988
101987
101987
101987
101986
101986
101985
101986
101985
101984
101984
101980
101981
101979
101979
101978
101978
101977
101977
101976
101976
101975
101975
101975
101974
101974
101974
101974
101973
102017
102000
102008
101999
102005
101998
102003
101997
102001
101996
101999
101995
101998
101994
101997
101994
101995
101993
101994
101992
102002
101988
101995
101986
101993
101985
101990
101984
101989
101984
101987
101983
101986
101982
101984
101981
101983
101981
101982
101980
102009
101996
102002
101993
102000
101992
101997
101991
101996
101991
101994
101990
101993
101989
101991
101988
101990
101987
101989
101987
102001
101989
101996
101987
101993
101986
101991
101985
101989
101984
101988
101983
101986
101982
101985
101982
101984
101981
101982
101980
102007
101995
102001
101992
101999
101991
101996
101990
101995
101990
101993
101989
101992
101988
101990
101987
101989
101986
101988
101986
102001
101991
101997
101988
101994
101987
101992
101986
101990
101985
101989
101984
101987
101983
101986
101983
101985
101982
101983
101981
102005
101994
102001
101992
101998
101990
101995
101989
101994
101989
101992
101988
101991
101987
101989
101986
101988
101986
101987
101985
102002
101992
101998
101989
101995
101988
101993
101987
101991
101986
101989
101985
101988
101984
101987
101984
101986
101983
101984
101982
102004
101994
102000
101991
101997
101989
101995
101989
101993
101988
101991
101987
101990
101986
101989
101985
101987
101985
101986
101984
102003
101993
101999
101990
101996
101989
101994
101988
101992
101987
101990
101986
101989
101985
101988
101985
101986
101984
101985
101983
102003
101993
101999
101990
101996
101989
101994
101988
101992
101987
101990
101986
101989
101985
101988
101985
101986
101984
101985
101983
102004
101994
102000
101991
101997
101989
101995
101989
101993
101988
101991
101987
101990
101986
101989
101985
101987
101985
101986
101984
102002
101992
101998
101989
101995
101988
101993
101987
101991
101986
101989
101985
101988
101984
101987
101984
101986
101983
101984
101982
102005
101994
102001
101992
101998
101990
101995
101989
101994
101989
101992
101988
101991
101987
101989
101986
101988
101986
101987
101985
102001
101991
101997
101988
101994
101987
101992
101986
101990
101985
101989
101984
101987
101983
101986
101983
101985
101982
101983
101981
102007
101995
102001
101992
101999
101991
101996
101990
101995
101990
101993
101989
101992
101988
101990
101987
101989
101986
101988
101986
102001
101989
101996
101987
101993
101986
101991
101985
101989
101984
101988
101983
101986
101982
101985
101982
101984
101981
101982
101980
102009
101996
102002
101993
102000
101992
101997
101991
101996
101991
101994
101990
101993
101989
101991
101988
101990
101987
101989
101987
102002
101988
101995
101986
101993
101985
101990
101984
101989
101984
101987
101983
101986
101982
101984
101981
101983
101981
101982
101980
102017
102000
102008
101999
102005
101998
102003
101997
102001
101996
101999
101995
101998
101994
101997
101994
101995
101993
101994
101992
102012
102000
102003
101992
101994
101984
101985
101975
101975
101966
101964
101954
101951
101940
101934
101922
101914
101899
101888
101870
101855
101833
101814
101788
101764
101733
101705
101669
101636
101596
101559
101517
101478
101434
101394
101351
101311
101270
101232
101194
101159
101124
101093
101061
101032
101003
100976
100947
100920
100892
100866
100839
100813
100786
100760
100734
100710
100685
100662
100639
100617
100596
100575
100554
100533
100512
100491
100470
100449
100428
100408
100389
100370
100351
100333
100314
100295
100276
100258
100238
100220
100201
100183
100166
100148
100130
100112
100095
100077
100058
101981
101968
101971
101960
101962
101952
101953
101943
101943
101934
101932
101922
101919
101907
101902
101889
101882
101867
101856
101838
101823
101801
101782
101756
101732
101701
101673
101637
101604
101565
101527
101485
101446
101402
101362
101319
101279
101238
101200
101162
101127
101092
101061
101029
101001
100971
100944
100915
100889
100861
100835
100807
100781
100754
100729
100703
100678
100654
100630
100607
100586
100564
100543
100522
100502
100480
100460
100438
100418
100397
100377
100357
100338
100320
100301
100282
100264
100245
100226
100207
100188
100170
100152
100134
100116
100099
100081
100063
100045
100027
101998
101986
101989
101978
101980
101970
101971
101961
101961
101952
101950
101940
101937
101925
101920
101907
101900
101885
101874
101856
101841
101819
101800
101774
101750
101719
101690
101655
101622
101582
101545
101503
101464
101420
101380
101337
101297
101256
101218
101180
101145
101110
101079
101047
101019
100989
100962
100933
100907
100878
100852
100825
100799
100772
100747
100721
100696
100671
100648
100625
100604
100582
100561
100540
100520
100498
100478
100456
100435
100415
100395
100375
100356
100337
100319
100300
100282
100262
100244
100225
100206
100188
100169
100152
100134
100117
100099
100081
100063
100045
101982
101969
101972
101961
101963
101953
101953
101944
101944
101934
101933
101923
101919
101908
101903
101890
101883
101868
101857
101838
101824
101802
101783
101756
101733
101702
101673
101638
101605
101565
101528
101486
101446
101403
101363
101320
101280
101239
101201
101163
101128
101093
101062
101030
101002
100972
100945
100916
100890
100862
100835
100808
100782
100755
100730
100704
100679
100654
100631
100608
100587
100565
100544
100523
100503
100481
100461
100439
100418
100398
100378
100358
100339
100320
100302
100283
100265
100246
100227
100208
100189
100171
100153
100135
100117
100100
100082
100064
100046
100028
101994
101982
101985
101974
101976
101966
101967
101957
101957
101948
101946
101936
101933
101922
101916
101904
101896
101881
101870
101852
101837
101815
101796
101770
101746
101715
101687
101651
101618
101579
101542
101499
101460
101416
101376
101333
101293
101252
101214
101176
101141
101107
101075
101044
101015
100985
100958
100929
100903
100875
100849
100821
100795
100768
100743
100717
100692
100668
100644
100621
100600
100578
100558
100536
100516
100495
100474
100452
100432
100411
100391
100371
100352
100334
100315
100296
100278
100259
100240
100221
100203
100184
100166
100148
100130
100113
100095
100077
100059
100041
101984
101971
101974
101963
101965
101955
101956
101946
101946
101937
101935
101925
101922
101911
101905
101893
101885
101870
101859
101841
101826
101804
101785
101759
101735
101704
101676
101640
101607
101568
101531
101488
101449
101405
101365
101322
101282
101241
101203
101165
101130
101096
101064
101033
101004
100974
100947
100918
100892
100864
100838
100810
100784
100757
100732
100706
100681
100657
100634
100611
100589
100567
100547
100525
100505
100484
100463
100442
100421
100400
100380
100360
100341
100323
100304
100285
100267
100248
100229
100210
100192
100173
100155
100137
100119
100102
100084
100066
100049
100030
101992
101980
101983
101972
101974
101964
101965
101955
101955
101946
101944
101934
101931
101919
101914
101901
101894
101879
101868
101849
101835
101813
101794
101768
101744
101713
101684
101649
101616
101576
101539
101497
101457
101414
101374
101331
101291
101250
101212
101174
101139
101104
101073
101041
101013
100983
100956
100927
100901
100872
100846
100819
100793
100766
100741
100715
100690
100665
100642
100619
100598
100576
100555
100534
100514
100492
100472
100450
100429
100409
100389
100369
100350
100331
100313
100294
100276
100256
100238
100219
100200
100182
100164
100146
100128
100111
100093
100075
100057
100039
101986
101973
101976
101965
101967
101957
101958
101949
101949
101939
101938
101927
101924
101913
101908
101895
101887
101872
101861
101843
101828
101806
101787
101761
101737
101707
101678
101643
101609
101570
101533
101491
101451
101408
101367
101324
101285
101243
101206
101167
101133
101098
101067
101035
101006
100977
100949
100921
100894
100866
100840
100812
100787
100760
100734
100708
100684
100659
100636
100613
100591
100569
100549
100528
100507
100486
100465
100444
100423
100402
100382
100363
100344
100325
100306
100288
100269
100250
100232
100212
100194
100175
100157
100140
100122
100104
100086
100069
100051
100032
101990
101978
101981
101970
101972
101962
101962
101953
101953
101943
101942
101932
101928
101917
101912
101899
101892
101876
101866
101847
101833
101811
101792
101765
101742
101711
101682
101647
101614
101574
101537
101495
101455
101412
101372
101329
101289
101248
101210
101172
101137
101102
101071
101039
101010
100981
100954
100925
100898
100870
100844
100817
100791
100764
100738
100713
100688
100663
100640
100617
100595
100574
100553
100532
100512
100490
100469
100448
100427
100407
100387
100367
100348
100329
100311
100292
100274
100254
100236
100217
100198
100180
100161
100144
100126
100109
100091
100073
100055
100037
101988
101976
101978
101967
101969
101959
101960
101951
101951
101941
101940
101929
101926
101915
101910
101897
101889
101874
101863
101845
101830
101808
101789
101763
101739
101709
101680
101645
101611
101572
101535
101493
101453
101410
101369
101326
101287
101245
101208
101169
101135
101100
101069
101037
101008
100979
100951
100923
100896
100868
100842
100814
100789
100762
100736
100710
100686
100661
100638
100615
100593
100572
100551
100530
100509
100488
100467
100446
100425
100404
100384
100365
100346
100327
100308
100290
100271
100252
100234
100214
100196
100177
100159
100142
100124
100106
100089
100071
100053
100034
101988
101976
101978
101968
101969
101960
101960
101951
101951
101941
101940
101930
101926
101915
101910
101897
101890
101874
101864
101845
101831
101809
101790
101763
101740
101709
101680
101645
101612
101572
101535
101493
101453
101410
101370
101327
101287
101246
101208
101170
101135
101100
101069
101037
101008
100979
100952
100923
100896
100868
100842
100815
100789
100762
100736
100710
100686
100661
100638
100615
100593
100572
100551
100530
100510
100488
100467
100446
100425
100405
100385
100365
100346
100327
100309
100290
100271
100252
100234
100215
100196
100178
100159
100142
100124
100107
100089
100071
100053
100035
101990
101978
101980
101970
101971
101961
101962
101953
101953
101943
101942
101932
101928
101917
101912
101899
101891
101876
101865
101847
101832
101810
101791
101765
101742
101711
101682
101647
101613
101574
101537
101495
101455
101412
101371
101328
101289
101247
101210
101171
101137
101102
101071
101039
101010
100981
100953
100925
100898
100870
100844
100817
100791
100764
100738
100712
100688
100663
100640
100617
100595
100574
100553
100532
100511
100490
100469
100448
100427
100406
100386
100367
100348
100329
100311
100292
100273
100254
100236
100216
100198
100179
100161
100144
100126
100108
100091
100073
100055
100036
101986
101974
101976
101965
101967
101957
101958
101949
101949
101939
101938
101928
101924
101913
101908
101895
101887
101872
101861
101843
101829
101807
101787
101761
101738
101707
101678
101643
101609
101570
101533
101491
101451
101408
101367
101324
101285
101243
101206
101167
101133
101098
101067
101035
101006
100977
100949
100921
100894
100866
100840
100813
100787
100760
100734
100708
100684
100659
100636
100613
100591
100570
100549
100528
100507
100486
100465
100444
100423
100402
100382
100363
100344
100325
100307
100288
100269
100250
100232
100212
100194
100175
100157
100140
100122
100104
100087
100069
100051
100032
101992
101980
101983
101972
101973
101964
101964
101955
101955
101945
101944
101934
101930
101919
101914
101901
101894
101878
101868
101849
101835
101813
101794
101767
101744
101713
101684
101649
101615
101576
101539
101497
101457
101414
101374
101331
101291
101250
101212
101173
101139
101104
101073
101041
101012
100983
100955
100927
100900
100872
100846
100819
100793
100766
100740
100714
100690
100665
100642
100619
100597
100576
100555
100534
100513
100492
100471
100450
100429
100409
100388
100369
100350
100331
100313
100294
100275
100256
100238
100219
100200
100182
100163
100146
100128
100110
100093
100075
100057
100038
101984
101971
101974
101963
101965
101955
101956
101947
101946
101937
101935
101925
101922
101911
101906
101893
101885
101870
101859
101841
101826
101804
101785
101759
101735
101705
101676
101641
101607
101568
101531
101489
101449
101406
101365
101322
101282
101241
101204
101165
101131
101096
101064
101033
101004
100974
100947
100919
100892
100864
100838
100810
100784
100758
100732
100706
100682
100657
100634
100611
100589
100567
100547
100526
100505
100484
100463
100442
100421
100400
100380
100361
100342
100323
100304
100286
100267
100248
100229
100210
100192
100173
100155
100137
100120
100102
100084
100067
100049
100030
101994
101982
101985
101974
101976
101966
101967
101957
101957
101948
101946
101936
101933
101921
101916
101903
101896
101881
101870
101852
101837
101815
101796
101770
101746
101715
101686
101651
101618
101578
101541
101499
101460
101416
101376
101333
101293
101252
101214
101176
101141
101106
101075
101043
101015
100985
100958
100929
100903
100875
100848
100821
100795
100768
100743
100717
100692
100668
100644
100621
100600
100578
100557
100536
100516
100494
100474
100452
100432
100411
100391
100371
100352
100333
100315
100296
100278
100259
100240
100221
100202
100184
100166
100148
100130
100113
100095
100077
100059
100041
101982
101969
101972
101961
101963
101953
101954
101944
101944
101935
101933
101923
101920
101908
101903
101890
101883
101868
101857
101839
101824
101802
101783
101757
101733
101702
101674
101638
101605
101566
101528
101486
101447
101403
101363
101320
101280
101239
101201
101163
101128
101093
101062
101030
101002
100972
100945
100916
100890
100862
100836
100808
100782
100755
100730
100704
100679
100655
100631
100608
100587
100565
100545
100523
100503
100481
100461
100439
100419
100398
100378
100358
100339
100321
100302
100283
100265
100246
100227
100208
100189
100171
100153
100135
100117
100100
100082
100064
100046
100028
101998
101986
101989
101978
101979
101969
101970
101961
101961
101951
101950
101940
101936
101925
101920
101907
101900
101884
101874
101855
101841
101819
101800
101773
101750
101719
101690
101655
101621
101582
101545
101503
101463
101420
101380
101336
101297
101255
101218
101179
101145
101110
101079
101047
101018
100989
100961
100933
100906
100878
100852
100825
100799
100772
100746
100720
100696
100671
100648
100625
100603
100582
100561
100540
100519
100498
100477
100456
100435
100414
100394
100375
100356
100337
100318
100300
100281
100262
100244
100224
100206
100187
100169
100152
100134
100116
100099
100081
100063
100044
101981
101968
101971
101960
101962
101952
101953
101944
101943
101934
101932
101922
101919
101908
101903
101890
101882
101867
101856
101838
101823
101801
101782
101756
101732
101701
101673
101637
101604
101565
101528
101486
101446
101403
101362
101319
101279
101238
101200
101162
101127
101093
101061
101030
101001
100971
100944
100916
100889
100861
100835
100807
100781
100754
100729
100703
100678
100654
100631
100608
100586
100564
100544
100522
100502
100481
100460
100439
100418
100397
100377
100358
100338
100320
100301
100282
100264
100245
100226
100207
100189
100170
100152
100134
100116
100099
100081
100063
100046
100027
102012
101999
102002
101991
101993
101983
101984
101975
101975
101965
101964
101953
101950
101939
101934
101921
101913
101898
101887
101869
101854
101832
101813
101787
101763
101733
101704
101669
101635
101596
101559
101517
101477
101434
101393
101350
101311
101269
101232
101193
101159
101124
101092
101061
101032
101002
100975
100947
100920
100892
100866
100838
100812
100785
100760
100734
100709
100685
100662
100639
100617
100595
100575
100553
100533
100512
100491
100469
100449
100428
100408
100388
100369
100351
100332
100313
100295
100276
100257
100238
100219
100201
100183
100165
100147
100130
100112
100094
100076
100058
101960
101953
101953
101946
101947
101939
101939
101932
101931
101923
101921
101912
101909
101898
101893
101881
101873
101858
101847
101829
101815
101793
101774
101748
101724
101693
101665
101630
101596
101557
101520
101478
101438
101395
101354
101311
101272
101230
101193
101154
101120
101085
101054
101022
100993
100964
100937
100908
100882
100854
100828
100800
100774
100747
100722
100696
100671
100647
100624
100601
100579
100557
100537
100516
100495
100474
100453
100432
100411
100390
100370
100351
100332
100313
100295
100276
100258
100238
100220
100201
100182
100164
100145
100128
100110
100092
100074
100057
100038
100020
101991
101984
101985
101978
101978
101971
101971
101964
101963
101955
101953
101944
101940
101930
101925
101912
101905
101890
101879
101861
101846
101825
101806
101780
101756
101725
101697
101661
101628
101589
101551
101509
101470
101426
101386
101343
101303
101262
101224
101186
101151
101116
101085
101054
101025
100995
100968
100940
100913
100885
100859
100831
100806
100779
100753
100727
100703
100678
100655
100632
100610
100589
100568
100547
100527
100505
100485
100463
100442
100422
100402
100382
100363
100344
100326
100307
100289
100270
100251
100232
100213
100195
100176
100159
100141
100124
100105
100088
100069
100051
101965
101958
101959
101951
101952
101944
101944
101937
101936
101928
101926
101917
101914
101903
101898
101886
101878
101863
101853
101835
101820
101798
101779
101753
101729
101699
101670
101635
101601
101562
101525
101483
101443
101400
101359
101316
101277
101235
101198
101159
101125
101090
101059
101027
100999
100969
100942
100913
100887
100859
100833
100805
100779
100752
100727
100701
100677
100652
100629
100606
100584
100563
100542
100521
100500
100479
100458
100437
100416
100396
100376
100356
100337
100318
100300
100281
100263
100244
100225
100206
100187
100169
100150
100133
100115
100098
100079
100062
100043
100025
101987
101980
101981
101974
101974
101967
101967
101960
101959
101951
101949
101940
101936
101926
101921
101908
101901
101886
101875
101857
101842
101821
101802
101776
101752
101721
101693
101657
101624
101585
101547
101505
101466
101422
101382
101339
101299
101258
101220
101182
101147
101113
101081
101050
101021
100991
100964
100936
100909
100881
100855
100828
100802
100775
100749
100723
100699
100674
100651
100628
100607
100585
100564
100543
100523
100501
100481
100459
100439
100418
100398
100378
100359
100340
100322
100303
100285
100266
100247
100228
100209
100191
100173
100155
100137
100120
100102
100084
100065
100047
101969
101962
101962
101955
101956
101948
101948
101941
101940
101932
101930
101921
101918
101907
101902
101890
101882
101867
101856
101838
101824
101802
101783
101757
101733
101702
101674
101638
101605
101566
101529
101487
101447
101404
101363
101320
101280
101239
101202
101163
101129
101094
101063
101031
101002
100973
100946
100917
100891
100863
100836
100809
100783
100756
100731
100705
100680
100656
100633
100610
100588
100566
100546
100525
100504
100483
100462
100441
100420
100399
100379
100360
100341
100322
100304
100285
100266
100247
100229
100210
100191
100173
100154
100137
100119
100101
100083
100065
100047
100029
101984
101977
101978
101970
101971
101963
101964
101956
101955
101947
101945
101936
101933
101922
101917
101905
101897
101883
101872
101854
101839
101817
101798
101772
101748
101718
101689
101654
101620
101581
101544
101502
101462
101419
101378
101335
101296
101254
101217
101178
101144
101109
101078
101046
101018
100988
100961
100932
100906
100878
100852
100824
100798
100771
100746
100720
100695
100671
100648
100625
100603
100581
100561
100540
100519
100498
100477
100456
100435
100414
100394
100375
100356
100337
100319
100300
100281
100262
100244
100225
100206
100187
100169
100152
100134
100116
100098
100080
100062
100043
101973
101965
101966
101958
101959
101951
101952
101944
101943
101935
101933
101924
101921
101910
101905
101893
101885
101871
101860
101842
101827
101805
101786
101760
101736
101706
101677
101642
101608
101569
101532
101490
101450
101407
101366
101323
101284
101242
101205
101166
101132
101097
101066
101034
101006
100976
100949
100920
100894
100866
100840
100812
100786
100759
100734
100708
100684
100659
100636
100613
100591
100570
100549
100528
100507
100486
100465
100444
100423
100403
100383
100363
100344
100325
100307
100288
100270
100251
100232
100213
100194
100176
100157
100140
100122
100105
100086
100069
100050
100032
101981
101974
101974
101967
101968
101960
101961
101953
101952
101944
101942
101933
101930
101919
101914
101902
101894
101879
101869
101851
101836
101814
101795
101769
101745
101715
101686
101651
101617
101578
101541
101499
101459
101416
101375
101332
101293
101251
101214
101175
101141
101106
101075
101043
101014
100985
100958
100929
100903
100875
100849
100821
100795
100768
100743
100717
100692
100668
100645
100622
100600
100578
100558
100537
100516
100495
100474
100453
100432
100411
100391
100372
100353
100334
100316
100297
100278
100259
100241
100221
100203
100184
100166
100149
100130
100113
100095
100077
100059
100040
101975
101968
101969
101961
101962
101954
101955
101947
101946
101938
101936
101927
101924
101913
101908
101896
101888
101873
101863
101845
101830
101808
101789
101763
101739
101709
101680
101645
101611
101572
101535
101493
101453
101410
101369
101326
101287
101245
101208
101169
101135
101100
101069
101037
101009
100979
100952
100923
100897
100869
100843
100815
100789
100762
100737
100711
100687
100662
100639
100616
100594
100572
100552
100531
100510
100489
100468
100447
100426
100406
100385
100366
100347
100328
100310
100291
100273
100253
100235
100216
100197
100179
100160
100143
100125
100107
100089
100071
100053
100035
101978
101971
101972
101964
101965
101957
101958
101950
101949
101941
101939
101930
101927
101916
101911
101899
101891
101877
101866
101848
101833
101811
101792
101766
101742
101712
101683
101648
101614
101575
101538
101496
101456
101413
101372
101329
101290
101248
101211
101172
101138
101103
101072
101040
101012
100982
100955
100926
100900
100872
100846
100818
100792
100765
100740
100714
100690
100665
100642
100619
100597
100575
100555
100534
100513
100492
100471
100450
100429
100409
100388
100369
100350
100331
100313
100294
100276
100256
100238
100219
100200
100182
100163
100146
100128
100110
100092
100074
100056
100038
101978
101971
101971
101964
101965
101957
101957
101950
101949
101941
101939
101930
101927
101916
101911
101899
101891
101876
101865
101848
101833
101811
101792
101766
101742
101711
101683
101648
101614
101575
101538
101496
101456
101413
101372
101329
101289
101248
101211
101172
101138
101103
101072
101040
101011
100982
100955
100926
100900
100872
100845
100818
100792
100765
100740
100714
100689
100665
100642
100619
100597
100575
100555
100534
100513
100492
100471
100450
100429
100408
100388
100369
100350
100331
100312
100294
100275
100256
100238
100218
100200
100181
100163
100146
100127
100110
100092
100074
100056
100037
101975
101968
101969
101961
101962
101955
101955
101947
101947
101938
101937
101927
101924
101914
101908
101896
101888
101874
101863
101845
101830
101808
101789
101763
101740
101709
101680
101645
101612
101572
101535
101493
101453
101410
101370
101327
101287
101246
101208
101170
101135
101100
101069
101037
101009
100979
100952
100923
100897
100869
100843
100815
100789
100763
100737
100711
100687
100662
100639
100616
100594
100573
100552
100531
100511
100489
100469
100447
100426
100406
100386
100366
100347
100328
100310
100291
100273
100254
100235
100216
100197
100179
100161
100143
100125
100108
100089
100072
100053
100035
101981
101973
101974
101967
101968
101960
101960
101953
101952
101944
101942
101933
101930
101919
101914
101902
101894
101879
101868
101850
101836
101814
101795
101769
101745
101714
101686
101650
101617
101578
101541
101498
101459
101415
101375
101332
101292
101251
101213
101175
101141
101106
101074
101043
101014
100985
100957
100929
100902
100874
100848
100821
100795
100768
100743
100717
100692
100668
100644
100621
100600
100578
100558
100536
100516
100495
100474
100453
100432
100411
100391
100372
100352
100334
100315
100297
100278
100259
100240
100221
100203
100184
100166
100148
100130
100113
100095
100077
100059
100040
101973
101965
101966
101959
101959
101952
101952
101944
101944
101935
101934
101924
101921
101911
101905
101893
101885
101871
101860
101842
101827
101805
101786
101760
101737
101706
101677
101642
101609
101569
101532
101490
101450
101407
101367
101324
101284
101243
101205
101167
101132
101097
101066
101035
101006
100976
100949
100921
100894
100866
100840
100812
100787
100760
100734
100708
100684
100659
100636
100613
100591
100570
100549
100528
100508
100486
100466
100444
100424
100403
100383
100363
100344
100325
100307
100288
100270
100251
100232
100213
100194
100176
100158
100140
100122
100105
100087
100069
100051
100032
101984
101977
101977
101970
101971
101963
101963
101956
101955
101947
101945
101936
101933
101922
101917
101905
101897
101882
101871
101853
101839
101817
101798
101772
101748
101717
101689
101653
101620
101581
101544
101501
101462
101419
101378
101335
101295
101254
101216
101178
101144
101109
101078
101046
101017
100988
100961
100932
100905
100877
100851
100824
100798
100771
100746
100720
100695
100671
100647
100624
100603
100581
100561
100539
100519
100498
100477
100456
100435
100414
100394
100375
100355
100337
100318
100300
100281
100262
100243
100224
100206
100187
100169
100151
100133
100116
100098
100080
100062
100043
101970
101962
101963
101955
101956
101948
101949
101941
101940
101932
101930
101921
101918
101907
101902
101890
101882
101867
101857
101839
101824
101802
101783
101757
101733
101703
101674
101639
101605
101566
101529
101487
101447
101404
101363
101320
101281
101239
101202
101163
101129
101094
101063
101031
101003
100973
100946
100917
100891
100863
100837
100809
100783
100756
100731
100705
100681
100656
100633
100610
100588
100567
100546
100525
100504
100483
100462
100441
100420
100400
100380
100360
100341
100322
100304
100285
100267
100248
100229
100210
100191
100173
100154
100137
100119
100102
100083
100066
100047
100029
101987
101980
101981
101973
101974
101967
101967
101959
101959
101950
101949
101939
101936
101926
101920
101908
101900
101886
101875
101857
101842
101820
101801
101775
101752
101721
101692
101657
101624
101584
101547
101505
101465
101422
101381
101338
101299
101258
101220
101182
101147
101112
101081
101049
101021
100991
100964
100935
100909
100881
100855
100827
100801
100774
100749
100723
100699
100674
100651
100628
100606
100584
100564
100543
100522
100501
100480
100459
100438
100417
100397
100378
100359
100340
100322
100303
100285
100265
100247
100228
100209
100191
100172
100155
100137
100119
100101
100083
100065
100047
101966
101958
101959
101951
101952
101945
101945
101937
101936
101928
101927
101917
101914
101904
101898
101886
101878
101864
101853
101835
101820
101798
101779
101753
101730
101699
101670
101635
101602
101562
101525
101483
101443
101400
101360
101317
101277
101236
101198
101160
101125
101090
101059
101028
100999
100969
100942
100914
100887
100859
100833
100805
100780
100753
100727
100701
100677
100652
100629
100606
100584
100563
100542
100521
100501
100479
100459
100437
100417
100396
100376
100356
100337
100319
100300
100281
100263
100244
100225
100206
100187
100169
100151
100133
100115
100098
100080
100062
100044
100025
101991
101984
101985
101977
101978
101971
101971
101963
101962
101954
101952
101943
101940
101929
101924
101912
101904
101890
101879
101861
101846
101824
101805
101779
101755
101725
101696
101661
101627
101588
101551
101509
101469
101426
101385
101342
101303
101261
101224
101185
101151
101116
101085
101053
101025
100995
100968
100939
100913
100885
100858
100831
100805
100778
100753
100727
100702
100678
100655
100632
100610
100588
100568
100547
100526
100505
100484
100463
100442
100421
100401
100382
100363
100344
100325
100307
100288
100269
100251
100231
100213
100194
100176
100158
100140
100123
100105
100087
100069
100050
101960
101953
101954
101946
101947
101939
101940
101932
101931
101923
101921
101912
101909
101898
101893
101881
101873
101859
101848
101830
101815
101793
101774
101748
101724
101694
101665
101630
101596
101557
101520
101478
101438
101395
101355
101312
101272
101231
101193
101155
101120
101085
101054
101022
100994
100964
100937
100908
100882
100854
100828
100800
100774
100748
100722
100696
100672
100647
100624
100601
100579
100558
100537
100516
100496
100474
100454
100432
100411
100391
100371
100351
100332
100313
100295
100276
100258
100239
100220
100201
100182
100164
100146
100128
100110
100093
100075
100057
100039
100020
101967
101962
101962
101956
101956
101950
101949
101943
101942
101935
101933
101925
101921
101911
101906
101894
101887
101873
101862
101844
101829
101808
101789
101763
101739
101709
101680
101645
101611
101572
101535
101493
101453
101410
101369
101326
101287
101246
101208
101170
101135
101100
101069
101038
101009
100979
100952
100924
100897
100869
100843
100816
100790
100763
100738
100712
100687
100663
100640
100617
100595
100573
100553
100532
100511
100490
100469
100448
100427
100407
100387
100367
100348
100329
100311
100292
100274
100254
100236
100217
100198
100180
100161
100144
100126
100108
100090
100073
100055
100036
101967
101962
101962
101956
101956
101950
101949
101943
101942
101935
101933
101925
101921
101912
101906
101895
101887
101873
101862
101844
101829
101808
101789
101763
101739
101709
101680
101645
101611
101572
101535
101493
101453
101410
101370
101327
101287
101246
101208
101170
101135
101100
101069
101038
101009
100980
100952
100924
100897
100869
100843
100816
100790
100763
100738
100712
100687
100663
100640
100617
100595
100573
100553
100532
100511
100490
100469
100448
100427
100407
100387
100367
100348
100329
100311
100292
100274
100255
100236
100217
100198
100180
100161
100144
100126
100109
100090
100073
100055
100036
101967
101962
101962
101956
101956
101950
101949
101943
101942
101935
101933
101925
101921
101911
101906
101894
101887
101872
101862
101844
101829
101808
101789
101763
101739
101709
101680
101645
101611
101572
101535
101493
101453
101410
101369
101326
101287
101246
101208
101170
101135
101100
101069
101038
101009
100979
100952
100924
100897
100869
100843
100816
100790
100763
100738
100712
100687
100663
100640
100617
100595
100573
100553
100532
100511
100490
100469
100448
100427
100407
100386
100367
100348
100329
100311
100292
100274
100254
100236
100217
100198
100180
100161
100144
100126
100108
100090
100073
100055
100036
101967
101962
101962
101956
101956
101950
101949
101943
101942
101935
101933
101925
101921
101912
101906
101895
101887
101873
101862
101844
101829
101808
101789
101763
101739
101709
101680
101645
101611
101572
101535
101493
101453
101410
101370
101327
101287
101246
101208
101170
101135
101100
101069
101038
101009
100980
100952
100924
100897
100869
100843
100816
100790
100763
100738
100712
100687
100663
100640
100617
100595
100573
100553
100532
100511
100490
100469
100448
100427
100407
100387
100367
100348
100329
100311
100292
100274
100255
100236
100217
100198
100180
100161
100144
100126
100109
100090
100073
100055
100036
101967
101962
101962
101956
101956
101950
101949
101943
101942
101935
101933
101925
101921
101911
101906
101894
101887
101872
101862
101844
101829
101808
101789
101763
101739
101709
101680
101645
101611
101572
101535
101493
101453
101410
101369
101326
101287
101245
101208
101170
101135
101100
101069
101038
101009
100979
100952
100924
100897
100869
100843
100816
100790
100763
100738
100712
100687
100663
100640
100617
100595
100573
100553
100532
100511
100490
100469
100448
100427
100407
100386
100367
100348
100329
100311
100292
100274
100254
100236
100217
100198
100180
100161
100144
100126
100108
100090
100073
100055
100036
101967
101962
101962
101956
101956
101950
101949
101943
101942
101935
101933
101925
101921
101912
101906
101894
101887
101873
101862
101844
101829
101808
101789
101763
101739
101709
101680
101645
101611
101572
101535
101493
101453
101410
101370
101327
101287
101246
101208
101170
101135
101100
101069
101038
101009
100979
100952
100924
100897
100869
100843
100816
100790
100763
100738
100712
100687
100663
100640
100617
100595
100573
100553
100532
100511
100490
100469
100448
100427
100407
100387
100367
100348
100329
100311
100292
100274
100255
100236
100217
100198
100180
100161
100144
100126
100109
100090
100073
100055
100036
101967
101962
101962
101956
101956
101950
101949
101943
101942
101935
101933
101925
101921
101911
101906
101894
101887
101872
101862
101844
101829
101808
101789
101763
101739
101709
101680
101645
101611
101572
101535
101493
101453
101410
101369
101326
101287
101245
101208
101170
101135
101100
101069
101038
101009
100979
100952
100924
100897
100869
100843
100816
100790
100763
100738
100712
100687
100663
100640
100617
100595
100573
100553
100532
100511
100490
100469
100448
100427
100407
100386
100367
100348
100329
100311
100292
100274
100254
100236
100217
100198
100180
100161
100144
100126
100108
100090
100073
100055
100036
101967
101962
101962
101956
101956
101950
101949
101943
101942
101935
101933
101925
101921
101911
101906
101894
101887
101873
101862
101844
101829
101808
101789
101763
101739
101709
101680
101645
101611
101572
101535
101493
101453
101410
101369
101326
101287
101246
101208
101170
101135
101100
101069
101038
101009
100979
100952
100924
100897
100869
100843
100816
100790
100763
100738
100712
100687
100663
100640
100617
100595
100573
100553
100532
100511
100490
100469
100448
100427
100407
100387
100367
100348
100329
100311
100292
100274
100254
100236
100217
100198
100180
100161
100144
100126
100108
100090
100073
100055
100036
101967
101962
101962
101956
101956
101950
101949
101943
101942
101935
101933
101925
101921
101911
101906
101894
101887
101872
101862
101844
101829
101808
101789
101763
101739
101709
101680
101645
101611
101572
101535
101493
101453
101410
101369
101326
101287
101245
101208
101170
101135
101100
101069
101038
101009
100979
100952
100924
100897
100869
100843
100816
100790
100763
100738
100712
100687
100663
100640
100617
100595
100573
100553
100532
100511
100490
100469
100448
100427
100407
100386
100367
100348
100329
100311
100292
100274
100254
100236
100217
100198
100180
100161
100144
100126
100108
100090
100073
100055
100036
101967
101962
101962
101956
101956
101950
101949
101943
101942
101935
101933
101925
101921
101911
101906
101894
101887
101872
101862
101844
101829
101808
101789
101763
101739
101709
101680
101645
101611
101572
101535
101493
101453
101410
101369
101326
101287
101246
101208
101170
101135
101100
101069
101038
101009
100979
100952
100924
100897
100869
100843
100816
100790
100763
100738
100712
100687
100663
100640
100617
100595
100573
100553
100532
100511
100490
100469
100448
100427
100407
100387
100367
100348
100329
100311
100292
100274
100254
100236
100217
100198
100180
100161
100144
100126
100108
100090
100073
100055
100036
101967
101962
101962
101956
101956
101950
101949
101943
101942
101935
101933
101925
101921
101911
101906
101894
101887
101872
101862
101844
101829
101808
101789
101763
101739
101709
101680
101645
101611
101572
101535
101493
101453
101410
101369
101326
101287
101246
101208
101170
101135
101100
101069
101038
101009
100979
100952
100924
100897
100869
100843
100816
100790
100763
100738
100712
100687
100663
100640
100617
100595
100573
100553
100532
100511
100490
100469
100448
100427
100407
100386
100367
100348
100329
100311
100292
100274
100254
100236
100217
100198
100180
100161
100144
100126
100108
100090
100073
100055
100036
101967
101962
101962
101956
101956
101950
101949
101943
101942
101935
101933
101925
101921
101911
101906
101894
101887
101872
101862
101844
101829
101808
101789
101763
101739
101709
101680
101645
101611
101572
101535
101493
101453
101410
101369
101326
101287
101246
101208
101170
101135
101100
101069
101038
101009
100979
100952
100924
100897
100869
100843
100816
100790
100763
100738
100712
100687
100663
100640
100617
100595
100573
100553
100532
100511
100490
100469
100448
100427
100407
100386
100367
100348
100329
100311
100292
100274
100254
100236
100217
100198
100180
100161
100144
100126
100108
100090
100073
100055
100036
101967
101962
101962
101956
101956
101950
101949
101943
101942
101935
101933
101925
101921
101911
101906
101894
101887
101872
101862
101844
101829
101808
101789
101763
101739
101709
101680
101645
101611
101572
101535
101493
101453
101410
101369
101326
101287
101246
101208
101170
101135
101100
101069
101038
101009
100979
100952
100924
100897
100869
100843
100816
100790
100763
100738
100712
100687
100663
100640
100617
100595
100573
100553
100532
100511
100490
100469
100448
100427
100407
100387
100367
100348
100329
100311
100292
100274
100254
100236
100217
100198
100180
100161
100144
100126
100108
100090
100073
100055
100036
101967
101962
101962
101956
101956
101950
101949
101943
101942
101935
101933
101925
101921
101911
101906
101894
101887
101872
101862
101844
101829
101808
101789
101763
101739
101709
101680
101645
101611
101572
101535
101493
101453
101410
101369
101326
101287
101245
101208
101170
101135
101100
101069
101038
101009
100979
100952
100924
100897
100869
100843
100816
100790
100763
100738
100712
100687
100663
100640
100617
100595
100573
100553
100532
100511
100490
100469
100448
100427
100406
100386
100367
100348
100329
100311
100292
100274
100254
100236
100217
100198
100180
100161
100144
100126
100108
100090
100073
100055
100036
101967
101962
101962
101956
101956
101950
101949
101943
101942
101935
101933
101925
101921
101911
101906
101894
101887
101873
101862
101844
101829
101808
101789
101763
101739
101709
101680
101645
101611
101572
101535
101493
101453
101410
101369
101326
101287
101246
101208
101170
101135
101100
101069
101038
101009
100979
100952
100924
100897
100869
100843
100816
100790
100763
100738
100712
100687
100663
100640
100617
100595
100573
100553
100532
100511
100490
100469
100448
100427
100407
100387
100367
100348
100329
100311
100292
100274
100254
100236
100217
100198
100180
100161
100144
100126
100108
100090
100073
100055
100036
101967
101962
101962
101956
101956
101950
101949
101943
101942
101935
101933
101925
101921
101911
101906
101894
101887
101872
101862
101844
101829
101808
101789
101763
101739
101709
101680
101645
101611
101572
101535
101493
101453
101410
101369
101326
101287
101245
101208
101170
101135
101100
101069
101038
101009
100979
100952
100924
100897
100869
100843
100816
100790
100763
100738
100712
100687
100663
100640
100617
100595
100573
100553
100532
100511
100490
100469
100448
100427
100406
100386
100367
100348
100329
100311
100292
100274
100254
100236
100217
100198
100180
100161
100144
100126
100108
100090
100073
100055
100036
101967
101962
101962
101956
101956
101950
101949
101943
101942
101935
101933
101925
101921
101911
101906
101894
101887
101873
101862
101844
101829
101808
101789
101763
101739
101709
101680
101645
101611
101572
101535
101493
101453
101410
101369
101326
101287
101246
101208
101170
101135
101100
101069
101038
101009
100979
100952
100924
100897
100869
100843
100816
100790
100763
100738
100712
100687
100663
100640
100617
100595
100573
100553
100532
100511
100490
100469
100448
100427
100407
100387
100367
100348
100329
100311
100292
100274
100254
100236
100217
100198
100180
100161
100144
100126
100108
100090
100073
100055
100036
101967
101962
101962
101956
101956
101950
101949
101943
101942
101935
101933
101925
101921
101911
101906
101894
101887
101872
101862
101844
101829
101808
101789
101763
101739
101709
101680
101645
101611
101572
101535
101493
101453
101410
101369
101326
101287
101245
101208
101170
101135
101100
101069
101038
101009
100979
100952
100924
100897
100869
100843
100816
100790
100763
100738
100712
100687
100663
100640
100617
100595
100573
100553
100532
100511
100490
100469
100448
100427
100406
100386
100367
100348
100329
100311
100292
100274
100254
100236
100217
100198
100180
100161
100144
100126
100108
100090
100073
100055
100036
101967
101962
101962
101956
101956
101950
101949
101943
101942
101935
101933
101925
101921
101911
101906
101894
101887
101872
101862
101844
101829
101808
101789
101763
101739
101709
101680
101645
101611
101572
101535
101493
101453
101410
101369
101326
101287
101246
101208
101170
101135
101100
101069
101038
101009
100979
100952
100924
100897
100869
100843
100816
100790
100763
100738
100712
100687
100663
100640
100617
100595
100573
100553
100532
100511
100490
100469
100448
100427
100407
100387
100367
100348
100329
100311
100292
100274
100254
100236
100217
100198
100180
100161
100144
100126
100108
100090
100073
100055
100036
101967
101962
101962
101956
101956
101950
101949
101943
101942
101935
101933
101925
101921
101911
101906
101894
101887
101872
101862
101844
101829
101808
101789
101763
101739
101709
101680
101645
101611
101572
101535
101493
101453
101410
101369
101326
101287
101246
101208
101170
101135
101100
101069
101038
101009
100979
100952
100924
100897
100869
100843
100816
100790
100763
100738
100712
100687
100663
100640
100617
100595
100573
100553
100532
100511
100490
100469
100448
100427
100407
100386
100367
100348
100329
100311
100292
100274
100254
100236
100217
100198
100180
100161
100144
100126
100108
100090
100073
100055
100036
101967
101962
101962
101956
101956
101950
101949
101943
101942
101935
101933
101925
101921
101911
101906
101894
101887
101873
101862
101844
101829
101808
101789
101763
101739
101709
101680
101645
101611
101572
101535
101493
101453
101410
101369
101326
101287
101246
101208
101170
101135
101100
101069
101038
101009
100979
100952
100924
100897
100869
100843
100816
100790
100763
100738
100712
100687
100663
100640
100617
100595
100573
100553
100532
100511
100490
100469
100448
100427
100407
100387
100367
100348
100329
100311
100292
100274
100254
100236
100217
100198
100180
100161
100144
100126
100108
100090
100073
100055
100036
101967
101962
101962
101956
101956
101950
101949
101943
101942
101935
101933
101925
101921
101912
101906
101895
101887
101873
101862
101844
101829
101808
101789
101763
101739
101709
101680
101645
101611
101572
101535
101493
101453
101410
101370
101327
101287
101246
101208
101170
101135
101100
101069
101038
101009
100980
100952
100924
100897
100869
100843
100816
100790
100763
100738
100712
100687
100663
100640
100617
100595
100573
100553
100532
100511
100490
100469
100448
100427
100407
100387
100367
100348
100329
100311
100292
100274
100255
100236
100217
100198
100180
100161
100144
100126
100109
100090
100073
100055
100036
101967
101962
101962
101956
101956
101950
101949
101943
101942
101935
101933
101925
101921
101911
101906
101894
101887
101872
101862
101844
101829
101808
101789
101763
101739
101709
101680
101645
101611
101572
101535
101493
101453
101410
101369
101326
101287
101246
101208
101170
101135
101100
101069
101038
101009
100979
100952
100924
100897
100869
100843
100816
100790
100763
100738
100712
100687
100663
100640
100617
100595
100573
100553
100532
100511
100490
100469
100448
100427
100407
100386
100367
100348
100329
100311
100292
100274
100254
100236
100217
100198
100180
100161
100144
100126
100108
100090
100073
100055
100036
101967
101962
101962
101956
101956
101950
101949
101943
101942
101935
101933
101925
101921
101912
101906
101895
101887
101873
101862
101844
101829
101808
101789
101763
101739
101709
101680
101645
101611
101572
101535
101493
101453
101410
101370
101327
101287
101246
101208
101170
101135
101100
101069
101038
101009
100980
100952
100924
100897
100869
100843
100816
100790
100763
100738
100712
100687
100663
100640
100617
100595
100573
100553
100532
100511
100490
100469
100448
100427
100407
100387
100367
100348
100329
100311
100292
100274
100255
100236
100217
100198
100180
100161
100144
100126
100109
100090
100073
100055
100036
101967
101962
101962
101956
101956
101950
101949
101943
101942
101935
101933
101925
101921
101911
101906
101894
101887
101872
101862
101844
101829
101808
101789
101763
101739
101709
101680
101645
101611
101572
101535
101493
101453
101410
101369
101326
101287
101245
101208
101170
101135
101100
101069
101038
101009
100979
100952
100924
100897
100869
100843
100816
100790
100763
100738
100712
100687
100663
100640
100617
100595
100573
100553
100532
100511
100490
100469
100448
100427
100407
100386
100367
100348
100329
100311
100292
100274
100254
100236
100217
100198
100180
100161
100144
100126
100108
100090
100073
100055
100036
101967
101962
101962
101956
101956
101950
101949
101943
101942
101935
101933
101925
101921
101912
101906
101894
101887
101873
101862
101844
101829
101808
101789
101763
101739
101709
101680
101645
101611
101572
101535
101493
101453
101410
101370
101327
101287
101246
101208
101170
101135
101100
101069
101038
101009
100979
100952
100924
100897
100869
100843
100816
100790
100763
100738
100712
100687
100663
100640
100617
100595
100573
100553
100532
100511
100490
100469
100448
100427
100407
100387
100367
100348
100329
100311
100292
100274
100255
100236
100217
100198
100180
100161
100144
100126
100109
100090
100073
100055
100036
101967
101962
101962
101956
101956
101950
101949
101943
101942
101935
101933
101925
101921
101911
101906
101894
101887
101872
101862
101844
101829
101808
101789
101763
101739
101709
101680
101645
101611
101572
101535
101493
101453
101410
101369
101326
101287
101245
101208
101170
101135
101100
101069
101038
101009
100979
100952
100924
100897
100869
100843
100816
100790
100763
100738
100712
100687
100663
100640
100617
100595
100573
100553
100532
100511
100490
100469
100448
100427
100407
100386
100367
100348
100329
100311
100292
100274
100254
100236
100217
100198
100180
100161
100144
100126
100108
100090
100073
100055
100036
101967
101962
101962
101956
101956
101950
101949
101943
101942
101935
101933
101925
101921
101911
101906
101894
101887
101873
101862
101844
101829
101808
101789
101763
101739
101709
101680
101645
101611
101572
101535
101493
101453
101410
101369
101326
101287
101246
101208
101170
101135
101100
101069
101038
101009
100979
100952
100924
100897
100869
100843
100816
100790
100763
100738
100712
100687
100663
100640
100617
100595
100573
100553
100532
100511
100490
100469
100448
100427
100407
100387
100367
100348
100329
100311
100292
100274
100254
100236
100217
100198
100180
100161
100144
100126
100108
100090
100073
100055
100036
101967
101962
101962
101956
101956
101950
101949
101943
101942
101935
101933
101925
101921
101911
101906
101894
101887
101872
101862
101844
101829
101808
101789
101763
101739
101709
101680
101645
101611
101572
101535
101493
101453
101410
101369
101326
101287
101245
101208
101170
101135
101100
101069
101038
101009
100979
100952
100924
100897
100869
100843
100816
100790
100763
100738
100712
100687
100663
100640
100617
100595
100573
100553
100532
100511
100490
100469
100448
100427
100407
100386
100367
100348
100329
100311
100292
100274
100254
100236
100217
100198
100180
100161
100144
100126
100108
100090
100073
100055
100036
101967
101962
101962
101956
101956
101950
101949
101943
101942
101935
101933
101925
101921
101911
101906
101894
101887
101872
101862
101844
101829
101808
101789
101763
101739
101709
101680
101645
101611
101572
101535
101493
101453
101410
101369
101326
101287
101246
101208
101170
101135
101100
101069
101038
101009
100979
100952
100924
100897
100869
100843
100816
100790
100763
100738
100712
100687
100663
100640
100617
100595
100573
100553
100532
100511
100490
100469
100448
100427
100407
100387
100367
100348
100329
100311
100292
100274
100254
100236
100217
100198
100180
100161
100144
100126
100108
100090
100073
100055
100036
101967
101962
101962
101956
101956
101950
101949
101943
101942
101935
101933
101925
101921
101911
101906
101894
101887
101872
101862
101844
101829
101808
101789
101763
101739
101709
101680
101645
101611
101572
101535
101493
101453
101410
101369
101326
101287
101246
101208
101170
101135
101100
101069
101038
101009
100979
100952
100924
100897
100869
100843
100816
100790
100763
100738
100712
100687
100663
100640
100617
100595
100573
100553
100532
100511
100490
100469
100448
100427
100407
100386
100367
100348
100329
100311
100292
100274
100254
100236
100217
100198
100180
100161
100144
100126
100108
100090
100073
100055
100036
101967
101962
101962
101956
101956
101950
101949
101943
101942
101935
101933
101925
101921
101911
101906
101894
101887
101872
101862
101844
101829
101808
101789
101763
101739
101709
101680
101645
101611
101572
101535
101493
101453
101410
101369
101326
101287
101246
101208
101170
101135
101100
101069
101038
101009
100979
100952
100924
100897
100869
100843
100816
100790
100763
100738
100712
100687
100663
100640
100617
100595
100573
100553
100532
100511
100490
100469
100448
100427
100407
100386
100367
100348
100329
100311
100292
100274
100254
100236
100217
100198
100180
100161
100144
100126
100108
100090
100073
100055
100036
101967
101962
101962
101956
101956
101950
101949
101943
101942
101935
101933
101925
101921
101911
101906
101894
101887
101872
101862
101844
101829
101808
101789
101763
101739
101709
101680
101645
101611
101572
101535
101493
101453
101410
101369
101326
101287
101246
101208
101170
101135
101100
101069
101038
101009
100979
100952
100924
100897
100869
100843
100816
100790
100763
100738
100712
100687
100663
100640
100617
100595
100573
100553
100532
100511
100490
100469
100448
100427
100407
100387
100367
100348
100329
100311
100292
100274
100254
100236
100217
100198
100180
100161
100144
100126
100108
100090
100073
100055
100036
101967
101962
101962
101956
101956
101950
101949
101943
101942
101935
101933
101925
101921
101911
101906
101894
101887
101872
101862
101844
101829
101808
101789
101763
101739
101709
101680
101645
101611
101572
101535
101493
101453
101410
101369
101326
101287
101245
101208
101170
101135
101100
101069
101038
101009
100979
100952
100924
100897
100869
100843
100816
100790
100763
100738
100712
100687
100663
100640
100617
100595
100573
100553
100532
100511
100490
100469
100448
100427
100406
100386
100367
100348
100329
100311
100292
100274
100254
100236
100217
100198
100180
100161
100144
100126
100108
100090
100073
100055
100036
101967
101962
101962
101956
101956
101950
101949
101943
101942
101935
101933
101925
101921
101911
101906
101894
101887
101873
101862
101844
101829
101808
101789
101763
101739
101709
101680
101645
101611
101572
101535
101493
101453
101410
101369
101326
101287
101246
101208
101170
101135
101100
101069
101038
101009
100979
100952
100924
100897
100869
100843
100816
100790
100763
100738
100712
100687
100663
100640
100617
100595
100573
100553
100532
100511
100490
100469
100448
100427
100407
100387
100367
100348
100329
100311
100292
100274
100254
100236
100217
100198
100180
100161
100144
100126
100108
100090
100073
100055
100036
101967
101962
101962
101956
101956
101950
101949
101943
101942
101935
101933
101925
101921
101911
101906
101894
101887
101872
101862
101844
101829
101808
101789
101763
101739
101709
101680
101645
101611
101572
101535
101493
101453
101410
101369
101326
101287
101245
101208
101170
101135
101100
101069
101038
101009
100979
100952
100924
100897
100869
100843
100816
100790
100763
100738
100712
100687
100663
100640
100617
100595
100573
100553
100532
100511
100490
100469
100448
100427
100406
100386
100367
100348
100329
100311
100292
100274
100254
100236
100217
100198
100180
100161
100144
100126
100108
100090
100073
100055
100036
101967
101962
101962
101956
101956
101950
101949
101943
101942
101935
101933
101925
101921
101911
101906
101894
101887
101873
101862
101844
101829
101808
101789
101763
101739
101709
101680
101645
101611
101572
101535
101493
101453
101410
101369
101326
101287
101246
101208
101170
101135
101100
101069
101038
101009
100979
100952
100924
100897
100869
100843
100816
100790
100763
100738
100712
100687
100663
100640
100617
100595
100573
100553
100532
100511
100490
100469
100448
100427
100407
100387
100367
100348
100329
100311
100292
100274
100254
100236
100217
100198
100180
100161
100144
100126
100108
100090
100073
100055
100036
101967
101962
101962
101956
101956
101950
101949
101943
101942
101935
101933
101925
101921
101911
101906
101894
101887
101872
101862
101844
101829
101808
101789
101763
101739
101709
101680
101645
101611
101572
101535
101493
101453
101410
101369
101326
101287
101245
101208
101170
101135
101100
101069
101038
101009
100979
100952
100924
100897
100869
100843
100816
100790
100763
100738
100712
100687
100663
100640
100617
100595
100573
100553
100532
100511
100490
100469
100448
100427
100406
100386
100367
100348
100329
100311
100292
100274
100254
100236
100217
100198
100180
100161
100144
100126
100108
100090
100073
100055
100036
101967
101962
101962
101956
101956
101950
101949
101943
101942
101935
101933
101925
101921
101911
101906
101894
101887
101872
101862
101844
101829
101808
101789
101763
101739
101709
101680
101645
101611
101572
101535
101493
101453
101410
101369
101326
101287
101246
101208
101170
101135
101100
101069
101038
101009
100979
100952
100924
100897
100869
100843
100816
100790
100763
100738
100712
100687
100663
100640
100617
100595
100573
100553
100532
100511
100490
100469
100448
100427
100407
100387
100367
100348
100329
100311
100292
100274
100254
100236
100217
100198
100180
100161
100144
100126
100108
100090
100073
100055
100036
101967
101962
101962
101956
101956
101950
101949
101943
101942
101935
101933
101925
101921
101911
101906
101894
101887
101872
101862
101844
101829
101808
101789
101763
101739
101709
101680
101645
101611
101572
101535
101493
101453
101410
101369
101326
101287
101246
101208
101170
101135
101100
101069
101038
101009
100979
100952
100924
100897
100869
100843
100816
100790
100763
100738
100712
100687
100663
100640
100617
100595
100573
100553
100532
100511
100490
100469
100448
100427
100407
100386
100367
100348
100329
100311
100292
100274
100254
100236
100217
100198
100180
100161
100144
100126
100108
100090
100073
100055
100036
101960
101953
101953
101946
101947
101939
101939
101932
101931
101923
101921
101912
101909
101898
101893
101881
101873
101858
101847
101829
101815
101793
101774
101748
101724
101693
101665
101630
101596
101557
101520
101478
101438
101395
101354
101311
101272
101230
101193
101154
101120
101085
101054
101022
100993
100964
100937
100908
100882
100854
100828
100800
100774
100747
100722
100696
100671
100647
100624
100601
100579
100557
100537
100516
100495
100474
100453
100432
100411
100390
100370
100351
100332
100313
100295
100276
100258
100238
100220
100201
100182
100164
100145
100128
100110
100092
100074
100057
100038
100020
101991
101984
101985
101978
101978
101971
101971
101964
101963
101955
101953
101944
101940
101930
101925
101912
101905
101890
101879
101861
101846
101825
101806
101780
101756
101725
101697
101661
101628
101589
101551
101509
101470
101426
101386
101343
101303
101262
101224
101186
101151
101116
101085
101054
101025
100995
100968
100940
100913
100885
100859
100831
100806
100779
100753
100727
100703
100678
100655
100632
100610
100589
100568
100547
100527
100505
100485
100463
100442
100422
100402
100382
100363
100344
100326
100307
100289
100270
100251
100232
100213
100195
100176
100159
100141
100124
100105
100088
100069
100051
101965
101958
101959
101951
101952
101944
101944
101937
101936
101928
101926
101917
101914
101903
101898
101886
101878
101863
101853
101835
101820
101798
101779
101753
101729
101699
101670
101635
101601
101562
101525
101483
101443
101400
101359
101316
101277
101235
101198
101159
101125
101090
101059
101027
100999
100969
100942
100913
100887
100859
100833
100805
100779
100752
100727
100701
100677
100652
100629
100606
100584
100563
100542
100521
100500
100479
100458
100437
100416
100396
100376
100356
100337
100318
100300
100281
100263
100244
100225
100206
100187
100169
100150
100133
100115
100098
100079
100062
100043
100025
101987
101980
101981
101974
101974
101967
101967
101960
101959
101951
101949
101940
101936
101926
101921
101908
101901
101886
101875
101857
101842
101821
101802
101776
101752
101721
101693
101657
101624
101585
101547
101505
101466
101422
101382
101339
101299
101258
101220
101182
101147
101113
101081
101050
101021
100991
100964
100936
100909
100881
100855
100828
100802
100775
100749
100723
100699
100674
100651
100628
100607
100585
100564
100543
100523
100501
100481
100459
100439
100418
100398
100378
100359
100340
100322
100303
100285
100266
100247
100228
100209
100191
100173
100155
100137
100120
100102
100084
100065
100047
101969
101962
101962
101955
101956
101948
101948
101941
101940
101932
101930
101921
101918
101907
101902
101890
101882
101867
101856
101838
101824
101802
101783
101757
101733
101702
101674
101638
101605
101566
101529
101487
101447
101404
101363
101320
101280
101239
101202
101163
101129
101094
101063
101031
101002
100973
100946
100917
100891
100863
100836
100809
100783
100756
100731
100705
100680
100656
100633
100610
100588
100566
100546
100525
100504
100483
100462
100441
100420
100399
100379
100360
100341
100322
100304
100285
100266
100247
100229
100210
100191
100173
100154
100137
100119
100101
100083
100065
100047
100029
101984
101977
101978
101970
101971
101963
101964
101956
101955
101947
101945
101936
101933
101922
101917
101905
101897
101883
101872
101854
101839
101817
101798
101772
101748
101718
101689
101654
101620
101581
101544
101502
101462
101419
101378
101335
101296
101254
101217
101178
101144
101109
101078
101046
101018
100988
100961
100932
100906
100878
100852
100824
100798
100771
100746
100720
100695
100671
100648
100625
100603
100581
100561
100540
100519
100498
100477
100456
100435
100414
100394
100375
100356
100337
100319
100300
100281
100262
100244
100225
100206
100187
100169
100152
100134
100116
100098
100080
100062
100043
101973
101965
101966
101958
101959
101951
101952
101944
101943
101935
101933
101924
101921
101910
101905
101893
101885
101871
101860
101842
101827
101805
101786
101760
101736
101706
101677
101642
101608
101569
101532
101490
101450
101407
101366
101323
101284
101242
101205
101166
101132
101097
101066
101034
101006
100976
100949
100920
100894
100866
100840
100812
100786
100759
100734
100708
100684
100659
100636
100613
100591
100570
100549
100528
100507
100486
100465
100444
100423
100403
100383
100363
100344
100325
100307
100288
100270
100251
100232
100213
100194
100176
100157
100140
100122
100105
100086
100069
100050
100032
101981
101974
101974
101967
101968
101960
101961
101953
101952
101944
101942
101933
101930
101919
101914
101902
101894
101879
101869
101851
101836
101814
101795
101769
101745
101715
101686
101651
101617
101578
101541
101499
101459
101416
101375
101332
101293
101251
101214
101175
101141
101106
101075
101043
101014
100985
100958
100929
100903
100875
100849
100821
100795
100768
100743
100717
100692
100668
100645
100622
100600
100578
100558
100537
100516
100495
100474
100453
100432
100411
100391
100372
100353
100334
100316
100297
100278
100259
100241
100221
100203
100184
100166
100149
100130
100113
100095
100077
100059
100040
101975
101968
101969
101961
101962
101954
101955
101947
101946
101938
101936
101927
101924
101913
101908
101896
101888
101873
101863
101845
101830
101808
101789
101763
101739
101709
101680
101645
101611
101572
101535
101493
101453
101410
101369
101326
101287
101245
101208
101169
101135
101100
101069
101037
101009
100979
100952
100923
100897
100869
100843
100815
100789
100762
100737
100711
100687
100662
100639
100616
100594
100572
100552
100531
100510
100489
100468
100447
100426
100406
100385
100366
100347
100328
100310
100291
100273
100253
100235
100216
100197
100179
100160
100143
100125
100107
100089
100071
100053
100035
101978
101971
101972
101964
101965
101957
101958
101950
101949
101941
101939
101930
101927
101916
101911
101899
101891
101877
101866
101848
101833
101811
101792
101766
101742
101712
101683
101648
101614
101575
101538
101496
101456
101413
101372
101329
101290
101248
101211
101172
101138
101103
101072
101040
101012
100982
100955
100926
100900
100872
100846
100818
100792
100765
100740
100714
100690
100665
100642
100619
100597
100575
100555
100534
100513
100492
100471
100450
100429
100409
100388
100369
100350
100331
100313
100294
100276
100256
100238
100219
100200
100182
100163
100146
100128
100110
100092
100074
100056
100038
101978
101971
101971
101964
101965
101957
101957
101950
101949
101941
101939
101930
101927
101916
101911
101899
101891
101876
101865
101848
101833
101811
101792
101766
101742
101711
101683
101648
101614
101575
101538
101496
101456
101413
101372
101329
101289
101248
101211
101172
101138
101103
101072
101040
101011
100982
100955
100926
100900
100872
100845
100818
100792
100765
100740
100714
100689
100665
100642
100619
100597
100575
100555
100534
100513
100492
100471
100450
100429
100408
100388
100369
100350
100331
100312
100294
100275
100256
100238
100218
100200
100181
100163
100146
100127
100110
100092
100074
100056
100037
101975
101968
101969
101961
101962
101955
101955
101947
101947
101938
101937
101927
101924
101914
101908
101896
101888
101874
101863
101845
101830
101808
101789
101763
101740
101709
101680
101645
101612
101572
101535
101493
101453
101410
101370
101327
101287
101246
101208
101170
101135
101100
101069
101037
101009
100979
100952
100923
100897
100869
100843
100815
100789
100763
100737
100711
100687
100662
100639
100616
100594
100573
100552
100531
100511
100489
100469
100447
100426
100406
100386
100366
100347
100328
100310
100291
100273
100254
100235
100216
100197
100179
100161
100143
100125
100108
100089
100072
100053
100035
101981
101973
101974
101967
101968
101960
101960
101953
101952
101944
101942
101933
101930
101919
101914
101902
101894
101879
101868
101850
101836
101814
101795
101769
101745
101714
101686
101650
101617
101578
101541
101498
101459
101415
101375
101332
101292
101251
101213
101175
101141
101106
101074
101043
101014
100985
100957
100929
100902
100874
100848
100821
100795
100768
100743
100717
100692
100668
100644
100621
100600
100578
100558
100536
100516
100495
100474
100453
100432
100411
100391
100372
100352
100334
100315
100297
100278
100259
100240
100221
100203
100184
100166
100148
100130
100113
100095
100077
100059
100040
101973
101965
101966
101959
101959
101952
101952
101944
101944
101935
101934
101924
101921
101911
101905
101893
101885
101871
101860
101842
101827
101805
101786
101760
101737
101706
101677
101642
101609
101569
101532
101490
101450
101407
101367
101324
101284
101243
101205
101167
101132
101097
101066
101035
101006
100976
100949
100921
100894
100866
100840
100812
100787
100760
100734
100708
100684
100659
100636
100613
100591
100570
100549
100528
100508
100486
100466
100444
100424
100403
100383
100363
100344
100325
100307
100288
100270
100251
100232
100213
100194
100176
100158
100140
100122
100105
100087
100069
100051
100032
101984
101977
101977
101970
101971
101963
101963
101956
101955
101947
101945
101936
101933
101922
101917
101905
101897
101882
101871
101853
101839
101817
101798
101772
101748
101717
101689
101653
101620
101581
101544
101501
101462
101419
101378
101335
101295
101254
101216
101178
101144
101109
101078
101046
101017
100988
100961
100932
100905
100877
100851
100824
100798
100771
100746
100720
100695
100671
100647
100624
100603
100581
100561
100539
100519
100498
100477
100456
100435
100414
100394
100375
100355
100337
100318
100300
100281
100262
100243
100224
100206
100187
100169
100151
100133
100116
100098
100080
100062
100043
101970
101962
101963
101955
101956
101948
101949
101941
101940
101932
101930
101921
101918
101907
101902
101890
101882
101867
101857
101839
101824
101802
101783
101757
101733
101703
101674
101639
101605
101566
101529
101487
101447
101404
101363
101320
101281
101239
101202
101163
101129
101094
101063
101031
101003
100973
100946
100917
100891
100863
100837
100809
100783
100756
100731
100705
100681
100656
100633
100610
100588
100567
100546
100525
100504
100483
100462
100441
100420
100400
100380
100360
100341
100322
100304
100285
100267
100248
100229
100210
100191
100173
100154
100137
100119
100102
100083
100066
100047
100029
101987
101980
101981
101973
101974
101967
101967
101959
101959
101950
101949
101939
101936
101926
101920
101908
101900
101886
101875
101857
101842
101820
101801
101775
101752
101721
101692
101657
101624
101584
101547
101505
101465
101422
101381
101338
101299
101258
101220
101182
101147
101112
101081
101049
101021
100991
100964
100935
100909
100881
100855
100827
100801
100774
100749
100723
100699
100674
100651
100628
100606
100584
100564
100543
100522
100501
100480
100459
100438
100417
100397
100378
100359
100340
100322
100303
100285
100265
100247
100228
100209
100191
100172
100155
100137
100119
100101
100083
100065
100047
101966
101958
101959
101951
101952
101945
101945
101937
101936
101928
101927
101917
101914
101904
101898
101886
101878
101864
101853
101835
101820
101798
101779
101753
101730
101699
101670
101635
101602
101562
101525
101483
101443
101400
101360
101317
101277
101236
101198
101160
101125
101090
101059
101028
100999
100969
100942
100914
100887
100859
100833
100805
100780
100753
100727
100701
100677
100652
100629
100606
100584
100563
100542
100521
100501
100479
100459
100437
100417
100396
100376
100356
100337
100319
100300
100281
100263
100244
100225
100206
100187
100169
100151
100133
100115
100098
100080
100062
100044
100025
101991
101984
101985
101977
101978
101971
101971
101963
101962
101954
101952
101943
101940
101929
101924
101912
101904
101890
101879
101861
101846
101824
101805
101779
101755
101725
101696
101661
101627
101588
101551
101509
101469
101426
101385
101342
101303
101261
101224
101185
101151
101116
101085
101053
101025
100995
100968
100939
100913
100885
100858
100831
100805
100778
100753
100727
100702
100678
100655
100632
100610
100588
100568
100547
100526
100505
100484
100463
100442
100421
100401
100382
100363
100344
100325
100307
100288
100269
100251
100231
100213
100194
100176
100158
100140
100123
100105
100087
100069
100050
101960
101953
101954
101946
101947
101939
101940
101932
101931
101923
101921
101912
101909
101898
101893
101881
101873
101859
101848
101830
101815
101793
101774
101748
101724
101694
101665
101630
101596
101557
101520
101478
101438
101395
101355
101312
101272
101231
101193
101155
101120
101085
101054
101022
100994
100964
100937
100908
100882
100854
100828
100800
100774
100748
100722
100696
100672
100647
100624
100601
100579
100558
100537
100516
100496
100474
100454
100432
100411
100391
100371
100351
100332
100313
100295
100276
100258
100239
100220
100201
100182
100164
100146
100128
100110
100093
100075
100057
100039
100020
102012
102000
102003
101992
101994
101984
101985
101975
101975
101966
101964
101954
101951
101940
101934
101922
101914
101899
101888
101870
101855
101833
101814
101788
101764
101733
101705
101669
101636
101596
101559
101517
101478
101434
101394
101351
101311
101270
101232
101194
101159
101124
101093
101061
101032
101003
100976
100947
100920
100892
100866
100839
100813
100786
100760
100734
100710
100685
100662
100639
100617
100596
100575
100554
100533
100512
100491
100470
100449
100428
100408
100389
100370
100351
100333
100314
100295
100276
100258
100238
100220
100201
100183
100166
100148
100130
100112
100095
100077
100058
101981
101968
101971
101960
101962
101952
101953
101943
101943
101934
101932
101922
101919
101907
101902
101889
101882
101867
101856
101838
101823
101801
101782
101756
101732
101701
101673
101637
101604
101565
101527
101485
101446
101402
101362
101319
101279
101238
101200
101162
101127
101092
101061
101029
101001
100971
100944
100915
100889
100861
100835
100807
100781
100754
100729
100703
100678
100654
100630
100607
100586
100564
100543
100522
100502
100480
100460
100438
100418
100397
100377
100357
100338
100320
100301
100282
100264
100245
100226
100207
100188
100170
100152
100134
100116
100099
100081
100063
100045
100027
101998
101986
101989
101978
101980
101970
101971
101961
101961
101952
101950
101940
101937
101925
101920
101907
101900
101885
101874
101856
101841
101819
101800
101774
101750
101719
101690
101655
101622
101582
101545
101503
101464
101420
101380
101337
101297
101256
101218
101180
101145
101110
101079
101047
101019
100989
100962
100933
100907
100878
100852
100825
100799
100772
100747
100721
100696
100671
100648
100625
100604
100582
100561
100540
100520
100498
100478
100456
100435
100415
100395
100375
100356
100337
100319
100300
100282
100262
100244
100225
100206
100188
100169
100152
100134
100117
100099
100081
100063
100045
101982
101969
101972
101961
101963
101953
101953
101944
101944
101934
101933
101923
101919
101908
101903
101890
101883
101868
101857
101838
101824
101802
101783
101756
101733
101702
101673
101638
101605
101565
101528
101486
101446
101403
101363
101320
101280
101239
101201
101163
101128
101093
101062
101030
101002
100972
100945
100916
100890
100862
100835
100808
100782
100755
100730
100704
100679
100654
100631
100608
100587
100565
100544
100523
100503
100481
100461
100439
100418
100398
100378
100358
100339
100320
100302
100283
100265
100246
100227
100208
100189
100171
100153
100135
100117
100100
100082
100064
100046
100028
101994
101982
101985
101974
101976
101966
101967
101957
101957
101948
101946
101936
101933
101922
101916
101904
101896
101881
101870
101852
101837
101815
101796
101770
101746
101715
101687
101651
101618
101579
101542
101499
101460
101416
101376
101333
101293
101252
101214
101176
101141
101107
101075
101044
101015
100985
100958
100929
100903
100875
100849
100821
100795
100768
100743
100717
100692
100668
100644
100621
100600
100578
100558
100536
100516
100495
100474
100452
100432
100411
100391
100371
100352
100334
100315
100296
100278
100259
100240
100221
100203
100184
100166
100148
100130
100113
100095
100077
100059
100041
101984
101971
101974
101963
101965
101955
101956
101946
101946
101937
101935
101925
101922
101911
101905
101893
101885
101870
101859
101841
101826
101804
101785
101759
101735
101704
101676
101640
101607
101568
101531
101488
101449
101405
101365
101322
101282
101241
101203
101165
101130
101096
101064
101033
101004
100974
100947
100918
100892
100864
100838
100810
100784
100757
100732
100706
100681
100657
100634
100611
100589
100567
100547
100525
100505
100484
100463
100442
100421
100400
100380
100360
100341
100323
100304
100285
100267
100248
100229
100210
100192
100173
100155
100137
100119
100102
100084
100066
100049
100030
101992
101980
101983
101972
101974
101964
101965
101955
101955
101946
101944
101934
101931
101919
101914
101901
101894
101879
101868
101849
101835
101813
101794
101768
101744
101713
101684
101649
101616
101576
101539
101497
101457
101414
101374
101331
101291
101250
101212
101174
101139
101104
101073
101041
101013
100983
100956
100927
100901
100872
100846
100819
100793
100766
100741
100715
100690
100665
100642
100619
100598
100576
100555
100534
100514
100492
100472
100450
100429
100409
100389
100369
100350
100331
100313
100294
100276
100256
100238
100219
100200
100182
100164
100146
100128
100111
100093
100075
100057
100039
101986
101973
101976
101965
101967
101957
101958
101949
101949
101939
101938
101927
101924
101913
101908
101895
101887
101872
101861
101843
101828
101806
101787
101761
101737
101707
101678
101643
101609
101570
101533
101491
101451
101408
101367
101324
101285
101243
101206
101167
101133
101098
101067
101035
101006
100977
100949
100921
100894
100866
100840
100812
100787
100760
100734
100708
100684
100659
100636
100613
100591
100569
100549
100528
100507
100486
100465
100444
100423
100402
100382
100363
100344
100325
100306
100288
100269
100250
100232
100212
100194
100175
100157
100140
100122
100104
100086
100069
100051
100032
101990
101978
101981
101970
101972
101962
101962
101953
101953
101943
101942
101932
101928
101917
101912
101899
101892
101876
101866
101847
101833
101811
101792
101765
101742
101711
101682
101647
101614
101574
101537
101495
101455
101412
101372
101329
101289
101248
101210
101172
101137
101102
101071
101039
101010
100981
100954
100925
100898
100870
100844
100817
100791
100764
100738
100713
100688
100663
100640
100617
100595
100574
100553
100532
100512
100490
100469
100448
100427
100407
100387
100367
100348
100329
100311
100292
100274
100254
100236
100217
100198
100180
100161
100144
100126
100109
100091
100073
100055
100037
101988
101976
101978
101967
101969
101959
101960
101951
101951
101941
101940
101929
101926
101915
101910
101897
101889
101874
101863
101845
101830
101808
101789
101763
101739
101709
101680
101645
101611
101572
101535
101493
101453
101410
101369
101326
101287
101245
101208
101169
101135
101100
101069
101037
101008
100979
100951
100923
100896
100868
100842
100814
100789
100762
100736
100710
100686
100661
100638
100615
100593
100572
100551
100530
100509
100488
100467
100446
100425
100404
100384
100365
100346
100327
100308
100290
100271
100252
100234
100214
100196
100177
100159
100142
100124
100106
100089
100071
100053
100034
101988
101976
101978
101968
101969
101960
101960
101951
101951
101941
101940
101930
101926
101915
101910
101897
101890
101874
101864
101845
101831
101809
101790
101763
101740
101709
101680
101645
101612
101572
101535
101493
101453
101410
101370
101327
101287
101246
101208
101170
101135
101100
101069
101037
101008
100979
100952
100923
100896
100868
100842
100815
100789
100762
100736
100710
100686
100661
100638
100615
100593
100572
100551
100530
100510
100488
100467
100446
100425
100405
100385
100365
100346
100327
100309
100290
100271
100252
100234
100215
100196
100178
100159
100142
100124
100107
100089
100071
100053
100035
101990
101978
101980
101970
101971
101961
101962
101953
101953
101943
101942
101932
101928
101917
101912
101899
101891
101876
101865
101847
101832
101810
101791
101765
101742
101711
101682
101647
101613
101574
101537
101495
101455
101412
101371
101328
101289
101247
101210
101171
101137
101102
101071
101039
101010
100981
100953
100925
100898
100870
100844
100817
100791
100764
100738
100712
100688
100663
100640
100617
100595
100574
100553
100532
100511
100490
100469
100448
100427
100406
100386
100367
100348
100329
100311
100292
100273
100254
100236
100216
100198
100179
100161
100144
100126
100108
100091
100073
100055
100036
101986
101974
101976
101965
101967
101957
101958
101949
101949
101939
101938
101928
101924
101913
101908
101895
101887
101872
101861
101843
101829
101807
101787
101761
101738
101707
101678
101643
101609
101570
101533
101491
101451
101408
101367
101324
101285
101243
101206
101167
101133
101098
101067
101035
101006
100977
100949
100921
100894
100866
100840
100813
100787
100760
100734
100708
100684
100659
100636
100613
100591
100570
100549
100528
100507
100486
100465
100444
100423
100402
100382
100363
100344
100325
100307
100288
100269
100250
100232
100212
100194
100175
100157
100140
100122
100104
100087
100069
100051
100032
101992
101980
101983
101972
101973
101964
101964
101955
101955
101945
101944
101934
101930
101919
101914
101901
101894
101878
101868
101849
101835
101813
101794
101767
101744
101713
101684
101649
101615
101576
101539
101497
101457
101414
101374
101331
101291
101250
101212
101173
101139
101104
101073
101041
101012
100983
100955
100927
100900
100872
100846
100819
100793
100766
100740
100714
100690
100665
100642
100619
100597
100576
100555
100534
100513
100492
100471
100450
100429
100409
100388
100369
100350
100331
100313
100294
100275
100256
100238
100219
100200
100182
100163
100146
100128
100110
100093
100075
100057
100038
101984
101971
101974
101963
101965
101955
101956
101947
101946
101937
101935
101925
101922
101911
101906
101893
101885
101870
101859
101841
101826
101804
101785
101759
101735
101705
101676
101641
101607
101568
101531
101489
101449
101406
101365
101322
101282
101241
101204
101165
101131
101096
101064
101033
101004
100974
100947
100919
100892
100864
100838
100810
100784
100758
100732
100706
100682
100657
100634
100611
100589
100567
100547
100526
100505
100484
100463
100442
100421
100400
100380
100361
100342
100323
100304
100286
100267
100248
100229
100210
100192
100173
100155
100137
100120
100102
100084
100067
100049
100030
101994
101982
101985
101974
101976
101966
101967
101957
101957
101948
101946
101936
101933
101921
101916
101903
101896
101881
101870
101852
101837
101815
101796
101770
101746
101715
101686
101651
101618
101578
101541
101499
101460
101416
101376
101333
101293
101252
101214
101176
101141
101106
101075
101043
101015
100985
100958
100929
100903
100875
100848
100821
100795
100768
100743
100717
100692
100668
100644
100621
100600
100578
100557
100536
100516
100494
100474
100452
100432
100411
100391
100371
100352
100333
100315
100296
100278
100259
100240
100221
100202
100184
100166
100148
100130
100113
100095
100077
100059
100041
101982
101969
101972
101961
101963
101953
101954
101944
101944
101935
101933
101923
101920
101908
101903
101890
101883
101868
101857
101839
101824
101802
101783
101757
101733
101702
101674
101638
101605
101566
101528
101486
101447
101403
101363
101320
101280
101239
101201
101163
101128
101093
101062
101030
101002
100972
100945
100916
100890
100862
100836
100808
100782
100755
100730
100704
100679
100655
100631
100608
100587
100565
100545
100523
100503
100481
100461
100439
100419
100398
100378
100358
100339
100321
100302
100283
100265
100246
100227
100208
100189
100171
100153
100135
100117
100100
100082
100064
100046
100028
101998
101986
101989
101978
101979
101969
101970
101961
101961
101951
101950
101940
101936
101925
101920
101907
101900
101884
101874
101855
101841
101819
101800
101773
101750
101719
101690
101655
101621
101582
101545
101503
101463
101420
101380
101336
101297
101255
101218
101179
101145
101110
101079
101047
101018
100989
100961
100933
100906
100878
100852
100825
100799
100772
100746
100720
100696
100671
100648
100625
100603
100582
100561
100540
100519
100498
100477
100456
100435
100414
100394
100375
100356
100337
100318
100300
100281
100262
100244
100224
100206
100187
100169
100152
100134
100116
100099
100081
100063
100044
101981
101968
101971
101960
101962
101952
101953
101944
101943
101934
101932
101922
101919
101908
101903
101890
101882
101867
101856
101838
101823
101801
101782
101756
101732
101701
101673
101637
101604
101565
101528
101486
101446
101403
101362
101319
101279
101238
101200
101162
101127
101093
101061
101030
101001
100971
100944
100916
100889
100861
100835
100807
100781
100754
100729
100703
100678
100654
100631
100608
100586
100564
100544
100522
100502
100481
100460
100439
100418
100397
100377
100358
100338
100320
100301
100282
100264
100245
100226
100207
100189
100170
100152
100134
100116
100099
100081
100063
100046
100027
102012
101999
102002
101991
101993
101983
101984
101975
101975
101965
101964
101953
101950
101939
101934
101921
101913
101898
101887
101869
101854
101832
101813
101787
101763
101733
101704
101669
101635
101596
101559
101517
101477
101434
101393
101350
101311
101269
101232
101193
101159
101124
101092
101061
101032
101002
100975
100947
100920
100892
100866
100838
100812
100785
100760
100734
100709
100685
100662
100639
100617
100595
100575
100553
100533
100512
100491
100469
100449
100428
100408
100388
100369
100351
100332
100313
100295
100276
100257
100238
100219
100201
100183
100165
100147
100130
100112
100094
100076
100058
)
;

boundaryField
{
    upperWall
    {
        type            zeroGradient;
    }
    lowerWall
    {
        type            zeroGradient;
    }
    heatedWall
    {
        type            zeroGradient;
    }
    inlet
    {
        type            zeroGradient;
    }
    outlet
    {
        type            waveTransmissive;
        gamma           1.3;
        fieldInf        100000;
        lInf            0.3;
        value           nonuniform List<scalar> 
120
(
100044
100020
100033
100021
100031
100023
100029
100024
100027
100026
100026
100027
100024
100029
100023
100031
100021
100033
100020
100043
100015
100038
100019
100035
100021
100033
100024
100030
100026
100028
100028
100026
100030
100024
100032
100022
100035
100019
100038
100015
100027
100027
100027
100027
100027
100027
100027
100027
100027
100027
100027
100027
100027
100027
100027
100027
100027
100027
100027
100027
100027
100027
100027
100027
100027
100027
100027
100027
100027
100027
100027
100027
100027
100027
100027
100027
100027
100027
100027
100027
100015
100038
100019
100035
100021
100033
100024
100030
100026
100028
100028
100026
100030
100024
100032
100022
100035
100019
100038
100015
100044
100020
100033
100021
100031
100023
100029
100024
100027
100026
100026
100027
100024
100029
100023
100031
100021
100033
100020
100043
)
;
    }
    frontAndBack
    {
        type            empty;
    }
}


// ************************************************************************* //
