/*--------------------------------*- C++ -*----------------------------------*\
  =========                 |
  \\      /  F ield         | OpenFOAM: The Open Source CFD Toolbox
   \\    /   O peration     | Website:  https://openfoam.org
    \\  /    A nd           | Version:  7
     \\/     M anipulation  |
\*---------------------------------------------------------------------------*/
FoamFile
{
    version     2.0;
    format      ascii;
    class       volScalarField;
    location    "1.4525";
    object      pMean;
}
// * * * * * * * * * * * * * * * * * * * * * * * * * * * * * * * * * * * * * //

dimensions      [1 -1 -2 0 0 0 0];

internalField   nonuniform List<scalar> 
4950
(
100651
100638
100643
100634
100638
100631
100634
100628
100631
100626
100628
100623
100625
100621
100622
100619
100620
100617
100617
100614
100637
100626
100631
100622
100626
100619
100622
100616
100619
100614
100616
100611
100613
100609
100610
100607
100608
100605
100605
100602
100647
100636
100641
100632
100636
100629
100632
100626
100629
100624
100626
100621
100623
100619
100620
100617
100618
100615
100616
100613
100636
100626
100631
100622
100626
100619
100622
100616
100619
100614
100616
100611
100613
100609
100610
100607
100608
100605
100604
100602
100646
100636
100641
100632
100636
100629
100632
100626
100629
100624
100626
100621
100623
100619
100620
100617
100618
100615
100616
100613
100636
100626
100631
100622
100626
100619
100622
100616
100619
100614
100616
100611
100613
100609
100610
100607
100608
100605
100604
100602
100647
100636
100641
100632
100636
100629
100632
100626
100629
100624
100626
100621
100623
100619
100620
100617
100618
100615
100616
100613
100637
100626
100631
100622
100626
100619
100622
100616
100619
100614
100616
100611
100613
100609
100610
100607
100608
100605
100605
100602
100651
100638
100643
100634
100638
100631
100634
100628
100631
100626
100628
100623
100625
100621
100622
100619
100620
100617
100617
100614
100620
100621
100616
100617
100612
100613
100610
100611
100608
100608
100606
100606
100604
100604
100602
100602
100601
100600
100599
100598
100629
100631
100626
100627
100623
100624
100620
100621
100618
100618
100616
100616
100615
100614
100613
100612
100611
100610
100610
100610
100620
100621
100616
100617
100613
100614
100610
100611
100608
100608
100606
100606
100604
100604
100603
100602
100601
100600
100598
100598
100628
100631
100626
100627
100623
100624
100620
100621
100618
100618
100616
100616
100615
100614
100613
100612
100611
100610
100610
100610
100620
100621
100616
100617
100613
100614
100610
100611
100608
100608
100606
100606
100604
100604
100603
100602
100601
100600
100598
100598
100628
100631
100626
100627
100623
100624
100620
100621
100618
100618
100616
100616
100615
100614
100613
100612
100611
100610
100610
100610
100620
100621
100616
100617
100613
100614
100610
100611
100608
100608
100606
100606
100604
100604
100603
100602
100601
100600
100598
100598
100629
100631
100626
100627
100623
100624
100620
100621
100618
100618
100616
100616
100615
100614
100613
100612
100611
100610
100610
100610
100620
100621
100616
100617
100612
100613
100610
100611
100608
100608
100606
100606
100604
100604
100602
100602
100601
100600
100599
100598
100612
100610
100610
100608
100607
100606
100605
100604
100602
100602
100600
100600
100599
100598
100597
100596
100595
100594
100593
100593
100612
100610
100610
100608
100607
100606
100605
100604
100602
100602
100600
100600
100599
100598
100597
100596
100595
100594
100593
100593
100612
100610
100609
100608
100607
100606
100605
100604
100602
100602
100600
100600
100599
100598
100597
100596
100595
100594
100593
100593
100611
100610
100610
100608
100607
100606
100605
100604
100603
100602
100601
100600
100599
100598
100597
100596
100595
100594
100593
100593
100611
100610
100609
100608
100607
100606
100605
100604
100602
100602
100600
100600
100599
100598
100597
100596
100595
100594
100593
100593
100611
100610
100610
100608
100607
100606
100605
100604
100603
100602
100601
100600
100599
100598
100597
100596
100595
100594
100593
100593
100612
100610
100609
100608
100607
100606
100605
100604
100602
100602
100600
100600
100599
100598
100597
100596
100595
100594
100593
100593
100612
100610
100610
100608
100607
100606
100605
100604
100602
100602
100600
100600
100599
100598
100597
100596
100595
100594
100593
100593
100612
100610
100610
100608
100607
100606
100605
100604
100602
100602
100600
100600
100599
100598
100597
100596
100595
100594
100593
100593
100620
100621
100616
100617
100612
100613
100610
100611
100608
100608
100606
100606
100604
100604
100602
100602
100601
100600
100599
100598
100629
100631
100626
100627
100623
100624
100620
100621
100618
100618
100616
100616
100615
100614
100613
100612
100611
100610
100610
100610
100620
100621
100616
100617
100613
100614
100610
100611
100608
100608
100606
100606
100604
100604
100603
100602
100601
100600
100598
100598
100628
100631
100626
100627
100623
100624
100620
100621
100618
100618
100616
100616
100615
100614
100613
100612
100611
100610
100610
100610
100620
100621
100616
100617
100613
100614
100610
100611
100608
100608
100606
100606
100604
100604
100603
100602
100601
100600
100598
100598
100628
100631
100626
100627
100623
100624
100620
100621
100618
100618
100616
100616
100615
100614
100613
100612
100611
100610
100610
100610
100620
100621
100616
100617
100613
100614
100610
100611
100608
100608
100606
100606
100604
100604
100603
100602
100601
100600
100598
100598
100629
100631
100626
100627
100623
100624
100620
100621
100618
100618
100616
100616
100615
100614
100613
100612
100611
100610
100610
100610
100620
100621
100616
100617
100612
100613
100610
100611
100608
100608
100606
100606
100604
100604
100602
100602
100601
100600
100599
100598
100651
100638
100643
100634
100638
100631
100634
100628
100631
100626
100628
100623
100625
100621
100622
100619
100620
100617
100617
100614
100637
100626
100631
100622
100626
100619
100622
100616
100619
100614
100616
100611
100613
100609
100610
100607
100608
100605
100605
100602
100647
100636
100641
100632
100636
100629
100632
100626
100629
100624
100626
100621
100623
100619
100620
100617
100618
100615
100616
100613
100636
100626
100631
100622
100626
100619
100622
100616
100619
100614
100616
100611
100613
100609
100610
100607
100608
100605
100604
100602
100646
100636
100641
100632
100636
100629
100632
100626
100629
100624
100626
100621
100623
100619
100620
100617
100618
100615
100616
100613
100636
100626
100631
100622
100626
100619
100622
100616
100619
100614
100616
100611
100613
100609
100610
100607
100608
100605
100604
100602
100647
100636
100641
100632
100636
100629
100632
100626
100629
100624
100626
100621
100623
100619
100620
100617
100618
100615
100616
100613
100637
100626
100631
100622
100626
100619
100622
100616
100619
100614
100616
100611
100613
100609
100610
100607
100608
100605
100605
100602
100651
100638
100643
100634
100638
100631
100634
100628
100631
100626
100628
100623
100625
100621
100622
100619
100620
100617
100617
100614
100630
100614
100614
100600
100599
100586
100584
100572
100570
100559
100556
100545
100542
100532
100528
100518
100515
100505
100501
100492
100488
100479
100475
100466
100461
100453
100448
100440
100435
100427
100422
100413
100408
100400
100395
100387
100382
100374
100369
100361
100356
100348
100342
100335
100329
100322
100316
100308
100303
100295
100290
100282
100276
100269
100263
100256
100250
100243
100237
100229
100223
100216
100210
100203
100197
100190
100183
100176
100170
100163
100157
100150
100144
100137
100130
100124
100117
100110
100104
100097
100091
100084
100077
100071
100064
100057
100051
100044
100038
100031
100598
100582
100581
100567
100566
100553
100551
100539
100537
100525
100523
100512
100509
100498
100495
100485
100482
100472
100468
100459
100455
100446
100441
100432
100428
100419
100415
100406
100402
100393
100388
100380
100375
100367
100362
100354
100349
100341
100336
100328
100322
100315
100309
100301
100296
100288
100283
100275
100269
100262
100256
100249
100243
100236
100230
100223
100217
100209
100203
100196
100190
100183
100177
100170
100163
100156
100150
100143
100137
100130
100124
100117
100110
100104
100097
100090
100084
100077
100071
100064
100057
100051
100044
100037
100031
100024
100018
100011
100005
99998.3
100624
100608
100609
100594
100593
100580
100578
100566
100564
100553
100550
100539
100536
100526
100523
100513
100509
100499
100496
100486
100482
100473
100469
100460
100456
100447
100442
100434
100429
100421
100416
100408
100403
100394
100389
100381
100376
100368
100363
100355
100350
100342
100337
100329
100323
100316
100310
100303
100297
100289
100284
100276
100270
100263
100257
100250
100244
100237
100231
100224
100217
100210
100204
100197
100191
100184
100178
100171
100164
100157
100151
100144
100138
100131
100125
100118
100111
100104
100098
100091
100085
100078
100071
100065
100058
100052
100045
100038
100032
100025
100598
100582
100581
100566
100565
100552
100551
100539
100536
100525
100522
100511
100508
100498
100495
100485
100481
100471
100468
100458
100454
100445
100441
100432
100428
100419
100414
100406
100401
100393
100388
100380
100375
100367
100362
100354
100348
100340
100335
100327
100322
100314
100309
100301
100295
100288
100282
100275
100269
100262
100256
100248
100243
100235
100229
100222
100216
100209
100203
100196
100190
100183
100176
100169
100163
100156
100150
100143
100137
100130
100123
100116
100110
100103
100097
100090
100083
100077
100070
100063
100057
100050
100044
100037
100031
100024
100017
100011
100004
99998
100624
100608
100608
100594
100593
100580
100578
100566
100564
100552
100550
100539
100536
100526
100522
100512
100509
100499
100495
100486
100482
100473
100469
100460
100455
100447
100442
100433
100429
100420
100416
100407
100402
100394
100389
100381
100376
100368
100363
100355
100349
100342
100336
100329
100323
100315
100310
100302
100297
100289
100283
100276
100270
100263
100257
100250
100244
100236
100230
100223
100217
100210
100204
100197
100191
100184
100177
100170
100164
100157
100151
100144
100138
100131
100124
100117
100111
100104
100098
100091
100084
100078
100071
100065
100058
100051
100045
100038
100031
100025
100598
100582
100581
100567
100565
100552
100551
100539
100536
100525
100522
100511
100508
100498
100495
100485
100481
100472
100468
100458
100454
100445
100441
100432
100428
100419
100414
100406
100401
100393
100388
100380
100375
100367
100362
100354
100348
100340
100335
100327
100322
100314
100309
100301
100296
100288
100282
100275
100269
100262
100256
100249
100243
100235
100229
100222
100216
100209
100203
100196
100190
100183
100176
100169
100163
100156
100150
100143
100137
100130
100123
100116
100110
100103
100097
100090
100084
100077
100070
100063
100057
100050
100044
100037
100031
100024
100017
100011
100005
99998
100624
100608
100608
100594
100593
100580
100578
100566
100564
100553
100550
100539
100536
100526
100523
100513
100509
100499
100496
100486
100482
100473
100469
100460
100455
100447
100442
100434
100429
100421
100416
100407
100403
100394
100389
100381
100376
100368
100363
100355
100350
100342
100336
100329
100323
100316
100310
100303
100297
100289
100284
100276
100270
100263
100257
100250
100244
100237
100231
100223
100217
100210
100204
100197
100191
100184
100178
100171
100164
100157
100151
100144
100138
100131
100124
100118
100111
100104
100098
100091
100085
100078
100071
100065
100058
100052
100045
100038
100032
100025
100598
100582
100581
100567
100566
100553
100551
100539
100537
100525
100523
100512
100509
100499
100495
100485
100482
100472
100468
100459
100455
100446
100442
100433
100428
100420
100415
100406
100402
100393
100389
100380
100375
100367
100362
100354
100349
100341
100336
100328
100322
100315
100309
100302
100296
100288
100283
100275
100270
100262
100256
100249
100243
100236
100230
100223
100217
100209
100203
100196
100190
100183
100177
100170
100164
100157
100150
100143
100137
100130
100124
100117
100111
100104
100097
100090
100084
100077
100071
100064
100057
100051
100044
100038
100031
100024
100018
100011
100005
99998.4
100630
100614
100614
100600
100599
100586
100584
100572
100570
100558
100556
100545
100542
100532
100528
100518
100515
100505
100501
100492
100488
100479
100475
100466
100461
100452
100448
100439
100435
100426
100421
100413
100408
100400
100395
100387
100382
100374
100369
100361
100355
100348
100342
100335
100329
100321
100316
100308
100303
100295
100289
100282
100276
100269
100263
100256
100250
100242
100236
100229
100223
100216
100210
100203
100196
100189
100183
100176
100170
100163
100157
100150
100143
100137
100130
100123
100117
100110
100104
100097
100090
100084
100077
100070
100064
100057
100051
100044
100037
100031
100584
100573
100571
100561
100559
100549
100547
100536
100534
100524
100521
100511
100508
100499
100495
100486
100483
100473
100470
100460
100456
100448
100443
100435
100430
100422
100417
100409
100404
100396
100391
100383
100378
100370
100365
100357
100352
100344
100338
100331
100325
100317
100312
100304
100299
100291
100286
100278
100272
100265
100259
100252
100246
100239
100233
100225
100219
100212
100206
100199
100193
100186
100180
100173
100166
100159
100153
100146
100140
100133
100127
100120
100113
100106
100100
100093
100087
100080
100073
100067
100060
100053
100047
100040
100033
100027
100020
100013
100006
99999.8
100612
100602
100601
100591
100589
100578
100576
100566
100564
100554
100551
100541
100538
100529
100525
100516
100512
100503
100499
100490
100486
100477
100473
100464
100460
100451
100447
100439
100434
100426
100421
100413
100408
100399
100394
100386
100381
100373
100368
100360
100355
100347
100342
100334
100329
100321
100315
100308
100302
100295
100289
100281
100276
100268
100262
100255
100249
100242
100236
100229
100223
100216
100209
100202
100196
100189
100183
100176
100170
100163
100156
100149
100143
100136
100130
100123
100116
100110
100103
100096
100090
100083
100076
100070
100063
100056
100050
100043
100036
100029
100585
100575
100572
100562
100560
100550
100548
100537
100535
100525
100522
100512
100509
100500
100496
100487
100484
100474
100471
100461
100457
100449
100444
100436
100431
100423
100418
100410
100405
100397
100392
100384
100379
100371
100366
100358
100353
100345
100339
100332
100326
100318
100313
100305
100300
100292
100287
100279
100273
100266
100260
100253
100247
100240
100234
100226
100220
100213
100207
100200
100194
100187
100181
100174
100167
100160
100154
100147
100141
100134
100128
100121
100114
100107
100101
100094
100088
100081
100074
100068
100061
100054
100048
100041
100034
100028
100021
100014
100008
100001
100612
100602
100600
100590
100588
100578
100576
100566
100563
100553
100551
100541
100538
100528
100525
100515
100512
100503
100499
100490
100486
100477
100473
100464
100460
100451
100447
100438
100433
100425
100420
100412
100407
100399
100394
100386
100381
100373
100368
100360
100355
100347
100341
100334
100328
100321
100315
100307
100302
100294
100288
100281
100275
100268
100262
100255
100249
100242
100235
100228
100222
100215
100209
100202
100196
100189
100182
100175
100169
100162
100156
100149
100143
100136
100129
100122
100116
100109
100103
100096
100089
100083
100076
100069
100063
100056
100049
100043
100035
100029
100586
100575
100572
100562
100560
100550
100548
100538
100535
100525
100523
100513
100510
100500
100497
100487
100484
100475
100471
100462
100458
100449
100445
100436
100432
100423
100419
100410
100405
100397
100392
100384
100379
100371
100366
100358
100353
100345
100340
100332
100326
100319
100313
100306
100300
100293
100287
100279
100274
100266
100260
100253
100247
100240
100234
100227
100221
100214
100207
100200
100194
100187
100181
100174
100168
100161
100154
100147
100141
100134
100128
100121
100115
100108
100101
100094
100088
100081
100075
100068
100061
100055
100048
100041
100035
100028
100021
100015
100008
100001
100612
100602
100600
100590
100588
100578
100576
100566
100563
100553
100550
100541
100538
100528
100525
100515
100512
100503
100499
100490
100486
100477
100473
100464
100460
100451
100447
100438
100433
100425
100420
100412
100407
100399
100394
100386
100381
100373
100368
100360
100354
100347
100341
100334
100328
100320
100315
100307
100302
100294
100288
100281
100275
100268
100262
100255
100249
100241
100235
100228
100222
100215
100209
100202
100196
100189
100182
100175
100169
100162
100156
100149
100142
100136
100129
100122
100116
100109
100103
100096
100089
100082
100076
100069
100062
100056
100049
100042
100035
100029
100585
100575
100572
100562
100560
100550
100548
100538
100535
100525
100522
100512
100509
100500
100497
100487
100484
100474
100471
100461
100458
100449
100444
100436
100431
100423
100418
100410
100405
100397
100392
100384
100379
100371
100366
100358
100353
100345
100339
100332
100326
100319
100313
100305
100300
100292
100287
100279
100273
100266
100260
100253
100247
100240
100234
100227
100221
100213
100207
100200
100194
100187
100181
100174
100167
100160
100154
100147
100141
100134
100128
100121
100114
100107
100101
100094
100088
100081
100074
100068
100061
100054
100048
100041
100034
100028
100021
100014
100008
100001
100612
100602
100600
100590
100588
100578
100576
100566
100563
100554
100551
100541
100538
100528
100525
100516
100512
100503
100499
100490
100486
100477
100473
100464
100460
100451
100447
100438
100434
100425
100421
100412
100407
100399
100394
100386
100381
100373
100368
100360
100355
100347
100341
100334
100328
100321
100315
100308
100302
100294
100289
100281
100275
100268
100262
100255
100249
100242
100236
100229
100222
100215
100209
100202
100196
100189
100183
100176
100169
100162
100156
100149
100143
100136
100129
100123
100116
100109
100103
100096
100089
100083
100076
100069
100063
100056
100049
100043
100036
100029
100584
100573
100571
100561
100559
100549
100547
100537
100534
100524
100521
100512
100509
100499
100496
100486
100483
100473
100470
100461
100457
100448
100444
100435
100430
100422
100417
100409
100404
100396
100391
100383
100378
100370
100365
100357
100352
100344
100338
100331
100325
100318
100312
100304
100299
100291
100286
100278
100272
100265
100259
100252
100246
100239
100233
100226
100220
100212
100206
100199
100193
100186
100180
100173
100166
100159
100153
100146
100140
100133
100127
100120
100113
100106
100100
100093
100087
100080
100073
100067
100060
100053
100047
100040
100033
100027
100020
100013
100007
99999.9
100590
100581
100578
100570
100567
100558
100555
100546
100544
100535
100532
100523
100519
100510
100507
100498
100494
100485
100482
100473
100469
100460
100456
100448
100443
100435
100430
100422
100417
100409
100404
100396
100391
100383
100378
100370
100365
100357
100352
100344
100339
100331
100325
100318
100312
100305
100299
100292
100286
100278
100273
100265
100259
100252
100246
100239
100233
100226
100220
100212
100206
100199
100193
100186
100180
100173
100167
100160
100153
100146
100140
100133
100127
100120
100113
100106
100100
100093
100087
100080
100073
100067
100060
100053
100047
100040
100033
100027
100020
100013
100590
100581
100578
100570
100567
100558
100556
100547
100544
100535
100532
100523
100520
100511
100507
100498
100495
100486
100482
100473
100469
100460
100456
100448
100443
100435
100431
100422
100417
100409
100404
100396
100391
100383
100378
100370
100365
100357
100352
100344
100339
100331
100326
100318
100312
100305
100299
100292
100286
100279
100273
100265
100260
100252
100246
100239
100233
100226
100220
100213
100207
100199
100193
100186
100180
100173
100167
100160
100153
100147
100140
100133
100127
100120
100114
100107
100100
100093
100087
100080
100073
100067
100060
100053
100047
100040
100033
100027
100020
100013
100590
100581
100578
100569
100567
100558
100555
100546
100544
100534
100532
100522
100519
100510
100507
100498
100494
100485
100482
100473
100469
100460
100456
100447
100443
100435
100430
100422
100417
100409
100404
100396
100391
100383
100378
100370
100365
100357
100352
100344
100338
100331
100325
100318
100312
100304
100299
100291
100286
100278
100272
100265
100259
100252
100246
100239
100233
100226
100219
100212
100206
100199
100193
100186
100180
100173
100166
100159
100153
100146
100140
100133
100126
100120
100113
100106
100100
100093
100086
100080
100073
100066
100060
100053
100046
100040
100033
100026
100020
100013
100590
100581
100578
100570
100567
100558
100556
100547
100544
100535
100532
100523
100520
100511
100507
100498
100495
100486
100482
100473
100469
100461
100457
100448
100444
100435
100431
100422
100418
100409
100405
100396
100391
100383
100378
100370
100365
100357
100352
100344
100339
100331
100326
100318
100313
100305
100299
100292
100286
100279
100273
100266
100260
100252
100246
100239
100233
100226
100220
100213
100207
100200
100193
100186
100180
100173
100167
100160
100154
100147
100140
100133
100127
100120
100114
100107
100100
100093
100087
100080
100074
100067
100060
100054
100047
100040
100033
100027
100020
100013
100590
100581
100578
100569
100567
100558
100555
100546
100543
100534
100531
100522
100519
100510
100507
100498
100494
100485
100482
100473
100469
100460
100456
100447
100443
100434
100430
100422
100417
100409
100404
100396
100391
100383
100378
100370
100365
100357
100352
100344
100338
100331
100325
100318
100312
100304
100299
100291
100286
100278
100272
100265
100259
100252
100246
100239
100233
100225
100219
100212
100206
100199
100193
100186
100180
100173
100166
100159
100153
100146
100140
100133
100126
100120
100113
100106
100100
100093
100086
100080
100073
100066
100060
100053
100046
100040
100033
100026
100020
100013
100590
100581
100578
100570
100567
100558
100556
100547
100544
100535
100532
100523
100520
100511
100507
100498
100495
100486
100482
100473
100469
100461
100456
100448
100444
100435
100431
100422
100418
100409
100405
100396
100391
100383
100378
100370
100365
100357
100352
100344
100339
100331
100326
100318
100313
100305
100299
100292
100286
100279
100273
100266
100260
100252
100246
100239
100233
100226
100220
100213
100207
100200
100193
100186
100180
100173
100167
100160
100154
100147
100140
100133
100127
100120
100114
100107
100100
100093
100087
100080
100074
100067
100060
100054
100047
100040
100033
100027
100020
100013
100590
100581
100578
100569
100567
100558
100555
100546
100544
100534
100532
100522
100519
100510
100507
100498
100494
100485
100482
100473
100469
100460
100456
100447
100443
100435
100430
100422
100417
100409
100404
100396
100391
100383
100378
100370
100365
100357
100352
100344
100338
100331
100325
100318
100312
100304
100299
100291
100286
100278
100272
100265
100259
100252
100246
100239
100233
100225
100219
100212
100206
100199
100193
100186
100180
100173
100166
100159
100153
100146
100140
100133
100126
100120
100113
100106
100100
100093
100086
100080
100073
100066
100060
100053
100046
100040
100033
100026
100020
100013
100590
100581
100578
100570
100567
100558
100556
100547
100544
100535
100532
100523
100520
100511
100507
100498
100495
100486
100482
100473
100469
100460
100456
100448
100443
100435
100430
100422
100417
100409
100404
100396
100391
100383
100378
100370
100365
100357
100352
100344
100339
100331
100326
100318
100312
100305
100299
100292
100286
100279
100273
100265
100260
100252
100246
100239
100233
100226
100220
100213
100207
100199
100193
100186
100180
100173
100167
100160
100153
100147
100140
100133
100127
100120
100114
100107
100100
100093
100087
100080
100073
100067
100060
100053
100047
100040
100033
100027
100020
100013
100590
100581
100578
100570
100567
100558
100555
100546
100544
100535
100532
100523
100519
100510
100507
100498
100494
100485
100482
100473
100469
100460
100456
100447
100443
100435
100430
100422
100417
100409
100404
100396
100391
100383
100378
100370
100365
100357
100352
100344
100339
100331
100325
100318
100312
100305
100299
100292
100286
100278
100273
100265
100259
100252
100246
100239
100233
100226
100220
100212
100206
100199
100193
100186
100180
100173
100166
100160
100153
100146
100140
100133
100127
100120
100113
100106
100100
100093
100087
100080
100073
100067
100060
100053
100046
100040
100033
100026
100020
100013
100584
100573
100571
100561
100559
100549
100547
100536
100534
100524
100521
100511
100508
100499
100495
100486
100483
100473
100470
100460
100456
100448
100443
100435
100430
100422
100417
100409
100404
100396
100391
100383
100378
100370
100365
100357
100352
100344
100338
100331
100325
100317
100312
100304
100299
100291
100286
100278
100272
100265
100259
100252
100246
100239
100233
100225
100219
100212
100206
100199
100193
100186
100180
100173
100166
100159
100153
100146
100140
100133
100127
100120
100113
100106
100100
100093
100087
100080
100073
100067
100060
100053
100047
100040
100033
100027
100020
100013
100006
99999.8
100612
100602
100601
100591
100589
100578
100576
100566
100564
100554
100551
100541
100538
100529
100525
100516
100512
100503
100499
100490
100486
100477
100473
100464
100460
100451
100447
100439
100434
100426
100421
100413
100408
100399
100394
100386
100381
100373
100368
100360
100355
100347
100342
100334
100329
100321
100315
100308
100302
100295
100289
100281
100276
100268
100262
100255
100249
100242
100236
100229
100223
100216
100209
100202
100196
100189
100183
100176
100170
100163
100156
100149
100143
100136
100130
100123
100116
100110
100103
100096
100090
100083
100076
100070
100063
100056
100050
100043
100036
100029
100585
100575
100572
100562
100560
100550
100548
100537
100535
100525
100522
100512
100509
100500
100496
100487
100484
100474
100471
100461
100457
100449
100444
100436
100431
100423
100418
100410
100405
100397
100392
100384
100379
100371
100366
100358
100353
100345
100339
100332
100326
100318
100313
100305
100300
100292
100287
100279
100273
100266
100260
100253
100247
100240
100234
100226
100220
100213
100207
100200
100194
100187
100181
100174
100167
100160
100154
100147
100141
100134
100128
100121
100114
100107
100101
100094
100088
100081
100074
100068
100061
100054
100048
100041
100034
100028
100021
100014
100008
100001
100612
100602
100600
100590
100588
100578
100576
100566
100563
100553
100551
100541
100538
100528
100525
100515
100512
100503
100499
100490
100486
100477
100473
100464
100460
100451
100447
100438
100433
100425
100420
100412
100407
100399
100394
100386
100381
100373
100368
100360
100355
100347
100341
100334
100328
100321
100315
100307
100302
100294
100288
100281
100275
100268
100262
100255
100249
100242
100235
100228
100222
100215
100209
100202
100196
100189
100182
100175
100169
100162
100156
100149
100143
100136
100129
100122
100116
100109
100103
100096
100089
100083
100076
100069
100063
100056
100049
100043
100035
100029
100586
100575
100572
100562
100560
100550
100548
100538
100535
100525
100523
100513
100510
100500
100497
100487
100484
100475
100471
100462
100458
100449
100445
100436
100432
100423
100419
100410
100405
100397
100392
100384
100379
100371
100366
100358
100353
100345
100340
100332
100326
100319
100313
100306
100300
100293
100287
100279
100274
100266
100260
100253
100247
100240
100234
100227
100221
100214
100207
100200
100194
100187
100181
100174
100168
100161
100154
100147
100141
100134
100128
100121
100115
100108
100101
100094
100088
100081
100075
100068
100061
100055
100048
100041
100035
100028
100021
100015
100008
100001
100612
100602
100600
100590
100588
100578
100576
100566
100563
100553
100550
100541
100538
100528
100525
100515
100512
100503
100499
100490
100486
100477
100473
100464
100460
100451
100447
100438
100433
100425
100420
100412
100407
100399
100394
100386
100381
100373
100368
100360
100354
100347
100341
100334
100328
100320
100315
100307
100302
100294
100288
100281
100275
100268
100262
100255
100249
100241
100235
100228
100222
100215
100209
100202
100196
100189
100182
100175
100169
100162
100156
100149
100142
100136
100129
100122
100116
100109
100103
100096
100089
100082
100076
100069
100062
100056
100049
100042
100035
100029
100585
100575
100572
100562
100560
100550
100548
100538
100535
100525
100522
100512
100509
100500
100497
100487
100484
100474
100471
100461
100458
100449
100444
100436
100431
100423
100418
100410
100405
100397
100392
100384
100379
100371
100366
100358
100353
100345
100339
100332
100326
100319
100313
100305
100300
100292
100287
100279
100273
100266
100260
100253
100247
100240
100234
100227
100221
100213
100207
100200
100194
100187
100181
100174
100167
100160
100154
100147
100141
100134
100128
100121
100114
100107
100101
100094
100088
100081
100074
100068
100061
100054
100048
100041
100034
100028
100021
100014
100008
100001
100612
100602
100600
100590
100588
100578
100576
100566
100563
100554
100551
100541
100538
100528
100525
100516
100512
100503
100499
100490
100486
100477
100473
100464
100460
100451
100447
100438
100434
100425
100421
100412
100407
100399
100394
100386
100381
100373
100368
100360
100355
100347
100341
100334
100328
100321
100315
100308
100302
100294
100289
100281
100275
100268
100262
100255
100249
100242
100236
100229
100222
100215
100209
100202
100196
100189
100183
100176
100169
100162
100156
100149
100143
100136
100129
100123
100116
100109
100103
100096
100089
100083
100076
100069
100063
100056
100049
100043
100036
100029
100584
100573
100571
100561
100559
100549
100547
100537
100534
100524
100521
100512
100509
100499
100496
100486
100483
100473
100470
100461
100457
100448
100444
100435
100430
100422
100417
100409
100404
100396
100391
100383
100378
100370
100365
100357
100352
100344
100338
100331
100325
100318
100312
100304
100299
100291
100286
100278
100272
100265
100259
100252
100246
100239
100233
100226
100220
100212
100206
100199
100193
100186
100180
100173
100166
100159
100153
100146
100140
100133
100127
100120
100113
100106
100100
100093
100087
100080
100073
100067
100060
100053
100047
100040
100033
100027
100020
100013
100007
99999.9
100630
100614
100614
100600
100599
100586
100584
100572
100570
100559
100556
100545
100542
100532
100528
100518
100515
100505
100501
100492
100488
100479
100475
100466
100461
100453
100448
100440
100435
100427
100422
100413
100408
100400
100395
100387
100382
100374
100369
100361
100356
100348
100342
100335
100329
100322
100316
100308
100303
100295
100290
100282
100276
100269
100263
100256
100250
100243
100237
100229
100223
100216
100210
100203
100197
100190
100183
100176
100170
100163
100157
100150
100144
100137
100130
100124
100117
100110
100104
100097
100091
100084
100077
100071
100064
100057
100051
100044
100038
100031
100598
100582
100581
100567
100566
100553
100551
100539
100537
100525
100523
100512
100509
100498
100495
100485
100482
100472
100468
100459
100455
100446
100441
100432
100428
100419
100415
100406
100402
100393
100388
100380
100375
100367
100362
100354
100349
100341
100336
100328
100322
100315
100309
100301
100296
100288
100283
100275
100269
100262
100256
100249
100243
100236
100230
100223
100217
100209
100203
100196
100190
100183
100177
100170
100163
100156
100150
100143
100137
100130
100124
100117
100110
100104
100097
100090
100084
100077
100071
100064
100057
100051
100044
100037
100031
100024
100018
100011
100005
99998.3
100624
100608
100609
100594
100593
100580
100578
100566
100564
100553
100550
100539
100536
100526
100523
100513
100509
100499
100496
100486
100482
100473
100469
100460
100456
100447
100442
100434
100429
100421
100416
100408
100403
100394
100389
100381
100376
100368
100363
100355
100350
100342
100337
100329
100323
100316
100310
100303
100297
100289
100284
100276
100270
100263
100257
100250
100244
100237
100231
100224
100217
100210
100204
100197
100191
100184
100178
100171
100164
100157
100151
100144
100138
100131
100125
100118
100111
100104
100098
100091
100085
100078
100071
100065
100058
100052
100045
100038
100032
100025
100598
100582
100581
100566
100565
100552
100551
100539
100536
100525
100522
100511
100508
100498
100495
100485
100481
100471
100468
100458
100454
100445
100441
100432
100428
100419
100414
100406
100401
100393
100388
100380
100375
100367
100362
100354
100348
100340
100335
100327
100322
100314
100309
100301
100295
100288
100282
100275
100269
100262
100256
100248
100243
100235
100229
100222
100216
100209
100203
100196
100190
100183
100176
100169
100163
100156
100150
100143
100137
100130
100123
100116
100110
100103
100097
100090
100083
100077
100070
100063
100057
100050
100044
100037
100031
100024
100017
100011
100004
99998
100624
100608
100608
100594
100593
100580
100578
100566
100564
100552
100550
100539
100536
100526
100522
100512
100509
100499
100495
100486
100482
100473
100469
100460
100455
100447
100442
100433
100429
100420
100416
100407
100402
100394
100389
100381
100376
100368
100363
100355
100349
100342
100336
100329
100323
100315
100310
100302
100297
100289
100283
100276
100270
100263
100257
100250
100244
100236
100230
100223
100217
100210
100204
100197
100191
100184
100177
100170
100164
100157
100151
100144
100138
100131
100124
100117
100111
100104
100098
100091
100084
100078
100071
100065
100058
100051
100045
100038
100031
100025
100598
100582
100581
100567
100565
100552
100551
100539
100536
100525
100522
100511
100508
100498
100495
100485
100481
100472
100468
100458
100454
100445
100441
100432
100428
100419
100414
100406
100401
100393
100388
100380
100375
100367
100362
100354
100348
100340
100335
100327
100322
100314
100309
100301
100296
100288
100282
100275
100269
100262
100256
100249
100243
100235
100229
100222
100216
100209
100203
100196
100190
100183
100176
100169
100163
100156
100150
100143
100137
100130
100123
100116
100110
100103
100097
100090
100084
100077
100070
100063
100057
100050
100044
100037
100031
100024
100017
100011
100005
99998
100624
100608
100608
100594
100593
100580
100578
100566
100564
100553
100550
100539
100536
100526
100523
100513
100509
100499
100496
100486
100482
100473
100469
100460
100455
100447
100442
100434
100429
100421
100416
100407
100403
100394
100389
100381
100376
100368
100363
100355
100350
100342
100336
100329
100323
100316
100310
100303
100297
100289
100284
100276
100270
100263
100257
100250
100244
100237
100231
100223
100217
100210
100204
100197
100191
100184
100178
100171
100164
100157
100151
100144
100138
100131
100124
100118
100111
100104
100098
100091
100085
100078
100071
100065
100058
100052
100045
100038
100032
100025
100598
100582
100581
100567
100566
100553
100551
100539
100537
100525
100523
100512
100509
100499
100495
100485
100482
100472
100468
100459
100455
100446
100442
100433
100428
100420
100415
100406
100402
100393
100389
100380
100375
100367
100362
100354
100349
100341
100336
100328
100322
100315
100309
100302
100296
100288
100283
100275
100270
100262
100256
100249
100243
100236
100230
100223
100217
100209
100203
100196
100190
100183
100177
100170
100164
100157
100150
100143
100137
100130
100124
100117
100111
100104
100097
100090
100084
100077
100071
100064
100057
100051
100044
100038
100031
100024
100018
100011
100005
99998.4
100630
100614
100614
100600
100599
100586
100584
100572
100570
100558
100556
100545
100542
100532
100528
100518
100515
100505
100501
100492
100488
100479
100475
100466
100461
100452
100448
100439
100435
100426
100421
100413
100408
100400
100395
100387
100382
100374
100369
100361
100355
100348
100342
100335
100329
100321
100316
100308
100303
100295
100289
100282
100276
100269
100263
100256
100250
100242
100236
100229
100223
100216
100210
100203
100196
100189
100183
100176
100170
100163
100157
100150
100143
100137
100130
100123
100117
100110
100104
100097
100090
100084
100077
100070
100064
100057
100051
100044
100037
100031
)
;

boundaryField
{
    upperWall
    {
        type            calculated;
        value           nonuniform List<scalar> 
550
(
100651
100620
100612
100620
100651
100638
100621
100610
100621
100638
100643
100616
100610
100616
100643
100634
100617
100608
100617
100634
100638
100612
100607
100612
100638
100631
100613
100606
100613
100631
100634
100610
100605
100610
100634
100628
100611
100604
100611
100628
100631
100608
100602
100608
100631
100626
100608
100602
100608
100626
100628
100606
100600
100606
100628
100623
100606
100600
100606
100623
100625
100604
100599
100604
100625
100621
100604
100598
100604
100621
100622
100602
100597
100602
100622
100619
100602
100596
100602
100619
100620
100601
100595
100601
100620
100617
100600
100594
100600
100617
100617
100599
100593
100599
100617
100614
100598
100593
100598
100614
100630
100584
100590
100584
100630
100614
100573
100581
100573
100614
100614
100571
100578
100571
100614
100600
100561
100570
100561
100600
100599
100559
100567
100559
100599
100586
100549
100558
100549
100586
100584
100547
100555
100547
100584
100572
100537
100546
100537
100572
100570
100534
100544
100534
100570
100558
100524
100535
100524
100558
100556
100521
100532
100521
100556
100545
100512
100523
100512
100545
100542
100509
100519
100509
100542
100532
100499
100510
100499
100532
100528
100496
100507
100496
100528
100518
100486
100498
100486
100518
100515
100483
100494
100483
100515
100505
100473
100485
100473
100505
100501
100470
100482
100470
100501
100492
100461
100473
100461
100492
100488
100457
100469
100457
100488
100479
100448
100460
100448
100479
100475
100444
100456
100444
100475
100466
100435
100447
100435
100466
100461
100430
100443
100430
100461
100452
100422
100435
100422
100452
100448
100417
100430
100417
100448
100439
100409
100422
100409
100439
100435
100404
100417
100404
100435
100426
100396
100409
100396
100426
100421
100391
100404
100391
100421
100413
100383
100396
100383
100413
100408
100378
100391
100378
100408
100400
100370
100383
100370
100400
100395
100365
100378
100365
100395
100387
100357
100370
100357
100387
100382
100352
100365
100352
100382
100374
100344
100357
100344
100374
100369
100338
100352
100338
100369
100361
100331
100344
100331
100361
100355
100325
100339
100325
100355
100348
100318
100331
100318
100348
100342
100312
100325
100312
100342
100335
100304
100318
100304
100335
100329
100299
100312
100299
100329
100321
100291
100305
100291
100321
100316
100286
100299
100286
100316
100308
100278
100292
100278
100308
100303
100272
100286
100272
100303
100295
100265
100278
100265
100295
100289
100259
100273
100259
100289
100282
100252
100265
100252
100282
100276
100246
100259
100246
100276
100269
100239
100252
100239
100269
100263
100233
100246
100233
100263
100256
100226
100239
100226
100256
100250
100220
100233
100220
100250
100242
100212
100226
100212
100242
100236
100206
100220
100206
100236
100229
100199
100212
100199
100229
100223
100193
100206
100193
100223
100216
100186
100199
100186
100216
100210
100180
100193
100180
100210
100203
100173
100186
100173
100203
100196
100166
100180
100166
100196
100189
100159
100173
100159
100189
100183
100153
100166
100153
100183
100176
100146
100160
100146
100176
100170
100140
100153
100140
100170
100163
100133
100146
100133
100163
100157
100127
100140
100127
100157
100150
100120
100133
100120
100150
100143
100113
100127
100113
100143
100137
100106
100120
100106
100137
100130
100100
100113
100100
100130
100123
100093
100106
100093
100123
100117
100087
100100
100087
100117
100110
100080
100093
100080
100110
100104
100073
100087
100073
100104
100097
100067
100080
100067
100097
100090
100060
100073
100060
100090
100084
100053
100067
100053
100084
100077
100047
100060
100047
100077
100070
100040
100053
100040
100070
100064
100033
100046
100033
100064
100057
100027
100040
100027
100057
100051
100020
100033
100020
100051
100044
100013
100026
100013
100044
100037
100007
100020
100007
100037
100031
99999.9
100013
99999.9
100031
)
;
    }
    lowerWall
    {
        type            calculated;
        value           nonuniform List<scalar> 
100
(
100651
100620
100612
100620
100651
100638
100621
100610
100621
100638
100643
100616
100610
100616
100643
100634
100617
100608
100617
100634
100638
100612
100607
100612
100638
100631
100613
100606
100613
100631
100634
100610
100605
100610
100634
100628
100611
100604
100611
100628
100631
100608
100602
100608
100631
100626
100608
100602
100608
100626
100628
100606
100600
100606
100628
100623
100606
100600
100606
100623
100625
100604
100599
100604
100625
100621
100604
100598
100604
100621
100622
100602
100597
100602
100622
100619
100602
100596
100602
100619
100620
100601
100595
100601
100620
100617
100600
100594
100600
100617
100617
100599
100593
100599
100617
100614
100598
100593
100598
100614
)
;
    }
    heatedWall
    {
        type            calculated;
        value           nonuniform List<scalar> 
450
(
100630
100584
100590
100584
100630
100614
100573
100581
100573
100614
100614
100571
100578
100571
100614
100600
100561
100570
100561
100600
100599
100559
100567
100559
100599
100586
100549
100558
100549
100586
100584
100547
100555
100547
100584
100572
100536
100546
100536
100572
100570
100534
100544
100534
100570
100559
100524
100535
100524
100559
100556
100521
100532
100521
100556
100545
100511
100523
100511
100545
100542
100508
100519
100508
100542
100532
100499
100510
100499
100532
100528
100495
100507
100495
100528
100518
100486
100498
100486
100518
100515
100483
100494
100483
100515
100505
100473
100485
100473
100505
100501
100470
100482
100470
100501
100492
100460
100473
100460
100492
100488
100456
100469
100456
100488
100479
100448
100460
100448
100479
100475
100443
100456
100443
100475
100466
100435
100448
100435
100466
100461
100430
100443
100430
100461
100453
100422
100435
100422
100453
100448
100417
100430
100417
100448
100440
100409
100422
100409
100440
100435
100404
100417
100404
100435
100427
100396
100409
100396
100427
100422
100391
100404
100391
100422
100413
100383
100396
100383
100413
100408
100378
100391
100378
100408
100400
100370
100383
100370
100400
100395
100365
100378
100365
100395
100387
100357
100370
100357
100387
100382
100352
100365
100352
100382
100374
100344
100357
100344
100374
100369
100338
100352
100338
100369
100361
100331
100344
100331
100361
100356
100325
100339
100325
100356
100348
100317
100331
100317
100348
100342
100312
100325
100312
100342
100335
100304
100318
100304
100335
100329
100299
100312
100299
100329
100322
100291
100305
100291
100322
100316
100286
100299
100286
100316
100308
100278
100292
100278
100308
100303
100272
100286
100272
100303
100295
100265
100278
100265
100295
100290
100259
100273
100259
100290
100282
100252
100265
100252
100282
100276
100246
100259
100246
100276
100269
100239
100252
100239
100269
100263
100233
100246
100233
100263
100256
100225
100239
100225
100256
100250
100219
100233
100219
100250
100243
100212
100226
100212
100243
100237
100206
100220
100206
100237
100229
100199
100212
100199
100229
100223
100193
100206
100193
100223
100216
100186
100199
100186
100216
100210
100180
100193
100180
100210
100203
100173
100186
100173
100203
100197
100166
100180
100166
100197
100190
100159
100173
100159
100190
100183
100153
100167
100153
100183
100176
100146
100160
100146
100176
100170
100140
100153
100140
100170
100163
100133
100146
100133
100163
100157
100127
100140
100127
100157
100150
100120
100133
100120
100150
100144
100113
100127
100113
100144
100137
100106
100120
100106
100137
100130
100100
100113
100100
100130
100124
100093
100106
100093
100124
100117
100087
100100
100087
100117
100110
100080
100093
100080
100110
100104
100073
100087
100073
100104
100097
100067
100080
100067
100097
100091
100060
100073
100060
100091
100084
100053
100067
100053
100084
100077
100047
100060
100047
100077
100071
100040
100053
100040
100071
100064
100033
100047
100033
100064
100057
100027
100040
100027
100057
100051
100020
100033
100020
100051
100044
100013
100027
100013
100044
100038
100006
100020
100006
100038
100031
99999.8
100013
99999.8
100031
)
;
    }
    inlet
    {
        type            calculated;
        value           nonuniform List<scalar> 
45
(
100651
100637
100647
100636
100646
100636
100647
100637
100651
100620
100629
100620
100628
100620
100628
100620
100629
100620
100612
100612
100612
100611
100611
100611
100612
100612
100612
100620
100629
100620
100628
100620
100628
100620
100629
100620
100651
100637
100647
100636
100646
100636
100647
100637
100651
)
;
    }
    outlet
    {
        type            calculated;
        value           nonuniform List<scalar> 
45
(
100023
99998.7
100019
99998.5
100019
99998.5
100019
99998.8
100023
99999.8
100022
100001
100022
100001
100021
100001
100022
99999.9
100010
100010
100010
100010
100010
100010
100010
100010
100010
99999.8
100022
100001
100022
100001
100021
100001
100022
99999.9
100023
99998.7
100019
99998.5
100019
99998.5
100019
99998.8
100023
)
;
    }
    frontAndBack
    {
        type            empty;
    }
}


// ************************************************************************* //
