/*--------------------------------*- C++ -*----------------------------------*\
  =========                 |
  \\      /  F ield         | OpenFOAM: The Open Source CFD Toolbox
   \\    /   O peration     | Website:  https://openfoam.org
    \\  /    A nd           | Version:  7
     \\/     M anipulation  |
\*---------------------------------------------------------------------------*/
FoamFile
{
    version     2.0;
    format      ascii;
    class       volScalarField;
    location    "1.9075";
    object      pPrime2Mean;
}
// * * * * * * * * * * * * * * * * * * * * * * * * * * * * * * * * * * * * * //

dimensions      [2 -2 -4 0 0 0 0];

internalField   nonuniform List<scalar> 
7920
(
908401
907307
907326
906152
906087
904719
904494
902931
902523
900812
900245
898438
897741
895871
895066
893141
892237
890260
889293
887403
908342
907224
907210
906013
905941
904559
904328
902753
902342
900623
900054
898240
897542
895665
894857
892926
892021
890031
889073
887172
908345
907201
907189
906000
905926
904555
904334
902778
902378
900673
900111
898306
897612
895742
894936
893008
892098
890117
889132
887217
908343
907203
907189
905994
905919
904539
904308
902739
902334
900622
900059
898251
897557
895685
894880
892950
892045
890051
889075
887102
908348
907201
907184
905989
905910
904532
904303
902744
902343
900640
900081
898277
897586
895717
894915
892989
892080
890095
889100
887121
908345
907194
907175
905979
905901
904523
904294
902732
902331
900625
900065
898260
897569
895698
894897
892969
892063
890075
889083
887090
908345
907194
907175
905979
905901
904523
904294
902732
902331
900625
900065
898260
897569
895699
894897
892970
892063
890075
889084
887090
908348
907201
907184
905989
905910
904532
904303
902744
902343
900640
900081
898277
897586
895717
894915
892989
892080
890095
889098
887121
908343
907203
907189
905994
905919
904539
904308
902739
902334
900622
900059
898251
897557
895685
894880
892950
892044
890051
889076
887102
908345
907201
907189
906000
905926
904555
904334
902778
902378
900673
900111
898306
897612
895742
894936
893008
892097
890118
889130
887217
908342
907224
907210
906013
905941
904559
904329
902753
902342
900623
900054
898240
897542
895666
894857
892926
892021
890032
889072
887173
908401
907307
907326
906152
906087
904719
904494
902932
902523
900812
900245
898438
897741
895871
895066
893141
892237
890260
889292
887404
907522
906143
906450
905028
905245
903633
903680
901918
901785
899908
899603
897653
897198
895206
894620
892594
891886
889825
889027
886989
907576
906145
906453
905046
905276
903694
903761
902025
901905
900045
899746
897807
897355
895369
894784
892764
892054
890005
889212
887197
907572
906161
906479
905061
905286
903681
903734
901980
901852
899983
899681
897737
897284
895294
894707
892681
891970
889904
889106
887002
907599
906158
906454
905024
905247
903657
903723
901988
901874
900019
899727
897792
897344
895362
894779
892758
892044
889987
889180
887095
907595
906153
906451
905021
905248
903651
903713
901969
901850
899989
899693
897754
897305
895320
894737
892714
892003
889936
889133
887006
907605
906158
906453
905020
905245
903651
903715
901976
901859
900002
899708
897771
897324
895341
894760
892739
892027
889962
889154
887036
907605
906158
906453
905020
905245
903651
903715
901976
901859
900002
899708
897771
897324
895341
894760
892739
892027
889962
889153
887036
907595
906153
906451
905021
905248
903651
903713
901969
901850
899989
899693
897754
897304
895320
894737
892714
892003
889936
889133
887006
907599
906158
906454
905024
905247
903657
903723
901988
901874
900019
899727
897792
897344
895362
894779
892758
892044
889987
889179
887095
907572
906161
906479
905061
905286
903681
903734
901980
901852
899983
899682
897737
897284
895294
894707
892681
891969
889904
889106
887003
907576
906145
906453
905046
905276
903694
903761
902025
901905
900045
899747
897807
897355
895369
894784
892764
892053
890006
889209
887199
907522
906143
906450
905028
905245
903633
903680
901918
901785
899908
899603
897653
897198
895206
894620
892594
891886
889825
889026
886991
907407
906035
906198
904857
905048
903585
903621
901957
901799
899992
899675
897775
897321
895354
894777
892747
892059
889956
889213
887135
907438
906044
906202
904854
905035
903566
903603
901946
901797
899999
899689
897794
897343
895376
894798
892766
892074
889970
889218
887118
907440
906053
906209
904856
905030
903558
903597
901944
901798
900000
899692
897798
897349
895385
894808
892776
892083
889975
889217
887092
907457
906059
906212
904853
905022
903545
903581
901929
901787
899993
899687
897796
897350
895388
894814
892783
892091
889984
889223
887092
907459
906063
906215
904853
905018
903541
903579
901929
901787
899993
899687
897796
897349
895387
894814
892783
892091
889984
889221
887089
907464
906065
906216
904853
905017
903538
903575
901925
901785
899991
899686
897795
897349
895387
894815
892784
892093
889985
889222
887091
907464
906065
906216
904853
905017
903538
903575
901925
901785
899991
899686
897795
897349
895387
894815
892784
892093
889985
889222
887091
907459
906063
906215
904853
905018
903541
903579
901929
901787
899993
899688
897796
897349
895387
894814
892783
892091
889984
889221
887089
907457
906059
906212
904853
905022
903544
903581
901929
901787
899993
899687
897796
897350
895388
894814
892783
892091
889984
889223
887093
907440
906053
906209
904856
905030
903558
903597
901944
901798
900000
899692
897798
897349
895385
894808
892776
892082
889976
889217
887093
907438
906044
906202
904854
905035
903566
903603
901946
901797
899999
899689
897794
897343
895377
894798
892767
892073
889972
889217
887120
907407
906035
906198
904857
905048
903585
903621
901957
901799
899992
899675
897775
897321
895354
894777
892748
892058
889958
889209
887140
907407
906035
906198
904857
905048
903585
903621
901958
901799
899992
899675
897775
897321
895354
894777
892748
892059
889956
889213
887135
907438
906044
906202
904854
905035
903566
903603
901946
901797
899999
899689
897794
897343
895377
894798
892766
892074
889970
889219
887118
907440
906053
906209
904856
905030
903558
903597
901944
901798
900001
899692
897799
897349
895385
894808
892776
892083
889975
889217
887092
907457
906059
906212
904854
905022
903545
903581
901929
901787
899993
899687
897796
897350
895388
894814
892783
892091
889984
889223
887092
907459
906063
906215
904853
905019
903541
903579
901929
901788
899994
899688
897796
897349
895387
894814
892783
892091
889984
889221
887089
907464
906065
906216
904853
905017
903538
903575
901926
901785
899992
899686
897795
897349
895387
894815
892784
892093
889985
889222
887091
907464
906065
906216
904853
905017
903538
903575
901926
901785
899992
899686
897795
897349
895387
894815
892784
892093
889985
889222
887091
907459
906063
906215
904853
905019
903541
903579
901929
901788
899994
899688
897796
897349
895387
894814
892783
892091
889984
889221
887089
907457
906059
906212
904854
905022
903545
903581
901929
901787
899993
899687
897796
897350
895388
894814
892784
892091
889984
889223
887093
907440
906053
906209
904856
905030
903558
903597
901944
901798
900001
899692
897798
897349
895385
894808
892776
892082
889976
889217
887093
907438
906044
906202
904854
905035
903566
903603
901946
901797
899999
899689
897794
897343
895377
894798
892767
892073
889972
889217
887120
907407
906035
906198
904857
905048
903585
903621
901958
901799
899992
899675
897775
897321
895354
894777
892748
892058
889958
889209
887140
907522
906143
906450
905029
905245
903633
903680
901918
901785
899908
899603
897654
897199
895206
894620
892594
891886
889825
889028
886989
907576
906145
906453
905046
905276
903694
903761
902025
901905
900045
899747
897807
897355
895369
894784
892764
892054
890005
889212
887197
907572
906161
906479
905061
905286
903681
903734
901980
901852
899983
899682
897737
897284
895294
894708
892681
891970
889904
889106
887002
907599
906158
906454
905024
905247
903657
903723
901988
901874
900020
899727
897792
897345
895362
894779
892758
892045
889987
889180
887095
907595
906153
906451
905021
905248
903651
903714
901970
901850
899989
899693
897754
897305
895320
894737
892714
892004
889936
889133
887006
907605
906159
906454
905020
905245
903651
903716
901976
901859
900002
899708
897772
897324
895341
894760
892739
892027
889962
889154
887036
907605
906159
906454
905020
905245
903651
903716
901976
901859
900002
899708
897772
897324
895341
894760
892739
892027
889962
889153
887036
907595
906153
906451
905021
905248
903651
903714
901970
901850
899989
899693
897754
897305
895320
894737
892715
892004
889936
889134
887006
907599
906158
906454
905024
905247
903657
903723
901988
901874
900020
899727
897792
897345
895362
894779
892759
892044
889988
889179
887096
907572
906161
906479
905061
905286
903681
903734
901980
901852
899983
899682
897737
897284
895295
894708
892682
891969
889904
889106
887003
907576
906145
906453
905046
905276
903694
903761
902025
901905
900045
899747
897807
897355
895369
894784
892764
892053
890006
889209
887199
907522
906143
906450
905029
905245
903633
903680
901918
901785
899908
899603
897654
897199
895206
894620
892595
891886
889825
889026
886991
908401
907307
907326
906152
906088
904720
904494
902932
902523
900813
900245
898438
897741
895871
895066
893141
892238
890261
889294
887403
908343
907225
907211
906014
905942
904559
904329
902754
902343
900623
900054
898241
897542
895666
894858
892926
892022
890032
889074
887173
908346
907202
907189
906000
905926
904555
904334
902778
902378
900674
900112
898307
897613
895742
894936
893008
892098
890117
889132
887217
908344
907204
907189
905995
905919
904539
904308
902740
902334
900623
900060
898251
897557
895685
894880
892950
892045
890051
889076
887102
908348
907202
907184
905990
905910
904532
904304
902744
902344
900640
900081
898278
897587
895717
894916
892989
892080
890095
889100
887121
908345
907195
907175
905979
905901
904523
904295
902733
902331
900625
900066
898260
897569
895699
894897
892970
892064
890075
889084
887090
908345
907195
907175
905979
905901
904523
904295
902733
902331
900625
900066
898260
897569
895699
894897
892970
892064
890075
889085
887090
908348
907202
907184
905990
905910
904532
904304
902744
902344
900640
900081
898278
897586
895717
894916
892989
892080
890096
889099
887121
908344
907204
907189
905995
905919
904539
904308
902740
902334
900623
900060
898251
897557
895685
894880
892950
892045
890052
889076
887102
908346
907202
907189
906000
905926
904555
904334
902778
902378
900674
900112
898307
897612
895742
894936
893008
892097
890118
889130
887218
908343
907225
907211
906014
905942
904559
904329
902754
902343
900623
900054
898241
897542
895666
894858
892927
892021
890033
889072
887173
908401
907307
907326
906152
906087
904720
904494
902932
902523
900813
900245
898438
897741
895871
895066
893141
892237
890261
889293
887404
884851
876238
872029
863095
858059
848683
842953
833201
826845
816755
809826
799430
791975
781302
773363
762437
754051
742893
734095
722725
713548
701985
692459
680722
670875
658982
648843
636810
626405
614251
603607
591347
580489
568142
557097
544681
533475
521010
509670
497178
485737
473243
461717
449206
437570
425052
413380
400928
389268
376905
365293
353047
341510
329401
317967
306015
294709
282932
271781
260198
249227
237858
227094
215959
205430
194551
184287
173686
163718
153421
143783
133816
124546
114938
106077
96865.4
88458.6
79679.1
71784.2
63488.4
56160.8
48406.2
41731.4
34588.1
28643.8
22263.3
17219.8
11581
7479.26
3323.1
884341
875749
871558
862635
857608
848236
842511
832764
826415
816332
809410
799021
791573
780906
772974
762054
753674
742522
733730
722365
713193
701635
692113
680381
670539
658650
648516
636487
626087
613937
603297
591042
580190
567848
556808
544397
533196
520736
509402
496916
485479
472992
461472
448967
437336
424825
413159
400713
389059
376704
365097
352858
341327
329225
317797
305852
294552
282782
271637
260061
249096
237733
226975
215847
205323
194451
184192
173598
163635
153344
143711
133749
124485
114882
106026
96818.7
88416.2
79641.4
71750.4
63458.9
56134.8
48384.1
41712.5
34572.6
28631.1
22253.3
17212.1
11575.5
7474.53
3319.26
884323
875722
871504
862574
857539
848167
842435
832688
826333
816251
809324
798938
791486
780822
772888
761972
753592
742444
733652
722293
713122
701570
692050
680323
670484
658600
648468
636445
626047
613902
603265
591014
580163
567825
556787
544379
533179
520722
509389
496905
485470
472983
461464
448960
437330
424819
413153
400707
389053
376697
365090
352851
341320
329217
317788
305842
294542
282770
271624
260047
249080
237717
226958
215829
205304
194431
184171
173575
163612
153320
143687
133724
124459
114856
106000
96792.9
88390.7
79615.9
71725.6
63434.6
56111.5
48361.6
41691.4
34552.7
28613
22237
17198.1
11563.8
7466.05
3313.91
884208
875658
871452
862533
857505
848134
842407
832659
826307
816226
809303
798916
791466
780802
772869
761951
753571
742421
733630
722268
713097
701542
692022
680292
670452
658565
648432
636407
626008
613860
603223
590970
580119
567779
556741
544332
533132
520675
509342
496857
485423
472936
461418
448914
437285
424775
413110
400665
389013
376658
365052
352814
341284
329183
317756
305811
294513
282743
271599
260023
249059
237697
226940
215812
205289
194418
184159
173566
163604
153313
143681
133721
124457
114855
106000
96793.8
88392.4
79618.7
71728.9
63438.7
56115.9
48366.5
41696.4
34558
28618.1
22241.9
17202.5
11567.5
7468.24
3315.07
884234
875659
871429
862498
857465
848091
842358
832608
826251
816168
809241
798854
791402
780737
772802
761884
753504
742354
733563
722202
713031
701477
691957
680229
670389
658505
648372
636348
625951
613804
603167
590916
580066
567727
556690
544282
533083
520626
509294
496810
485376
472890
461372
448869
437240
424730
413066
400621
388969
376614
365009
352771
341241
329140
317713
305769
294470
282701
271557
259982
249017
237656
226899
215771
205249
194378
184120
173527
163566
153275
143644
133684
124421
114820
105966
96761.3
88361.2
79588.6
71700.3
63411.4
56090.4
48342.6
41674.3
34537.7
28600
22226
17189
11556.6
7460.32
3309.91
884205
875645
871421
862502
857476
848106
842377
832629
826275
816194
809270
798883
791433
780768
772834
761916
753537
742387
733595
722234
713062
701508
691988
680259
670418
658533
648400
636375
625976
613829
603192
590939
580089
567749
556711
544302
533103
520645
509313
496829
485394
472908
461389
448886
437257
424747
413082
400637
388985
376630
365025
352786
341257
329156
317729
305784
294486
282716
271572
259997
249032
237671
226914
215786
205264
194393
184135
173541
163580
153290
143658
133698
124435
114834
105980
96774.2
88373.6
79600.7
71711.8
63422.5
56100.8
48352.4
41683.4
34546.1
28607.5
22232.6
17194.5
11561.1
7463.32
3311.88
884214
875644
871413
862484
857451
848077
842344
832593
826237
816153
809227
798839
791388
780723
772789
761871
753490
742341
733549
722188
713017
701463
691943
680215
670374
658489
648357
636333
625935
613788
603151
590900
580049
567711
556673
544265
533066
520609
509277
496794
485360
472874
461356
448854
437225
424716
413052
400608
388955
376601
364996
352759
341230
329129
317703
305759
294461
282692
271549
259974
249010
237650
226893
215766
205244
194374
184116
173524
163563
153274
143643
133683
124421
114820
105967
96761.7
88361.9
79589.6
71701.5
63412.8
56092
48344.2
41676
34539.4
28601.7
22227.6
17190.5
11557.8
7461.09
3310.23
884225
875657
871431
862510
857482
848113
842383
832636
826281
816200
809275
798889
791438
780773
772839
761922
753541
742392
733600
722239
713068
701514
691994
680266
670425
658540
648407
636383
625985
613838
603200
590949
580098
567759
556721
544313
533113
520656
509323
496839
485404
472918
461399
448896
437267
424756
413091
400646
388993
376638
365032
352794
341264
329162
317735
305790
294491
282721
271576
260001
249036
237674
226916
215789
205266
194394
184136
173542
163580
153290
143658
133697
124434
114832
105978
96772.3
88371.7
79598.5
71709.6
63420.1
56098.5
48350.1
41681.2
34543.9
28605.4
22230.7
17192.9
11559.7
7462.46
3311.4
884218
875649
871433
862503
857470
848093
842361
832610
826255
816171
809246
798858
791408
780742
772809
761891
753511
742361
733570
722208
713038
701483
691963
680235
670395
658509
648377
636352
625954
613808
603171
590919
580068
567730
556692
544284
533085
520628
509296
496813
485379
472893
461375
448873
437244
424735
413071
400627
388975
376621
365016
352779
341250
329150
317723
305779
294482
282713
271569
259995
249031
237670
226913
215787
205265
194394
184137
173544
163583
153293
143662
133702
124439
114838
105984
96778.8
88378.3
79605.4
71716.6
63427.2
56105.5
48356.9
41687.8
34550.2
28611.4
22236.1
17197.8
11563.7
7465.62
3313.08
884309
875711
871497
862577
857548
848181
842452
832707
826354
816274
809349
798964
791513
780850
772917
762001
753621
742473
733682
722322
713151
701599
692079
680352
670512
658628
648496
636472
626074
613928
603291
591039
580188
567849
556811
544403
533203
520745
509412
496927
485492
473005
461485
448981
437351
424839
413173
400727
389072
376716
365109
352869
341337
329234
317805
305858
294558
282786
271639
260062
249095
237732
226972
215843
205318
194444
184184
173588
163625
153332
143698
133736
124470
114866
106010
96802.4
88399.8
79624.6
71733.8
63442.3
56118.8
48368.4
41697.6
34558.4
28618.1
22241.5
17201.9
11566.9
7468.22
3315.3
884347
875728
871522
862588
857555
848179
842450
832700
826347
816262
809338
798949
791499
780833
772899
761979
753600
742448
733656
722292
713120
701564
692042
680311
670470
658582
648448
636421
626021
613872
603234
590980
580128
567787
556748
544338
533138
520679
509346
496861
485425
472939
461419
448916
437286
424776
413111
400666
389013
376658
365052
352814
341285
329184
317757
305812
294514
282745
271600
260025
249061
237700
226942
215815
205293
194421
184163
173570
163609
153318
143686
133726
124462
114861
106006
96799.8
88398.4
79624.7
71734.9
63444.5
56121.7
48372.1
41701.7
34563
28622.9
22246.3
17206.4
11570.9
7471.29
3316.82
884833
876228
872037
863117
858091
848722
842998
833250
826898
816811
809884
799491
792037
781365
773427
762501
754116
742958
734160
722790
713613
702050
692523
680786
670938
659044
648904
636871
626465
614309
603665
591404
580546
568198
557152
544735
533528
521062
509721
497228
485786
473291
461765
449253
437616
425097
413424
400971
389310
376947
365333
353087
341549
329439
318004
306051
294745
282967
271815
260231
249259
237889
227124
215988
205458
194579
184313
173712
163743
153444
143805
133837
124567
114958
106096
96882.9
88475.1
79694.6
71798.6
63501.8
56173.1
48417.5
41741.5
34597.2
28651.7
22270.2
17225.5
11585.8
7482.71
3325.37
884693
875882
872026
862963
858131
848665
843063
833243
826973
816829
809959
799517
792104
781390
773480
762517
754152
742961
734178
722779
713611
702023
692504
680745
670903
658990
648854
636805
626403
614235
603594
591323
580469
568113
557071
544648
533446
520976
509641
497145
485709
473213
461692
449180
437549
425030
413363
400911
389256
376894
365287
353043
341512
329404
317976
306026
294726
282951
271805
260224
249258
237892
227133
216000
205476
194599
184339
173740
163777
153480
143846
133879
124613
115004
106147
96933.2
88529.1
79746.3
71853
63552.4
56224.8
48463.3
41786.1
34633.6
28683.5
22291.4
17238
11584.3
7465.96
3304.4
885222
876368
872504
863443
858612
849150
843551
833734
827464
817320
810449
800005
792589
781872
773959
762991
754622
743426
734638
723234
714061
702468
692943
681178
671330
659411
649270
637215
626807
614632
603985
591707
580847
568484
557436
545006
533798
521320
509978
497475
486032
473529
462001
449482
437843
425317
413643
401183
389521
377151
365537
353285
341746
329631
318196
306238
294931
283148
271995
260407
249434
238060
227294
216154
205623
194738
184472
173865
163896
153592
143952
133978
124706
115090
106227
97006.5
88596.6
79807.7
71908.8
63602.2
56269.2
48502.2
41819.9
34662.2
28707.3
22310.6
17252.9
11595.1
7473.41
3309.52
884816
876115
872258
863204
858376
848911
843310
833491
827222
817079
810210
799768
792353
781638
773727
762762
754395
743202
734416
723015
713845
702254
692731
680969
671124
659207
649069
637016
626611
614438
603794
591519
580661
568301
557256
544829
533623
521149
509810
497311
485871
473371
461847
449331
437696
425173
413503
401047
389389
377023
365412
353164
341630
329519
318087
306133
294830
283051
271902
260318
249349
237979
227216
216080
205553
194673
184410
173807
163841
153541
143904
133934
124665
115053
106192
96975.1
88568
79782.2
71885.8
63582.2
56251.7
48487.3
41807.2
34651.9
28699.1
22304.5
17248.5
11592.3
7471.81
3308.23
885066
876311
872450
863393
858562
849099
843497
833678
827408
817263
810393
799949
792533
781815
773903
762936
754567
743371
734584
723180
714008
702415
692891
681126
671279
659361
649220
637165
626758
614584
603938
591661
580801
568439
557392
544962
533754
521277
509936
497434
485992
473489
461963
449444
437806
425280
413608
401148
389487
377119
365505
353254
341716
329602
318168
306211
294904
283123
271970
260383
249411
238038
227273
216134
205604
194720
184455
173849
163880
153577
143938
133965
124694
115079
106217
96996.9
88587.7
79799.6
71901.4
63595.6
56263.3
48497
41815.4
34658.3
28704
22308
17250.8
11593.6
7472.86
3308.86
884855
876172
872314
863267
858445
848982
843380
833561
827292
817150
810281
799839
792424
781708
773797
762831
754464
743270
734484
723081
713910
702318
692795
681032
671186
659269
649129
637075
626669
614496
603850
591575
580716
568355
557309
544881
533674
521199
509859
497359
485918
473417
461892
449374
437738
425214
413543
401086
389427
377060
365448
353198
341663
329551
318118
306163
294858
283078
271928
260343
249372
238001
227238
216101
205572
194691
184427
173823
163856
153555
143917
133946
124676
115063
106202
96983.5
88575.6
79788.9
71891.9
63587.5
56256.3
48491.1
41810.5
34654.6
28701.2
22306
17249.5
11592.9
7472.34
3308.46
884949
876234
872369
863318
858489
849026
843422
833601
827330
817186
810315
799872
792456
781739
773826
762860
754491
743297
734510
723107
713935
702343
692819
681055
671209
659292
649152
637098
626691
614518
603872
591596
580737
568376
557329
544901
533694
521218
509878
497377
485935
473434
461908
449390
437754
425229
413558
401100
389440
377072
365460
353210
341674
329561
318127
306172
294867
283086
271935
260350
249378
238007
227243
216105
205576
194694
184430
173825
163858
153556
143918
133946
124676
115062
106201
96982.5
88574.4
79787.4
71890.3
63585.6
56254.3
48489
41808.4
34652.3
28699
22303.8
17247.6
11591.2
7471.15
3307.56
884938
876242
872389
863343
858522
849061
843461
833643
827375
817233
810365
799922
792507
781791
773879
762913
754545
743350
734563
723159
713988
702395
692871
681106
671259
659341
649201
637146
626739
614565
603918
591642
580782
568420
557373
544944
533736
521259
509919
497417
485975
473473
461947
449428
437791
425266
413593
401135
389474
377106
365493
353242
341705
329592
318158
306201
294895
283114
271963
260376
249405
238032
227268
216129
205599
194717
184451
173846
163878
153576
143937
133964
124693
115079
106217
96997.5
88588.5
79800.7
71902.7
63597.1
56265
48498.8
41817.3
34660.3
28706
22309.9
17252.7
11595.3
7474.21
3309.67
884867
876162
872293
863243
858415
848950
843346
833524
827253
817109
810238
799795
792379
781663
773751
762785
754418
743224
734438
723036
713865
702274
692751
680988
671142
659226
649087
637034
626628
614456
603811
591536
580678
568317
557272
544845
533638
521163
509824
497325
485884
473383
461859
449342
437707
425184
413513
401056
389397
377031
365420
353171
341636
329525
318092
306138
294834
283055
271905
260320
249350
237980
227217
216081
205553
194672
184408
173805
163839
153538
143901
133931
124661
115049
106188
96971
88563.9
79777.8
71881.6
63577.8
56247.4
48483
41803.2
34647.9
28695.3
22300.9
17245.3
11589.6
7469.88
3306.69
885052
876314
872467
863419
858596
849138
843540
833725
827458
817316
810448
800006
792591
781874
773962
762995
754627
743431
734644
723240
714068
702474
692949
681184
671337
659418
649276
637221
626813
614638
603991
591713
580852
568489
557442
545011
533803
521325
509983
497481
486037
473534
462007
449487
437849
425322
413649
401189
389527
377158
365543
353291
341753
329638
318203
306245
294938
283156
272003
260415
249442
238068
227302
216162
205631
194747
184480
173874
163904
153600
143960
133986
124714
115098
106235
97014.5
88604.4
79815.3
71916.1
63609.3
56276
48508.6
41825.9
34667.8
28712.4
22315.3
17257
11598.6
7476.58
3311.34
884827
876097
872229
863172
858340
848873
843269
833447
827176
817031
810160
799717
792302
781587
773675
762711
754344
743151
734365
722964
713795
702204
692682
680920
671076
659160
649022
636970
626565
614394
603750
591476
580618
568259
557215
544789
533583
521110
509772
497273
485833
473334
461811
449296
437661
425139
413470
401014
389357
376992
365382
353134
341600
329490
318059
306106
294803
283026
271877
260294
249325
237956
227194
216059
205532
194653
184390
173788
163823
153524
143887
133918
124650
115038
106179
96962.3
88556
79770.8
71875.4
63572.5
56242.8
48479.1
41799.9
34645.4
28693.4
22299.5
17244.4
11589.1
7469.45
3306.47
885198
876355
872509
863462
858640
849185
843590
833777
827512
817370
810502
800060
792646
781929
774017
763050
754681
743485
734698
723293
714121
702526
693001
681235
671387
659468
649326
637270
626862
614686
604038
591759
580898
568535
557486
545055
533846
521367
510025
497522
486078
473573
462045
449525
437886
425358
413684
401223
389561
377190
365575
353322
341783
329667
318231
306272
294964
283181
272027
260438
249464
238089
227323
216182
205650
194765
184498
173890
163920
153615
143974
134000
124727
115110
106246
97024.6
88613.7
79823.8
71924
63616.4
56282.5
48514.3
41831.1
34672.2
28716.2
22318.4
17259.5
11600.6
7477.62
3312.22
884692
875850
871979
862909
858074
848605
843000
833177
826905
816759
809888
799446
792032
781318
773408
762446
754081
742891
734108
722710
713543
701956
692436
680678
670837
658925
648791
636742
626342
614174
603534
591264
580411
568056
557015
544593
533392
520922
509588
497093
485658
473163
461643
449132
437502
424983
413318
400866
389213
376852
365245
353002
341471
329365
317938
305988
294689
282915
271770
260191
249225
237860
227102
215970
205447
194571
184312
173714
163751
153456
143823
133857
124592
114984
106128
96914.9
88511.9
79730.2
71838
63538.4
56211.9
48451.6
41775.6
34624.2
28675.2
22284.4
17232.3
11579.8
7462.65
3301.93
885117
876752
872919
864026
859254
849843
844316
834497
828294
818121
811304
800819
793443
782680
774794
763782
755429
744190
735411
723966
714797
703165
693640
681840
671990
660040
649894
637811
627399
615199
604546
592246
581380
568997
557945
545496
534283
521789
510442
497925
486477
473960
462429
449897
438254
425716
414037
401566
389900
377521
365902
353640
342098
329974
318534
306568
295256
283466
272308
260713
249735
238353
227583
216435
205900
195007
184736
174122
164147
153835
144189
134206
124928
115302
106433
97201.2
88784
79983
72076.3
63756.5
56415.3
48633.5
41943.3
34769.1
28806.8
22391.6
17327.5
11647.1
7519.73
3329.84
885094
876742
872905
864013
859243
849831
844304
834485
828282
818110
811293
800809
793433
782670
774785
763772
755420
744181
735402
723957
714788
703157
693632
681832
671982
660033
649887
637804
627392
615192
604540
592239
581374
568991
557938
545490
534277
521783
510437
497919
486472
473955
462424
449892
438249
425711
414033
401562
389896
377516
365898
353636
342094
329970
318531
306564
295253
283462
272305
260710
249733
238351
227581
216433
205898
195005
184734
174120
164145
153833
144188
134205
124927
115301
106432
97200.3
88783.1
79982.2
72075.6
63755.9
56414.8
48633
41942.9
34768.7
28806.5
22391.4
17327.4
11647
7519.6
3329.66
885065
876737
872905
864015
859245
849833
844305
834486
828283
818111
811294
800809
793433
782671
774785
763773
755421
744181
735403
723958
714789
703157
693632
681833
671983
660033
649888
637804
627392
615192
604540
592240
581374
568992
557939
545491
534277
521783
510437
497920
486473
473956
462425
449893
438250
425712
414034
401563
389897
377517
365899
353637
342095
329971
318531
306565
295254
283463
272306
260710
249733
238351
227581
216433
205898
195006
184735
174120
164145
153833
144188
134205
124927
115301
106431
97200.1
88783
79982
72075.4
63755.7
56414.6
48632.8
41942.7
34768.5
28806.3
22391.2
17327.3
11646.8
7519.55
3329.41
885068
876725
872889
864003
859235
849824
844295
834475
828272
818100
811284
800799
793423
782661
774776
763763
755411
744172
735393
723948
714780
703148
693623
681824
671974
660024
649879
637796
627384
615184
604532
592232
581366
568983
557931
545483
534269
521776
510430
497912
486465
473948
462417
449885
438243
425705
414027
401556
389890
377511
365892
353631
342088
329965
318525
306559
295248
283458
272301
260705
249728
238347
227577
216429
205894
195002
184731
174116
164142
153830
144185
134202
124924
115299
106429
97197.9
88781
79980.2
72073.8
63754.2
56413.2
48631.6
41941.6
34767.6
28805.5
22390.5
17326.7
11646.4
7519.21
3329.23
885061
876724
872892
864008
859241
849831
844301
834481
828277
818105
811289
800805
793429
782667
774781
763768
755416
744177
735398
723953
714784
703153
693628
681828
671978
660028
649883
637800
627388
615188
604535
592235
581370
568987
557934
545486
534273
521779
510433
497916
486468
473951
462420
449888
438246
425707
414030
401559
389893
377513
365895
353633
342091
329967
318528
306561
295250
283460
272303
260707
249730
238348
227578
216430
205895
195003
184732
174118
164143
153831
144186
134203
124925
115299
106430
97198.6
88781.6
79980.8
72074.3
63754.7
56413.7
48632
41941.9
34767.9
28805.8
22390.7
17326.9
11646.6
7519.34
3329.23
885064
876720
872885
864003
859238
849828
844299
834478
828274
818102
811286
800802
793426
782664
774778
763765
755413
744174
735396
723950
714782
703150
693625
681826
671976
660026
649881
637798
627385
615185
604533
592233
581368
568985
557933
545484
534271
521777
510431
497914
486467
473950
462419
449887
438244
425706
414028
401557
389891
377512
365893
353632
342090
329966
318527
306560
295249
283459
272302
260706
249729
238347
227577
216430
205894
195002
184732
174117
164143
153830
144185
134202
124924
115299
106430
97198.3
88781.3
79980.5
72074.1
63754.4
56413.5
48631.8
41941.8
34767.8
28805.7
22390.7
17326.9
11646.5
7519.33
3329.24
885063
876719
872885
864004
859240
849831
844301
834480
828276
818104
811288
800804
793429
782666
774781
763768
755416
744177
735398
723953
714784
703153
693628
681828
671978
660029
649883
637800
627388
615188
604536
592236
581370
568987
557935
545487
534273
521779
510433
497916
486468
473952
462421
449889
438246
425708
414030
401559
389893
377513
365895
353633
342091
329968
318528
306562
295251
283460
272303
260707
249730
238349
227579
216431
205896
195004
184733
174118
164144
153831
144186
134203
124925
115300
106430
97199.1
88782
79981.2
72074.7
63755
56414
48632.3
41942.3
34768.2
28806.1
22391
17327.1
11646.8
7519.51
3329.34
885061
876723
872890
864007
859241
849831
844301
834480
828277
818105
811289
800805
793429
782666
774781
763768
755416
744177
735398
723953
714784
703153
693628
681828
671978
660029
649883
637800
627388
615188
604536
592236
581370
568987
557935
545487
534273
521779
510433
497916
486469
473952
462421
449889
438246
425708
414030
401559
389893
377514
365895
353633
342091
329968
318528
306562
295251
283460
272303
260707
249730
238349
227579
216431
205896
195003
184733
174118
164143
153831
144186
134203
124925
115300
106430
97198.9
88781.8
79981
72074.5
63754.9
56413.9
48632.1
41942.1
34768
28806
22390.9
17327.1
11646.7
7519.48
3329.29
885068
876722
872887
864003
859236
849826
844297
834477
828274
818102
811286
800802
793426
782664
774778
763766
755414
744175
735396
723951
714782
703151
693626
681827
671977
660027
649882
637799
627386
615186
604534
592234
581369
568986
557934
545486
534272
521778
510432
497915
486468
473951
462420
449888
438245
425707
414029
401558
389893
377513
365895
353633
342091
329967
318528
306561
295250
283460
272303
260707
249730
238348
227579
216431
205896
195004
184733
174118
164144
153831
144186
134203
124925
115300
106431
97199.3
88782.2
79981.4
72074.9
63755.3
56414.3
48632.5
41942.5
34768.4
28806.3
22391.2
17327.3
11646.9
7519.63
3329.44
885064
876728
872897
864008
859239
849827
844299
834479
828276
818105
811288
800804
793427
782665
774780
763767
755415
744176
735398
723952
714784
703152
693627
681828
671978
660028
649883
637800
627388
615188
604536
592236
581371
568988
557935
545487
534274
521780
510434
497917
486469
473953
462422
449889
438247
425709
414031
401560
389894
377515
365896
353634
342092
329969
318529
306563
295252
283461
272304
260708
249731
238350
227580
216432
205897
195004
184734
174119
164144
153832
144187
134204
124926
115301
106431
97199.7
88782.6
79981.8
72075.2
63755.5
56414.5
48632.7
41942.7
34768.5
28806.4
22391.3
17327.4
11647
7519.73
3329.44
885088
876722
872885
863995
859225
849815
844287
834469
828266
818094
811277
800793
793417
782655
774770
763758
755406
744167
735388
723943
714775
703143
693618
681819
671969
660019
649874
637791
627379
615179
604527
592227
581362
568979
557927
545479
534265
521772
510426
497908
486461
473945
462414
449882
438240
425701
414023
401553
389887
377508
365889
353628
342086
329962
318523
306557
295246
283456
272299
260703
249726
238345
227575
216428
205892
195001
184730
174115
164141
153829
144184
134201
124924
115298
106429
97197.8
88780.9
79980.2
72073.8
63754.3
56413.4
48631.8
41941.9
34767.9
28805.9
22390.9
17327.1
11646.8
7519.53
3329.41
885104
876719
872886
863995
859225
849815
844288
834469
828266
818094
811277
800793
793417
782656
774770
763758
755406
744167
735389
723944
714776
703144
693620
681821
671971
660021
649876
637793
627381
615181
604529
592230
581364
568982
557929
545481
534268
521774
510428
497911
486464
473947
462416
449884
438242
425704
414026
401555
389889
377510
365892
353630
342088
329964
318525
306559
295248
283457
272300
260705
249728
238346
227576
216429
205893
195001
184731
174116
164142
153830
144184
134201
124924
115298
106429
97197.8
88780.8
79980.1
72073.7
63754.1
56413.2
48631.6
41941.7
34767.8
28805.8
22390.8
17327
11646.8
7519.6
3329.39
885117
876752
872919
864026
859254
849843
844316
834497
828294
818121
811304
800819
793443
782680
774795
763782
755430
744190
735411
723966
714797
703165
693640
681840
671990
660040
649895
637811
627399
615199
604546
592246
581380
568997
557945
545496
534283
521789
510442
497925
486477
473960
462429
449897
438254
425716
414037
401566
389900
377521
365902
353640
342098
329974
318534
306568
295256
283466
272308
260713
249735
238353
227583
216435
205900
195007
184736
174122
164147
153835
144189
134206
124928
115302
106433
97201.2
88784
79983
72076.3
63756.5
56415.3
48633.5
41943.3
34769.1
28806.8
22391.6
17327.5
11647.1
7519.73
3329.84
885094
876742
872905
864013
859243
849831
844304
834485
828283
818110
811293
800809
793433
782671
774785
763773
755421
744181
735402
723957
714788
703157
693632
681833
671982
660033
649887
637804
627392
615192
604540
592240
581374
568991
557938
545490
534277
521783
510437
497919
486472
473955
462424
449892
438249
425711
414033
401562
389896
377516
365898
353636
342094
329970
318531
306564
295253
283462
272305
260710
249733
238351
227581
216433
205898
195005
184734
174120
164145
153833
144188
134205
124927
115301
106432
97200.3
88783.1
79982.2
72075.6
63755.9
56414.8
48633
41942.9
34768.7
28806.5
22391.4
17327.4
11647
7519.6
3329.66
885065
876737
872905
864016
859245
849834
844305
834486
828283
818111
811294
800809
793433
782671
774785
763773
755421
744181
735403
723958
714789
703157
693632
681833
671983
660033
649888
637804
627392
615192
604540
592240
581375
568992
557939
545491
534277
521783
510437
497920
486473
473956
462425
449893
438250
425712
414034
401563
389897
377517
365899
353637
342095
329971
318531
306565
295254
283463
272306
260710
249733
238351
227581
216433
205898
195006
184735
174120
164145
153833
144188
134205
124927
115301
106431
97200.1
88783
79982.1
72075.4
63755.7
56414.6
48632.8
41942.7
34768.5
28806.3
22391.2
17327.2
11646.8
7519.54
3329.41
885068
876725
872890
864003
859235
849824
844295
834475
828272
818100
811284
800800
793423
782661
774776
763763
755411
744172
735393
723948
714780
703148
693623
681824
671974
660024
649879
637796
627384
615184
604532
592232
581366
568984
557931
545483
534270
521776
510430
497912
486465
473948
462417
449885
438243
425705
414027
401556
389890
377511
365892
353631
342089
329965
318526
306559
295248
283458
272301
260705
249728
238347
227577
216429
205894
195002
184731
174116
164142
153830
144185
134202
124924
115299
106429
97197.9
88781
79980.2
72073.8
63754.2
56413.2
48631.6
41941.6
34767.6
28805.5
22390.5
17326.7
11646.4
7519.21
3329.22
885061
876724
872892
864008
859242
849831
844302
834481
828277
818106
811289
800805
793429
782667
774781
763768
755416
744177
735398
723953
714784
703153
693628
681828
671978
660028
649883
637800
627388
615188
604536
592236
581370
568987
557934
545486
534273
521779
510433
497916
486468
473952
462421
449888
438246
425707
414030
401559
389893
377513
365895
353633
342091
329967
318528
306561
295250
283460
272303
260707
249730
238348
227578
216430
205895
195003
184732
174118
164143
153831
144186
134203
124925
115299
106430
97198.6
88781.6
79980.8
72074.3
63754.7
56413.7
48632
41941.9
34767.9
28805.8
22390.7
17326.9
11646.6
7519.34
3329.23
885064
876720
872885
864003
859238
849828
844299
834478
828274
818102
811286
800802
793426
782664
774778
763765
755413
744174
735396
723951
714782
703150
693625
681826
671976
660026
649881
637798
627385
615186
604533
592234
581368
568985
557933
545485
534271
521777
510431
497914
486467
473950
462419
449887
438244
425706
414028
401557
389891
377512
365894
353632
342090
329966
318527
306560
295249
283459
272302
260706
249729
238347
227577
216430
205894
195002
184732
174117
164143
153830
144185
134202
124924
115299
106430
97198.3
88781.3
79980.5
72074.1
63754.4
56413.5
48631.8
41941.8
34767.8
28805.7
22390.7
17326.9
11646.5
7519.33
3329.23
885064
876719
872885
864004
859240
849831
844301
834480
828276
818104
811288
800805
793429
782666
774781
763768
755416
744177
735398
723953
714784
703153
693628
681828
671978
660029
649883
637800
627388
615188
604536
592236
581370
568987
557935
545487
534273
521779
510433
497916
486469
473952
462421
449889
438246
425708
414030
401559
389893
377514
365895
353633
342091
329968
318528
306562
295251
283460
272303
260707
249730
238349
227579
216431
205896
195004
184733
174118
164144
153831
144186
134203
124925
115300
106430
97199.1
88782
79981.2
72074.7
63755
56414
48632.3
41942.3
34768.2
28806.1
22391
17327.1
11646.8
7519.51
3329.34
885061
876723
872890
864007
859241
849831
844301
834480
828277
818105
811289
800805
793429
782667
774781
763768
755416
744177
735398
723953
714784
703153
693628
681828
671978
660029
649883
637800
627388
615188
604536
592236
581370
568987
557935
545487
534273
521779
510433
497916
486469
473952
462421
449889
438246
425708
414030
401559
389893
377514
365895
353633
342091
329968
318528
306562
295251
283460
272303
260707
249730
238349
227579
216431
205896
195003
184733
174118
164143
153831
144186
134203
124925
115300
106430
97198.9
88781.9
79981
72074.5
63754.9
56413.9
48632.1
41942.1
34768
28806
22390.9
17327.1
11646.7
7519.48
3329.29
885068
876722
872887
864003
859236
849826
844297
834477
828274
818102
811286
800802
793426
782664
774778
763766
755414
744175
735396
723951
714783
703151
693626
681827
671977
660027
649882
637799
627386
615187
604534
592235
581369
568986
557934
545486
534272
521778
510432
497915
486468
473951
462420
449888
438246
425707
414029
401558
389893
377513
365895
353633
342091
329967
318528
306561
295250
283460
272303
260707
249730
238349
227579
216431
205896
195004
184733
174118
164144
153831
144186
134203
124925
115300
106431
97199.3
88782.2
79981.4
72074.9
63755.3
56414.3
48632.5
41942.5
34768.4
28806.3
22391.2
17327.3
11646.9
7519.63
3329.44
885064
876728
872897
864008
859239
849827
844299
834479
828276
818105
811288
800804
793428
782665
774780
763768
755416
744176
735398
723953
714784
703152
693627
681828
671978
660028
649883
637800
627388
615188
604536
592236
581371
568988
557935
545487
534274
521780
510434
497917
486469
473953
462422
449890
438247
425709
414031
401560
389894
377515
365896
353634
342092
329969
318529
306563
295252
283461
272304
260709
249731
238350
227580
216432
205897
195004
184734
174119
164144
153832
144187
134204
124926
115301
106431
97199.7
88782.6
79981.8
72075.2
63755.5
56414.5
48632.7
41942.7
34768.5
28806.4
22391.3
17327.4
11647
7519.73
3329.44
885088
876722
872885
863995
859226
849815
844288
834469
828266
818094
811277
800793
793417
782655
774770
763758
755406
744167
735388
723943
714775
703143
693618
681819
671969
660020
649874
637791
627379
615179
604527
592227
581362
568979
557927
545479
534265
521772
510426
497908
486461
473945
462414
449882
438240
425701
414024
401553
389887
377508
365889
353628
342086
329962
318523
306557
295246
283456
272299
260703
249726
238345
227575
216428
205892
195001
184730
174115
164141
153829
144184
134201
124924
115298
106429
97197.8
88780.9
79980.2
72073.8
63754.3
56413.4
48631.8
41941.9
34767.9
28805.9
22390.8
17327.1
11646.8
7519.53
3329.41
885104
876720
872886
863995
859225
849815
844288
834469
828266
818094
811277
800793
793418
782656
774771
763758
755407
744167
735389
723944
714776
703145
693620
681821
671971
660021
649876
637793
627381
615181
604529
592230
581364
568982
557929
545481
534268
521774
510428
497911
486464
473947
462416
449884
438242
425704
414026
401555
389889
377510
365892
353630
342088
329964
318525
306559
295248
283457
272300
260705
249728
238346
227576
216429
205893
195001
184731
174116
164142
153830
144184
134201
124924
115298
106429
97197.8
88780.8
79980.1
72073.7
63754.1
56413.2
48631.6
41941.7
34767.8
28805.8
22390.8
17327
11646.8
7519.6
3329.39
884694
875883
872026
862963
858132
848665
843063
833243
826973
816829
809959
799518
792104
781390
773480
762517
754152
742961
734178
722779
713612
702024
692504
680745
670903
658990
648854
636805
626404
614235
603594
591323
580469
568113
557072
544648
533446
520976
509641
497145
485709
473213
461692
449180
437549
425030
413363
400911
389256
376895
365287
353043
341512
329404
317976
306026
294726
282951
271805
260224
249258
237892
227133
216000
205476
194599
184339
173740
163777
153480
143846
133879
124613
115004
106147
96933.2
88529.1
79746.3
71853
63552.4
56224.8
48463.3
41786.1
34633.6
28683.5
22291.4
17238
11584.3
7465.96
3304.4
885222
876368
872504
863443
858612
849151
843551
833734
827465
817320
810449
800005
792589
781872
773959
762991
754622
743426
734638
723234
714062
702468
692943
681178
671330
659411
649270
637215
626807
614632
603985
591708
580847
568484
557437
545006
533798
521320
509978
497476
486032
473529
462002
449482
437843
425317
413643
401183
389521
377152
365537
353285
341746
329631
318196
306238
294931
283148
271995
260407
249434
238060
227294
216154
205623
194738
184472
173865
163896
153592
143952
133978
124706
115090
106227
97006.6
88596.6
79807.7
71908.8
63602.2
56269.2
48502.2
41819.9
34662.2
28707.3
22310.6
17252.8
11595.1
7473.4
3309.52
884817
876115
872259
863204
858376
848912
843311
833491
827222
817079
810210
799768
792353
781638
773727
762762
754395
743202
734417
723015
713845
702254
692731
680969
671124
659208
649069
637016
626611
614438
603794
591519
580661
568301
557256
544830
533624
521149
509811
497311
485871
473371
461847
449331
437696
425173
413503
401047
389389
377023
365413
353164
341630
329519
318087
306133
294830
283051
271902
260318
249349
237979
227217
216081
205553
194673
184410
173807
163841
153541
143904
133934
124665
115053
106192
96975.1
88568
79782.2
71885.9
63582.2
56251.7
48487.3
41807.2
34651.9
28699.1
22304.5
17248.5
11592.3
7471.8
3308.23
885066
876311
872450
863393
858562
849099
843497
833678
827408
817264
810393
799949
792533
781816
773903
762936
754567
743372
734584
723180
714008
702415
692891
681126
671279
659361
649220
637165
626759
614584
603938
591661
580801
568439
557392
544962
533754
521277
509937
497434
485992
473489
461963
449444
437806
425280
413608
401148
389488
377119
365505
353254
341716
329602
318168
306211
294904
283123
271971
260384
249411
238038
227273
216134
205604
194720
184455
173849
163880
153578
143938
133965
124694
115079
106217
96997
88587.8
79799.6
71901.4
63595.6
56263.3
48497
41815.4
34658.3
28704
22308
17250.8
11593.6
7472.86
3308.86
884855
876173
872314
863268
858445
848982
843381
833562
827293
817150
810282
799839
792425
781709
773797
762832
754464
743270
734484
723081
713910
702319
692795
681032
671186
659269
649129
637075
626669
614496
603851
591575
580716
568355
557309
544881
533675
521199
509860
497359
485918
473417
461892
449374
437739
425215
413543
401086
389427
377060
365448
353199
341663
329551
318118
306163
294858
283079
271928
260343
249373
238001
227238
216101
205572
194691
184427
173823
163856
153555
143917
133946
124676
115063
106202
96983.6
88575.6
79789
71891.9
63587.5
56256.3
48491.2
41810.5
34654.6
28701.2
22306
17249.5
11592.9
7472.34
3308.46
884949
876234
872369
863318
858490
849026
843422
833601
827330
817186
810315
799872
792456
781739
773826
762860
754492
743297
734510
723107
713936
702343
692819
681056
671209
659292
649152
637098
626692
614518
603872
591596
580737
568376
557330
544901
533694
521218
509878
497377
485935
473434
461908
449391
437754
425230
413558
401100
389440
377073
365460
353210
341674
329561
318127
306172
294867
283086
271935
260350
249379
238007
227243
216105
205576
194694
184430
173825
163858
153556
143918
133946
124676
115062
106201
96982.6
88574.4
79787.4
71890.3
63585.6
56254.3
48489
41808.4
34652.3
28699
22303.8
17247.6
11591.2
7471.14
3307.56
884938
876242
872389
863343
858522
849062
843461
833643
827375
817233
810365
799922
792508
781791
773879
762913
754545
743350
734563
723160
713988
702395
692871
681106
671260
659341
649201
637146
626739
614565
603919
591642
580782
568420
557373
544944
533736
521260
509919
497417
485975
473473
461947
449428
437791
425266
413593
401135
389474
377106
365493
353242
341705
329592
318158
306201
294896
283115
271963
260376
249405
238032
227268
216129
205599
194717
184451
173846
163878
153576
143937
133964
124693
115079
106217
96997.5
88588.5
79800.7
71902.7
63597.1
56265
48498.8
41817.3
34660.3
28706
22309.9
17252.7
11595.3
7474.21
3309.67
884867
876162
872293
863243
858416
848950
843346
833524
827253
817109
810238
799795
792380
781663
773751
762786
754418
743224
734438
723036
713865
702274
692751
680988
671143
659226
649087
637034
626628
614456
603811
591536
580678
568317
557272
544845
533638
521164
509825
497325
485884
473384
461859
449343
437707
425184
413513
401056
389398
377031
365420
353171
341636
329525
318092
306138
294834
283055
271905
260320
249350
237980
227217
216081
205553
194672
184408
173805
163839
153538
143901
133931
124661
115049
106188
96971.1
88563.9
79777.9
71881.6
63577.8
56247.4
48483
41803.2
34647.9
28695.3
22300.9
17245.3
11589.6
7469.88
3306.69
885052
876314
872467
863419
858597
849138
843541
833725
827458
817317
810448
800006
792591
781874
773962
762996
754627
743432
734644
723240
714068
702474
692949
681184
671337
659418
649276
637221
626813
614638
603991
591713
580853
568490
557442
545012
533803
521325
509984
497481
486038
473534
462007
449487
437849
425322
413649
401189
389527
377158
365544
353291
341753
329638
318203
306245
294938
283156
272003
260415
249442
238068
227302
216162
205631
194747
184480
173874
163904
153601
143960
133986
124714
115099
106235
97014.6
88604.4
79815.3
71916.1
63609.3
56276
48508.6
41825.9
34667.8
28712.4
22315.3
17257
11598.6
7476.58
3311.34
884827
876097
872230
863172
858340
848873
843269
833447
827176
817031
810161
799718
792303
781587
773676
762711
754344
743151
734366
722965
713795
702204
692682
680920
671076
659160
649022
636970
626565
614394
603750
591476
580619
568260
557215
544789
533584
521110
509772
497273
485834
473334
461811
449296
437662
425139
413470
401014
389357
376992
365382
353134
341601
329490
318059
306106
294803
283026
271877
260294
249325
237956
227194
216059
205532
194653
184390
173788
163823
153524
143887
133918
124650
115038
106179
96962.3
88556
79770.9
71875.4
63572.5
56242.8
48479.1
41799.9
34645.4
28693.4
22299.5
17244.4
11589.1
7469.44
3306.47
885198
876355
872510
863462
858641
849185
843591
833777
827512
817371
810502
800060
792646
781929
774017
763050
754682
743485
734698
723293
714121
702526
693001
681235
671388
659468
649326
637270
626862
614686
604038
591760
580899
568535
557487
545056
533846
521368
510025
497522
486078
473573
462046
449525
437886
425358
413684
401223
389561
377190
365575
353322
341783
329667
318231
306272
294964
283181
272027
260438
249464
238090
227323
216182
205650
194765
184498
173890
163920
153615
143974
134000
124727
115110
106246
97024.6
88613.7
79823.8
71924
63616.4
56282.5
48514.3
41831.1
34672.2
28716.2
22318.4
17259.5
11600.6
7477.61
3312.22
884692
875851
871979
862910
858074
848605
843000
833177
826905
816760
809889
799447
792032
781319
773409
762446
754081
742891
734108
722710
713543
701956
692437
680679
670837
658926
648791
636743
626342
614174
603534
591264
580411
568056
557015
544593
533392
520922
509588
497094
485658
473163
461643
449132
437502
424984
413318
400866
389213
376852
365245
353002
341472
329365
317938
305988
294689
282915
271770
260191
249226
237860
227102
215970
205447
194571
184312
173714
163751
153456
143823
133857
124592
114984
106128
96915
88511.9
79730.2
71838
63538.4
56212
48451.6
41775.6
34624.2
28675.2
22284.4
17232.3
11579.8
7462.64
3301.93
884852
876238
872030
863095
858060
848683
842953
833202
826845
816756
809826
799431
791975
781302
773363
762437
754051
742893
734095
722726
713548
701986
692459
680723
670876
658982
648843
636810
626406
614251
603607
591347
580490
568143
557098
544681
533475
521010
509670
497179
485737
473243
461717
449207
437570
425052
413380
400928
389268
376906
365293
353047
341510
329402
317967
306015
294709
282933
271781
260199
249227
237858
227094
215959
205430
194552
184287
173686
163718
153421
143783
133816
124546
114938
106078
96865.4
88458.6
79679.2
71784.2
63488.5
56160.8
48406.2
41731.4
34588.1
28643.8
22263.3
17219.8
11581.1
7479.27
3323.1
884342
875750
871558
862635
857608
848237
842512
832764
826415
816332
809410
799022
791573
780907
772974
762054
753674
742522
733730
722365
713193
701635
692114
680382
670539
658651
648516
636488
626087
613937
603298
591043
580190
567848
556808
544397
533196
520736
509402
496916
485480
472992
461472
448967
437337
424825
413159
400713
389060
376704
365097
352858
341327
329225
317798
305852
294553
282782
271637
260061
249096
237734
226975
215847
205324
194451
184192
173598
163635
153344
143711
133749
124485
114882
106026
96818.8
88416.3
79641.5
71750.4
63459
56134.9
48384.1
41712.5
34572.7
28631.1
22253.4
17212.1
11575.5
7474.53
3319.26
884323
875722
871504
862575
857540
848167
842436
832689
826333
816251
809324
798938
791486
780823
772888
761972
753592
742444
733653
722293
713122
701570
692051
680324
670484
658600
648468
636445
626048
613902
603265
591014
580164
567825
556787
544379
533180
520722
509389
496905
485470
472984
461464
448960
437330
424819
413153
400708
389054
376697
365091
352851
341320
329217
317788
305842
294542
282770
271624
260047
249081
237717
226958
215829
205304
194431
184171
173576
163612
153320
143687
133725
124459
114856
106000
96792.9
88390.7
79616
71725.6
63434.6
56111.6
48361.7
41691.4
34552.7
28613
22237.1
17198.1
11563.8
7466.06
3313.91
884208
875658
871452
862534
857506
848135
842407
832659
826308
816226
809303
798916
791467
780802
772869
761951
753572
742422
733630
722268
713097
701542
692022
680292
670452
658566
648433
636407
626008
613861
603223
590970
580119
567780
556741
544332
533133
520675
509342
496858
485423
472937
461418
448915
437285
424775
413110
400666
389013
376658
365052
352814
341285
329183
317756
305812
294513
282743
271599
260024
249059
237697
226940
215812
205289
194418
184160
173566
163604
153313
143681
133721
124457
114855
106000
96793.9
88392.5
79618.8
71729
63438.7
56116
48366.6
41696.4
34558
28618.1
22241.9
17202.5
11567.6
7468.24
3315.07
884235
875660
871430
862498
857465
848091
842358
832608
826252
816169
809242
798854
791402
780737
772802
761885
753504
742355
733563
722202
713031
701477
691957
680230
670389
658505
648373
636349
625951
613805
603168
590917
580066
567728
556690
544282
533083
520626
509294
496810
485376
472891
461372
448869
437241
424730
413066
400622
388969
376614
365009
352771
341242
329140
317714
305769
294471
282701
271557
259982
249017
237656
226899
215771
205249
194378
184120
173527
163566
153276
143644
133684
124421
114820
105966
96761.3
88361.2
79588.6
71700.4
63411.4
56090.5
48342.6
41674.4
34537.7
28600
22226
17189
11556.6
7460.32
3309.91
884205
875645
871421
862503
857476
848106
842377
832629
826275
816194
809270
798883
791433
780768
772835
761917
753537
742387
733596
722234
713063
701508
691988
680259
670419
658533
648400
636375
625977
613829
603192
590940
580089
567749
556711
544303
533103
520646
509313
496829
485394
472908
461390
448886
437257
424747
413082
400638
388985
376630
365025
352787
341257
329156
317729
305784
294486
282716
271572
259997
249032
237671
226914
215787
205264
194393
184135
173542
163580
153290
143659
133698
124435
114834
105980
96774.2
88373.7
79600.7
71711.9
63422.5
56100.8
48352.4
41683.4
34546.1
28607.5
22232.6
17194.5
11561.1
7463.32
3311.88
884215
875644
871414
862484
857452
848077
842345
832593
826237
816154
809228
798840
791389
780723
772789
761871
753491
742341
733549
722188
713017
701463
691943
680215
670375
658490
648357
636333
625935
613789
603152
590900
580050
567711
556673
544266
533067
520610
509278
496794
485360
472875
461357
448854
437226
424716
413052
400608
388956
376602
364997
352759
341230
329130
317703
305759
294461
282693
271549
259974
249010
237650
226893
215766
205245
194374
184117
173524
163563
153274
143643
133683
124421
114820
105967
96761.8
88362
79589.7
71701.6
63412.9
56092
48344.3
41676
34539.5
28601.7
22227.6
17190.5
11557.8
7461.09
3310.23
884226
875658
871431
862510
857483
848114
842383
832636
826282
816201
809275
798889
791438
780774
772839
761922
753542
742392
733601
722240
713068
701514
691994
680266
670425
658540
648408
636383
625985
613838
603201
590949
580098
567759
556721
544313
533113
520656
509323
496839
485404
472918
461399
448896
437267
424756
413091
400646
388993
376638
365032
352794
341264
329162
317735
305790
294491
282721
271576
260001
249036
237674
226916
215789
205266
194394
184136
173542
163581
153290
143658
133698
124434
114832
105978
96772.4
88371.7
79598.6
71709.7
63420.2
56098.5
48350.1
41681.2
34543.9
28605.4
22230.7
17192.9
11559.7
7462.46
3311.4
884218
875650
871434
862504
857470
848094
842362
832611
826256
816172
809247
798858
791408
780743
772809
761891
753511
742361
733570
722209
713038
701484
691964
680235
670395
658510
648377
636353
625955
613808
603171
590919
580069
567730
556692
544284
533085
520628
509296
496813
485379
472893
461375
448873
437245
424735
413071
400627
388975
376621
365016
352779
341250
329150
317723
305780
294482
282713
271569
259995
249031
237670
226914
215787
205265
194394
184137
173544
163583
153293
143662
133702
124439
114838
105984
96778.8
88378.4
79605.5
71716.7
63427.2
56105.5
48356.9
41687.8
34550.2
28611.4
22236.1
17197.8
11563.7
7465.62
3313.09
884309
875711
871497
862578
857548
848181
842452
832708
826354
816274
809349
798964
791513
780851
772917
762001
753621
742473
733682
722322
713152
701599
692079
680352
670512
658628
648496
636472
626074
613928
603291
591039
580189
567850
556811
544403
533203
520745
509412
496927
485492
473005
461485
448981
437351
424839
413173
400727
389073
376716
365109
352869
341337
329234
317805
305859
294558
282786
271640
260062
249096
237732
226972
215843
205318
194444
184184
173588
163625
153332
143698
133736
124470
114866
106010
96802.4
88399.8
79624.7
71733.9
63442.3
56118.8
48368.4
41697.6
34558.4
28618.1
22241.5
17201.9
11566.9
7468.22
3315.3
884347
875728
871522
862589
857556
848179
842451
832700
826347
816262
809339
798949
791500
780833
772900
761980
753600
742448
733656
722292
713121
701564
692043
680312
670470
658582
648448
636421
626022
613873
603234
590980
580128
567787
556748
544338
533138
520679
509346
496861
485426
472939
461420
448916
437286
424776
413111
400666
389013
376658
365053
352815
341285
329184
317757
305813
294514
282745
271600
260025
249061
237700
226943
215815
205293
194422
184164
173570
163609
153318
143686
133726
124462
114861
106006
96799.8
88398.5
79624.7
71734.9
63444.6
56121.7
48372.1
41701.8
34563
28622.9
22246.3
17206.4
11570.9
7471.28
3316.82
884833
876228
872037
863117
858092
848723
842998
833251
826898
816812
809885
799491
792037
781366
773427
762502
754116
742958
734161
722791
713613
702050
692523
680786
670938
659044
648904
636871
626465
614310
603665
591404
580546
568198
557152
544735
533528
521062
509721
497229
485786
473292
461765
449253
437616
425097
413425
400971
389311
376947
365334
353087
341549
329440
318005
306052
294745
282967
271815
260231
249259
237889
227124
215989
205458
194579
184313
173712
163743
153445
143805
133838
124567
114958
106096
96882.9
88475.1
79694.6
71798.6
63501.8
56173.1
48417.5
41741.5
34597.2
28651.7
22270.2
17225.5
11585.8
7482.71
3325.37
)
;

boundaryField
{
    upperWall
    {
        type            calculated;
        value           nonuniform List<scalar> 
660
(
908401
907522
907407
907407
907522
908401
907307
906143
906035
906035
906143
907307
907326
906450
906198
906198
906450
907326
906152
905028
904857
904857
905029
906152
906087
905245
905048
905048
905245
906087
904719
903633
903585
903585
903633
904720
904494
903680
903621
903621
903680
904494
902932
901918
901957
901958
901918
902932
902523
901785
901799
901799
901785
902523
900812
899908
899992
899992
899908
900813
900245
899603
899675
899675
899603
900245
898438
897653
897775
897775
897654
898438
897741
897198
897321
897321
897199
897741
895871
895206
895354
895354
895206
895871
895066
894620
894777
894777
894620
895066
893141
892594
892748
892748
892595
893141
892237
891886
892058
892058
891886
892237
890260
889825
889958
889958
889825
890261
889292
889026
889209
889209
889026
889293
887404
886991
887140
887140
886991
887404
884833
884692
885104
885104
884692
884833
876228
875850
876719
876720
875851
876228
872037
871979
872886
872886
871979
872037
863117
862909
863995
863995
862910
863117
858091
858074
859225
859225
858074
858092
848722
848605
849815
849815
848605
848723
842998
843000
844288
844288
843000
842998
833250
833177
834469
834469
833177
833251
826898
826905
828266
828266
826905
826898
816811
816759
818094
818094
816760
816812
809884
809888
811277
811277
809889
809885
799491
799446
800793
800793
799447
799491
792037
792032
793417
793418
792032
792037
781365
781318
782656
782656
781319
781366
773427
773408
774770
774771
773409
773427
762501
762446
763758
763758
762446
762502
754116
754081
755406
755407
754081
754116
742958
742891
744167
744167
742891
742958
734160
734108
735389
735389
734108
734161
722790
722710
723944
723944
722710
722791
713613
713543
714776
714776
713543
713613
702050
701956
703144
703145
701956
702050
692523
692436
693620
693620
692437
692523
680786
680678
681821
681821
680679
680786
670938
670837
671971
671971
670837
670938
659044
658925
660021
660021
658926
659044
648904
648791
649876
649876
648791
648904
636871
636742
637793
637793
636743
636871
626465
626342
627381
627381
626342
626465
614309
614174
615181
615181
614174
614310
603665
603534
604529
604529
603534
603665
591404
591264
592230
592230
591264
591404
580546
580411
581364
581364
580411
580546
568198
568056
568982
568982
568056
568198
557152
557015
557929
557929
557015
557152
544735
544593
545481
545481
544593
544735
533528
533392
534268
534268
533392
533528
521062
520922
521774
521774
520922
521062
509721
509588
510428
510428
509588
509721
497228
497093
497911
497911
497094
497229
485786
485658
486464
486464
485658
485786
473291
473163
473947
473947
473163
473292
461765
461643
462416
462416
461643
461765
449253
449132
449884
449884
449132
449253
437616
437502
438242
438242
437502
437616
425097
424983
425704
425704
424984
425097
413424
413318
414026
414026
413318
413425
400971
400866
401555
401555
400866
400971
389310
389213
389889
389889
389213
389311
376947
376852
377510
377510
376852
376947
365333
365245
365892
365892
365245
365334
353087
353002
353630
353630
353002
353087
341549
341471
342088
342088
341472
341549
329439
329365
329964
329964
329365
329440
318004
317938
318525
318525
317938
318005
306051
305988
306559
306559
305988
306052
294745
294689
295248
295248
294689
294745
282967
282915
283457
283457
282915
282967
271815
271770
272300
272300
271770
271815
260231
260191
260705
260705
260191
260231
249259
249225
249728
249728
249226
249259
237889
237860
238346
238346
237860
237889
227124
227102
227576
227576
227102
227124
215988
215970
216429
216429
215970
215989
205458
205447
205893
205893
205447
205458
194579
194571
195001
195001
194571
194579
184313
184312
184731
184731
184312
184313
173712
173714
174116
174116
173714
173712
163743
163751
164142
164142
163751
163743
153444
153456
153830
153830
153456
153445
143805
143823
144184
144184
143823
143805
133837
133857
134201
134201
133857
133838
124567
124592
124924
124924
124592
124567
114958
114984
115298
115298
114984
114958
106096
106128
106429
106429
106128
106096
96882.9
96914.9
97197.8
97197.8
96915
96882.9
88475.1
88511.9
88780.8
88780.8
88511.9
88475.1
79694.6
79730.2
79980.1
79980.1
79730.2
79694.6
71798.6
71838
72073.7
72073.7
71838
71798.6
63501.8
63538.4
63754.1
63754.1
63538.4
63501.8
56173.1
56211.9
56413.2
56413.2
56212
56173.1
48417.5
48451.6
48631.6
48631.6
48451.6
48417.5
41741.5
41775.6
41941.7
41941.7
41775.6
41741.5
34597.2
34624.2
34767.8
34767.8
34624.2
34597.2
28651.7
28675.2
28805.8
28805.8
28675.2
28651.7
22270.2
22284.4
22390.8
22390.8
22284.4
22270.2
17225.5
17232.3
17327
17327
17232.3
17225.5
11585.8
11579.8
11646.8
11646.8
11579.8
11585.8
7482.71
7462.65
7519.6
7519.6
7462.64
7482.71
3325.37
3301.93
3329.39
3329.39
3301.93
3325.37
)
;
    }
    lowerWall
    {
        type            calculated;
        value           nonuniform List<scalar> 
120
(
908401
907522
907407
907407
907522
908401
907307
906143
906035
906035
906143
907307
907326
906450
906198
906198
906450
907326
906152
905028
904857
904857
905029
906152
906087
905245
905048
905048
905245
906088
904719
903633
903585
903585
903633
904720
904494
903680
903621
903621
903680
904494
902931
901918
901957
901958
901918
902932
902523
901785
901799
901799
901785
902523
900812
899908
899992
899992
899908
900813
900245
899603
899675
899675
899603
900245
898438
897653
897775
897775
897654
898438
897741
897198
897321
897321
897199
897741
895871
895206
895354
895354
895206
895871
895066
894620
894777
894777
894620
895066
893141
892594
892747
892748
892594
893141
892237
891886
892059
892059
891886
892238
890260
889825
889956
889956
889825
890261
889293
889027
889213
889213
889028
889294
887403
886989
887135
887135
886989
887403
)
;
    }
    heatedWall
    {
        type            calculated;
        value           nonuniform List<scalar> 
540
(
884851
884693
885117
885117
884694
884852
876238
875882
876752
876752
875883
876238
872029
872026
872919
872919
872026
872030
863095
862963
864026
864026
862963
863095
858059
858131
859254
859254
858132
858060
848683
848665
849843
849843
848665
848683
842953
843063
844316
844316
843063
842953
833201
833243
834497
834497
833243
833202
826845
826973
828294
828294
826973
826845
816755
816829
818121
818121
816829
816756
809826
809959
811304
811304
809959
809826
799430
799517
800819
800819
799518
799431
791975
792104
793443
793443
792104
791975
781302
781390
782680
782680
781390
781302
773363
773480
774794
774795
773480
773363
762437
762517
763782
763782
762517
762437
754051
754152
755429
755430
754152
754051
742893
742961
744190
744190
742961
742893
734095
734178
735411
735411
734178
734095
722725
722779
723966
723966
722779
722726
713548
713611
714797
714797
713612
713548
701985
702023
703165
703165
702024
701986
692459
692504
693640
693640
692504
692459
680722
680745
681840
681840
680745
680723
670875
670903
671990
671990
670903
670876
658982
658990
660040
660040
658990
658982
648843
648854
649894
649895
648854
648843
636810
636805
637811
637811
636805
636810
626405
626403
627399
627399
626404
626406
614251
614235
615199
615199
614235
614251
603607
603594
604546
604546
603594
603607
591347
591323
592246
592246
591323
591347
580489
580469
581380
581380
580469
580490
568142
568113
568997
568997
568113
568143
557097
557071
557945
557945
557072
557098
544681
544648
545496
545496
544648
544681
533475
533446
534283
534283
533446
533475
521010
520976
521789
521789
520976
521010
509670
509641
510442
510442
509641
509670
497178
497145
497925
497925
497145
497179
485737
485709
486477
486477
485709
485737
473243
473213
473960
473960
473213
473243
461717
461692
462429
462429
461692
461717
449206
449180
449897
449897
449180
449207
437570
437549
438254
438254
437549
437570
425052
425030
425716
425716
425030
425052
413380
413363
414037
414037
413363
413380
400928
400911
401566
401566
400911
400928
389268
389256
389900
389900
389256
389268
376905
376894
377521
377521
376895
376906
365293
365287
365902
365902
365287
365293
353047
353043
353640
353640
353043
353047
341510
341512
342098
342098
341512
341510
329401
329404
329974
329974
329404
329402
317967
317976
318534
318534
317976
317967
306015
306026
306568
306568
306026
306015
294709
294726
295256
295256
294726
294709
282932
282951
283466
283466
282951
282933
271781
271805
272308
272308
271805
271781
260198
260224
260713
260713
260224
260199
249227
249258
249735
249735
249258
249227
237858
237892
238353
238353
237892
237858
227094
227133
227583
227583
227133
227094
215959
216000
216435
216435
216000
215959
205430
205476
205900
205900
205476
205430
194551
194599
195007
195007
194599
194552
184287
184339
184736
184736
184339
184287
173686
173740
174122
174122
173740
173686
163718
163777
164147
164147
163777
163718
153421
153480
153835
153835
153480
153421
143783
143846
144189
144189
143846
143783
133816
133879
134206
134206
133879
133816
124546
124613
124928
124928
124613
124546
114938
115004
115302
115302
115004
114938
106077
106147
106433
106433
106147
106078
96865.4
96933.2
97201.2
97201.2
96933.2
96865.4
88458.6
88529.1
88784
88784
88529.1
88458.6
79679.1
79746.3
79983
79983
79746.3
79679.2
71784.2
71853
72076.3
72076.3
71853
71784.2
63488.4
63552.4
63756.5
63756.5
63552.4
63488.5
56160.8
56224.8
56415.3
56415.3
56224.8
56160.8
48406.2
48463.3
48633.5
48633.5
48463.3
48406.2
41731.4
41786.1
41943.3
41943.3
41786.1
41731.4
34588.1
34633.6
34769.1
34769.1
34633.6
34588.1
28643.8
28683.5
28806.8
28806.8
28683.5
28643.8
22263.3
22291.4
22391.6
22391.6
22291.4
22263.3
17219.8
17238
17327.5
17327.5
17238
17219.8
11581
11584.3
11647.1
11647.1
11584.3
11581.1
7479.26
7465.96
7519.73
7519.73
7465.96
7479.27
3323.1
3304.4
3329.84
3329.84
3304.4
3323.1
)
;
    }
    inlet
    {
        type            calculated;
        value           nonuniform List<scalar> 
72
(
908401
908342
908345
908343
908348
908345
908345
908348
908343
908345
908342
908401
907522
907576
907572
907599
907595
907605
907605
907595
907599
907572
907576
907522
907407
907438
907440
907457
907459
907464
907464
907459
907457
907440
907438
907407
907407
907438
907440
907457
907459
907464
907464
907459
907457
907440
907438
907407
907522
907576
907572
907599
907595
907605
907605
907595
907599
907572
907576
907522
908401
908343
908346
908344
908348
908345
908345
908348
908344
908346
908343
908401
)
;
    }
    outlet
    {
        type            calculated;
        value           nonuniform List<scalar> 
72
(
1862.74
1860.32
1857.29
1857.93
1855.03
1856.13
1855.2
1855.87
1856.8
1858.07
1858.92
1863.95
1852.46
1855.23
1854.44
1854.82
1854.57
1854.08
1855.26
1853.58
1856.22
1853.45
1856.73
1851
1866.69
1866.47
1866.33
1866.23
1866.23
1866.23
1866.29
1866.26
1866.35
1866.34
1866.33
1866.35
1866.69
1866.47
1866.33
1866.23
1866.23
1866.23
1866.29
1866.26
1866.35
1866.34
1866.33
1866.35
1852.47
1855.23
1854.45
1854.82
1854.57
1854.08
1855.26
1853.58
1856.22
1853.45
1856.73
1851
1862.74
1860.32
1857.3
1857.93
1855.03
1856.13
1855.2
1855.87
1856.8
1858.07
1858.92
1863.95
)
;
    }
    frontAndBack
    {
        type            empty;
    }
}


// ************************************************************************* //
