/*--------------------------------*- C++ -*----------------------------------*\
  =========                 |
  \\      /  F ield         | OpenFOAM: The Open Source CFD Toolbox
   \\    /   O peration     | Website:  https://openfoam.org
    \\  /    A nd           | Version:  7
     \\/     M anipulation  |
\*---------------------------------------------------------------------------*/
FoamFile
{
    version     2.0;
    format      ascii;
    class       volScalarField;
    location    "1.44";
    object      pPrime2Mean;
}
// * * * * * * * * * * * * * * * * * * * * * * * * * * * * * * * * * * * * * //

dimensions      [2 -2 -4 0 0 0 0];

internalField   nonuniform List<scalar> 
7920
(
1.19186e+06
1.19046e+06
1.19049e+06
1.18898e+06
1.1889e+06
1.18714e+06
1.18685e+06
1.18483e+06
1.18431e+06
1.18209e+06
1.18135e+06
1.179e+06
1.1781e+06
1.17567e+06
1.17462e+06
1.17212e+06
1.17095e+06
1.16837e+06
1.16712e+06
1.16466e+06
1.19178e+06
1.19035e+06
1.19034e+06
1.1888e+06
1.18871e+06
1.18693e+06
1.18663e+06
1.1846e+06
1.18407e+06
1.18184e+06
1.1811e+06
1.17874e+06
1.17784e+06
1.1754e+06
1.17435e+06
1.17184e+06
1.17066e+06
1.16807e+06
1.16683e+06
1.16435e+06
1.19179e+06
1.19032e+06
1.19031e+06
1.18878e+06
1.18869e+06
1.18692e+06
1.18664e+06
1.18463e+06
1.18411e+06
1.1819e+06
1.18118e+06
1.17883e+06
1.17793e+06
1.1755e+06
1.17445e+06
1.17195e+06
1.17076e+06
1.16818e+06
1.16691e+06
1.16441e+06
1.19178e+06
1.19032e+06
1.19031e+06
1.18877e+06
1.18868e+06
1.1869e+06
1.18661e+06
1.18458e+06
1.18406e+06
1.18184e+06
1.18111e+06
1.17876e+06
1.17786e+06
1.17542e+06
1.17438e+06
1.17187e+06
1.17069e+06
1.1681e+06
1.16683e+06
1.16426e+06
1.19179e+06
1.19032e+06
1.1903e+06
1.18877e+06
1.18867e+06
1.18689e+06
1.1866e+06
1.18458e+06
1.18407e+06
1.18186e+06
1.18114e+06
1.17879e+06
1.1779e+06
1.17547e+06
1.17443e+06
1.17192e+06
1.17074e+06
1.16816e+06
1.16686e+06
1.16429e+06
1.19178e+06
1.19031e+06
1.19029e+06
1.18875e+06
1.18866e+06
1.18688e+06
1.18659e+06
1.18457e+06
1.18405e+06
1.18184e+06
1.18111e+06
1.17877e+06
1.17787e+06
1.17544e+06
1.1744e+06
1.17189e+06
1.17072e+06
1.16813e+06
1.16684e+06
1.16425e+06
1.19178e+06
1.19031e+06
1.19029e+06
1.18875e+06
1.18866e+06
1.18688e+06
1.18659e+06
1.18457e+06
1.18405e+06
1.18184e+06
1.18111e+06
1.17877e+06
1.17787e+06
1.17544e+06
1.1744e+06
1.17189e+06
1.17072e+06
1.16813e+06
1.16684e+06
1.16425e+06
1.19179e+06
1.19032e+06
1.1903e+06
1.18877e+06
1.18867e+06
1.18689e+06
1.1866e+06
1.18458e+06
1.18407e+06
1.18186e+06
1.18114e+06
1.17879e+06
1.1779e+06
1.17547e+06
1.17443e+06
1.17192e+06
1.17074e+06
1.16816e+06
1.16686e+06
1.16429e+06
1.19178e+06
1.19032e+06
1.19031e+06
1.18877e+06
1.18868e+06
1.1869e+06
1.18661e+06
1.18458e+06
1.18406e+06
1.18184e+06
1.18111e+06
1.17876e+06
1.17786e+06
1.17542e+06
1.17438e+06
1.17187e+06
1.17069e+06
1.1681e+06
1.16683e+06
1.16426e+06
1.19179e+06
1.19032e+06
1.19031e+06
1.18878e+06
1.18869e+06
1.18692e+06
1.18664e+06
1.18463e+06
1.18411e+06
1.1819e+06
1.18118e+06
1.17883e+06
1.17793e+06
1.1755e+06
1.17445e+06
1.17195e+06
1.17076e+06
1.16818e+06
1.1669e+06
1.16441e+06
1.19178e+06
1.19035e+06
1.19034e+06
1.1888e+06
1.18871e+06
1.18693e+06
1.18663e+06
1.1846e+06
1.18407e+06
1.18184e+06
1.1811e+06
1.17874e+06
1.17784e+06
1.1754e+06
1.17435e+06
1.17184e+06
1.17066e+06
1.16807e+06
1.16682e+06
1.16435e+06
1.19186e+06
1.19046e+06
1.19049e+06
1.18898e+06
1.1889e+06
1.18714e+06
1.18685e+06
1.18483e+06
1.18431e+06
1.18209e+06
1.18135e+06
1.179e+06
1.1781e+06
1.17567e+06
1.17463e+06
1.17212e+06
1.17095e+06
1.16837e+06
1.16712e+06
1.16466e+06
1.19073e+06
1.18895e+06
1.18936e+06
1.18753e+06
1.18781e+06
1.18573e+06
1.1858e+06
1.18352e+06
1.18335e+06
1.18091e+06
1.18052e+06
1.17799e+06
1.1774e+06
1.17481e+06
1.17405e+06
1.17141e+06
1.17049e+06
1.16781e+06
1.16677e+06
1.16412e+06
1.1908e+06
1.18896e+06
1.18936e+06
1.18755e+06
1.18786e+06
1.18582e+06
1.18591e+06
1.18366e+06
1.18351e+06
1.1811e+06
1.18071e+06
1.17819e+06
1.17761e+06
1.17502e+06
1.17426e+06
1.17164e+06
1.17071e+06
1.16805e+06
1.16702e+06
1.16439e+06
1.19079e+06
1.18898e+06
1.18939e+06
1.18757e+06
1.18787e+06
1.1858e+06
1.18587e+06
1.1836e+06
1.18344e+06
1.18101e+06
1.18062e+06
1.1781e+06
1.17751e+06
1.17492e+06
1.17416e+06
1.17153e+06
1.1706e+06
1.16791e+06
1.16687e+06
1.16413e+06
1.19083e+06
1.18898e+06
1.18936e+06
1.18752e+06
1.18782e+06
1.18577e+06
1.18586e+06
1.18361e+06
1.18347e+06
1.18106e+06
1.18069e+06
1.17817e+06
1.17759e+06
1.17501e+06
1.17426e+06
1.17163e+06
1.1707e+06
1.16802e+06
1.16698e+06
1.16426e+06
1.19082e+06
1.18897e+06
1.18936e+06
1.18752e+06
1.18782e+06
1.18576e+06
1.18584e+06
1.18359e+06
1.18344e+06
1.18102e+06
1.18064e+06
1.17812e+06
1.17754e+06
1.17496e+06
1.1742e+06
1.17157e+06
1.17065e+06
1.16795e+06
1.16691e+06
1.16414e+06
1.19084e+06
1.18898e+06
1.18936e+06
1.18752e+06
1.18782e+06
1.18576e+06
1.18585e+06
1.1836e+06
1.18345e+06
1.18104e+06
1.18066e+06
1.17814e+06
1.17756e+06
1.17499e+06
1.17423e+06
1.1716e+06
1.17068e+06
1.16799e+06
1.16694e+06
1.16418e+06
1.19084e+06
1.18898e+06
1.18936e+06
1.18752e+06
1.18782e+06
1.18576e+06
1.18585e+06
1.1836e+06
1.18345e+06
1.18104e+06
1.18066e+06
1.17814e+06
1.17756e+06
1.17499e+06
1.17423e+06
1.1716e+06
1.17068e+06
1.16799e+06
1.16694e+06
1.16418e+06
1.19082e+06
1.18897e+06
1.18936e+06
1.18752e+06
1.18782e+06
1.18576e+06
1.18584e+06
1.18359e+06
1.18344e+06
1.18102e+06
1.18064e+06
1.17812e+06
1.17754e+06
1.17496e+06
1.1742e+06
1.17157e+06
1.17065e+06
1.16795e+06
1.16691e+06
1.16414e+06
1.19083e+06
1.18898e+06
1.18936e+06
1.18752e+06
1.18782e+06
1.18577e+06
1.18586e+06
1.18361e+06
1.18347e+06
1.18106e+06
1.18069e+06
1.17817e+06
1.17759e+06
1.17501e+06
1.17426e+06
1.17163e+06
1.1707e+06
1.16802e+06
1.16697e+06
1.16426e+06
1.19079e+06
1.18898e+06
1.18939e+06
1.18757e+06
1.18787e+06
1.1858e+06
1.18587e+06
1.1836e+06
1.18344e+06
1.18101e+06
1.18062e+06
1.1781e+06
1.17751e+06
1.17492e+06
1.17416e+06
1.17153e+06
1.1706e+06
1.16791e+06
1.16687e+06
1.16414e+06
1.1908e+06
1.18896e+06
1.18936e+06
1.18755e+06
1.18786e+06
1.18582e+06
1.18591e+06
1.18366e+06
1.18351e+06
1.1811e+06
1.18071e+06
1.17819e+06
1.17761e+06
1.17502e+06
1.17427e+06
1.17164e+06
1.17071e+06
1.16805e+06
1.16701e+06
1.16439e+06
1.19073e+06
1.18895e+06
1.18936e+06
1.18753e+06
1.18781e+06
1.18573e+06
1.1858e+06
1.18352e+06
1.18335e+06
1.18091e+06
1.18052e+06
1.17799e+06
1.1774e+06
1.17481e+06
1.17405e+06
1.17141e+06
1.17049e+06
1.16781e+06
1.16677e+06
1.16412e+06
1.19059e+06
1.18883e+06
1.18905e+06
1.18732e+06
1.18757e+06
1.18569e+06
1.18574e+06
1.18358e+06
1.18338e+06
1.18103e+06
1.18062e+06
1.17816e+06
1.17757e+06
1.17501e+06
1.17426e+06
1.17162e+06
1.17073e+06
1.16799e+06
1.16702e+06
1.16431e+06
1.19063e+06
1.18884e+06
1.18905e+06
1.18732e+06
1.18756e+06
1.18566e+06
1.18571e+06
1.18357e+06
1.18338e+06
1.18104e+06
1.18064e+06
1.17818e+06
1.1776e+06
1.17504e+06
1.17429e+06
1.17165e+06
1.17075e+06
1.16801e+06
1.16703e+06
1.16429e+06
1.19064e+06
1.18885e+06
1.18906e+06
1.18732e+06
1.18755e+06
1.18565e+06
1.18571e+06
1.18356e+06
1.18338e+06
1.18105e+06
1.18065e+06
1.17819e+06
1.17761e+06
1.17505e+06
1.1743e+06
1.17166e+06
1.17076e+06
1.16801e+06
1.16703e+06
1.16426e+06
1.19066e+06
1.18886e+06
1.18906e+06
1.18732e+06
1.18754e+06
1.18563e+06
1.18569e+06
1.18355e+06
1.18336e+06
1.18104e+06
1.18064e+06
1.17819e+06
1.17761e+06
1.17506e+06
1.17431e+06
1.17167e+06
1.17077e+06
1.16802e+06
1.16703e+06
1.16426e+06
1.19066e+06
1.18887e+06
1.18907e+06
1.18732e+06
1.18754e+06
1.18563e+06
1.18568e+06
1.18355e+06
1.18336e+06
1.18104e+06
1.18064e+06
1.17818e+06
1.17761e+06
1.17505e+06
1.17431e+06
1.17167e+06
1.17077e+06
1.16802e+06
1.16703e+06
1.16426e+06
1.19067e+06
1.18887e+06
1.18907e+06
1.18732e+06
1.18753e+06
1.18562e+06
1.18568e+06
1.18354e+06
1.18336e+06
1.18103e+06
1.18064e+06
1.17818e+06
1.17761e+06
1.17505e+06
1.17431e+06
1.17167e+06
1.17077e+06
1.16802e+06
1.16703e+06
1.16426e+06
1.19067e+06
1.18887e+06
1.18907e+06
1.18732e+06
1.18753e+06
1.18562e+06
1.18568e+06
1.18354e+06
1.18336e+06
1.18103e+06
1.18064e+06
1.17818e+06
1.17761e+06
1.17505e+06
1.17431e+06
1.17167e+06
1.17077e+06
1.16802e+06
1.16703e+06
1.16426e+06
1.19066e+06
1.18887e+06
1.18907e+06
1.18732e+06
1.18754e+06
1.18563e+06
1.18568e+06
1.18355e+06
1.18336e+06
1.18104e+06
1.18064e+06
1.17818e+06
1.17761e+06
1.17505e+06
1.17431e+06
1.17167e+06
1.17077e+06
1.16802e+06
1.16703e+06
1.16426e+06
1.19066e+06
1.18886e+06
1.18906e+06
1.18732e+06
1.18754e+06
1.18563e+06
1.18569e+06
1.18355e+06
1.18336e+06
1.18104e+06
1.18064e+06
1.17819e+06
1.17761e+06
1.17506e+06
1.17431e+06
1.17167e+06
1.17077e+06
1.16802e+06
1.16703e+06
1.16426e+06
1.19064e+06
1.18885e+06
1.18906e+06
1.18732e+06
1.18755e+06
1.18565e+06
1.18571e+06
1.18356e+06
1.18338e+06
1.18105e+06
1.18065e+06
1.17819e+06
1.17761e+06
1.17505e+06
1.1743e+06
1.17166e+06
1.17076e+06
1.16801e+06
1.16703e+06
1.16426e+06
1.19063e+06
1.18884e+06
1.18905e+06
1.18732e+06
1.18756e+06
1.18566e+06
1.18571e+06
1.18357e+06
1.18338e+06
1.18104e+06
1.18064e+06
1.17818e+06
1.1776e+06
1.17504e+06
1.17429e+06
1.17165e+06
1.17074e+06
1.16801e+06
1.16703e+06
1.16429e+06
1.19059e+06
1.18883e+06
1.18905e+06
1.18732e+06
1.18757e+06
1.18569e+06
1.18574e+06
1.18358e+06
1.18338e+06
1.18103e+06
1.18063e+06
1.17816e+06
1.17757e+06
1.17501e+06
1.17426e+06
1.17162e+06
1.17072e+06
1.16799e+06
1.16702e+06
1.16432e+06
1.19059e+06
1.18883e+06
1.18905e+06
1.18732e+06
1.18757e+06
1.18569e+06
1.18574e+06
1.18358e+06
1.18338e+06
1.18104e+06
1.18063e+06
1.17816e+06
1.17757e+06
1.17501e+06
1.17426e+06
1.17162e+06
1.17073e+06
1.16799e+06
1.16702e+06
1.16431e+06
1.19063e+06
1.18884e+06
1.18905e+06
1.18732e+06
1.18756e+06
1.18566e+06
1.18571e+06
1.18357e+06
1.18338e+06
1.18104e+06
1.18064e+06
1.17818e+06
1.1776e+06
1.17504e+06
1.17429e+06
1.17165e+06
1.17075e+06
1.16801e+06
1.16703e+06
1.16429e+06
1.19064e+06
1.18885e+06
1.18906e+06
1.18732e+06
1.18755e+06
1.18565e+06
1.18571e+06
1.18356e+06
1.18338e+06
1.18105e+06
1.18065e+06
1.17819e+06
1.17761e+06
1.17505e+06
1.1743e+06
1.17166e+06
1.17076e+06
1.16801e+06
1.16703e+06
1.16426e+06
1.19066e+06
1.18886e+06
1.18906e+06
1.18732e+06
1.18754e+06
1.18563e+06
1.18569e+06
1.18355e+06
1.18336e+06
1.18104e+06
1.18064e+06
1.17819e+06
1.17761e+06
1.17506e+06
1.17431e+06
1.17167e+06
1.17077e+06
1.16802e+06
1.16703e+06
1.16426e+06
1.19066e+06
1.18887e+06
1.18907e+06
1.18732e+06
1.18754e+06
1.18563e+06
1.18568e+06
1.18355e+06
1.18336e+06
1.18104e+06
1.18064e+06
1.17818e+06
1.17761e+06
1.17505e+06
1.17431e+06
1.17167e+06
1.17077e+06
1.16802e+06
1.16703e+06
1.16426e+06
1.19067e+06
1.18887e+06
1.18907e+06
1.18732e+06
1.18753e+06
1.18562e+06
1.18568e+06
1.18354e+06
1.18336e+06
1.18104e+06
1.18064e+06
1.17818e+06
1.17761e+06
1.17505e+06
1.17431e+06
1.17167e+06
1.17077e+06
1.16802e+06
1.16703e+06
1.16426e+06
1.19067e+06
1.18887e+06
1.18907e+06
1.18732e+06
1.18753e+06
1.18562e+06
1.18568e+06
1.18354e+06
1.18336e+06
1.18104e+06
1.18064e+06
1.17818e+06
1.17761e+06
1.17505e+06
1.17431e+06
1.17167e+06
1.17077e+06
1.16802e+06
1.16703e+06
1.16426e+06
1.19066e+06
1.18887e+06
1.18907e+06
1.18732e+06
1.18754e+06
1.18563e+06
1.18568e+06
1.18355e+06
1.18336e+06
1.18104e+06
1.18064e+06
1.17818e+06
1.17761e+06
1.17505e+06
1.17431e+06
1.17167e+06
1.17077e+06
1.16802e+06
1.16703e+06
1.16426e+06
1.19066e+06
1.18886e+06
1.18906e+06
1.18732e+06
1.18754e+06
1.18563e+06
1.18569e+06
1.18355e+06
1.18336e+06
1.18104e+06
1.18064e+06
1.17819e+06
1.17761e+06
1.17506e+06
1.17431e+06
1.17167e+06
1.17077e+06
1.16802e+06
1.16703e+06
1.16426e+06
1.19064e+06
1.18885e+06
1.18906e+06
1.18732e+06
1.18755e+06
1.18565e+06
1.18571e+06
1.18356e+06
1.18338e+06
1.18105e+06
1.18065e+06
1.17819e+06
1.17761e+06
1.17505e+06
1.1743e+06
1.17166e+06
1.17076e+06
1.16801e+06
1.16703e+06
1.16426e+06
1.19063e+06
1.18884e+06
1.18905e+06
1.18732e+06
1.18756e+06
1.18566e+06
1.18571e+06
1.18357e+06
1.18338e+06
1.18104e+06
1.18064e+06
1.17818e+06
1.1776e+06
1.17504e+06
1.17429e+06
1.17165e+06
1.17074e+06
1.16801e+06
1.16703e+06
1.16429e+06
1.19059e+06
1.18883e+06
1.18905e+06
1.18732e+06
1.18757e+06
1.18569e+06
1.18574e+06
1.18358e+06
1.18338e+06
1.18104e+06
1.18063e+06
1.17816e+06
1.17757e+06
1.17501e+06
1.17426e+06
1.17162e+06
1.17072e+06
1.16799e+06
1.16702e+06
1.16432e+06
1.19073e+06
1.18895e+06
1.18936e+06
1.18753e+06
1.18781e+06
1.18573e+06
1.1858e+06
1.18352e+06
1.18335e+06
1.18091e+06
1.18052e+06
1.17799e+06
1.1774e+06
1.17481e+06
1.17405e+06
1.17141e+06
1.17049e+06
1.16781e+06
1.16677e+06
1.16412e+06
1.1908e+06
1.18896e+06
1.18936e+06
1.18755e+06
1.18786e+06
1.18582e+06
1.18591e+06
1.18366e+06
1.18351e+06
1.1811e+06
1.18071e+06
1.17819e+06
1.17761e+06
1.17503e+06
1.17427e+06
1.17164e+06
1.17071e+06
1.16805e+06
1.16702e+06
1.16439e+06
1.19079e+06
1.18898e+06
1.18939e+06
1.18757e+06
1.18787e+06
1.1858e+06
1.18587e+06
1.1836e+06
1.18344e+06
1.18101e+06
1.18062e+06
1.1781e+06
1.17751e+06
1.17492e+06
1.17416e+06
1.17153e+06
1.1706e+06
1.16791e+06
1.16688e+06
1.16414e+06
1.19083e+06
1.18898e+06
1.18936e+06
1.18752e+06
1.18782e+06
1.18577e+06
1.18586e+06
1.18361e+06
1.18347e+06
1.18106e+06
1.18069e+06
1.17817e+06
1.17759e+06
1.17502e+06
1.17426e+06
1.17163e+06
1.1707e+06
1.16802e+06
1.16698e+06
1.16426e+06
1.19082e+06
1.18897e+06
1.18936e+06
1.18752e+06
1.18782e+06
1.18576e+06
1.18584e+06
1.18359e+06
1.18344e+06
1.18102e+06
1.18064e+06
1.17812e+06
1.17754e+06
1.17496e+06
1.1742e+06
1.17157e+06
1.17065e+06
1.16795e+06
1.16691e+06
1.16414e+06
1.19084e+06
1.18898e+06
1.18936e+06
1.18752e+06
1.18782e+06
1.18576e+06
1.18585e+06
1.1836e+06
1.18345e+06
1.18104e+06
1.18066e+06
1.17815e+06
1.17756e+06
1.17499e+06
1.17423e+06
1.1716e+06
1.17068e+06
1.16799e+06
1.16694e+06
1.16418e+06
1.19084e+06
1.18898e+06
1.18936e+06
1.18752e+06
1.18782e+06
1.18576e+06
1.18585e+06
1.1836e+06
1.18345e+06
1.18104e+06
1.18066e+06
1.17815e+06
1.17756e+06
1.17499e+06
1.17423e+06
1.1716e+06
1.17068e+06
1.16799e+06
1.16694e+06
1.16418e+06
1.19082e+06
1.18897e+06
1.18936e+06
1.18752e+06
1.18782e+06
1.18576e+06
1.18584e+06
1.18359e+06
1.18344e+06
1.18102e+06
1.18064e+06
1.17812e+06
1.17754e+06
1.17496e+06
1.1742e+06
1.17157e+06
1.17065e+06
1.16795e+06
1.16691e+06
1.16414e+06
1.19083e+06
1.18898e+06
1.18936e+06
1.18752e+06
1.18782e+06
1.18577e+06
1.18586e+06
1.18361e+06
1.18347e+06
1.18106e+06
1.18069e+06
1.17817e+06
1.17759e+06
1.17502e+06
1.17426e+06
1.17163e+06
1.1707e+06
1.16802e+06
1.16697e+06
1.16426e+06
1.19079e+06
1.18898e+06
1.18939e+06
1.18757e+06
1.18787e+06
1.1858e+06
1.18587e+06
1.1836e+06
1.18344e+06
1.18101e+06
1.18062e+06
1.1781e+06
1.17751e+06
1.17492e+06
1.17416e+06
1.17153e+06
1.1706e+06
1.16791e+06
1.16687e+06
1.16414e+06
1.1908e+06
1.18896e+06
1.18936e+06
1.18755e+06
1.18786e+06
1.18582e+06
1.18591e+06
1.18366e+06
1.18351e+06
1.1811e+06
1.18071e+06
1.17819e+06
1.17761e+06
1.17503e+06
1.17427e+06
1.17164e+06
1.17071e+06
1.16805e+06
1.16701e+06
1.1644e+06
1.19073e+06
1.18895e+06
1.18936e+06
1.18753e+06
1.18781e+06
1.18573e+06
1.1858e+06
1.18352e+06
1.18335e+06
1.18091e+06
1.18052e+06
1.17799e+06
1.1774e+06
1.17481e+06
1.17405e+06
1.17141e+06
1.17049e+06
1.16781e+06
1.16677e+06
1.16412e+06
1.19186e+06
1.19046e+06
1.19049e+06
1.18898e+06
1.18891e+06
1.18714e+06
1.18685e+06
1.18483e+06
1.18431e+06
1.18209e+06
1.18135e+06
1.17901e+06
1.1781e+06
1.17567e+06
1.17463e+06
1.17212e+06
1.17095e+06
1.16837e+06
1.16712e+06
1.16466e+06
1.19178e+06
1.19035e+06
1.19034e+06
1.1888e+06
1.18871e+06
1.18693e+06
1.18664e+06
1.1846e+06
1.18407e+06
1.18184e+06
1.1811e+06
1.17874e+06
1.17784e+06
1.1754e+06
1.17435e+06
1.17184e+06
1.17066e+06
1.16807e+06
1.16683e+06
1.16435e+06
1.19179e+06
1.19032e+06
1.19031e+06
1.18878e+06
1.18869e+06
1.18692e+06
1.18664e+06
1.18463e+06
1.18412e+06
1.1819e+06
1.18118e+06
1.17883e+06
1.17793e+06
1.1755e+06
1.17445e+06
1.17195e+06
1.17076e+06
1.16818e+06
1.16691e+06
1.16441e+06
1.19178e+06
1.19032e+06
1.19031e+06
1.18877e+06
1.18868e+06
1.1869e+06
1.18661e+06
1.18458e+06
1.18406e+06
1.18184e+06
1.18111e+06
1.17876e+06
1.17786e+06
1.17542e+06
1.17438e+06
1.17187e+06
1.17069e+06
1.1681e+06
1.16683e+06
1.16426e+06
1.19179e+06
1.19032e+06
1.1903e+06
1.18877e+06
1.18867e+06
1.18689e+06
1.1866e+06
1.18459e+06
1.18407e+06
1.18186e+06
1.18114e+06
1.17879e+06
1.1779e+06
1.17547e+06
1.17443e+06
1.17192e+06
1.17074e+06
1.16816e+06
1.16686e+06
1.16429e+06
1.19179e+06
1.19031e+06
1.19029e+06
1.18875e+06
1.18866e+06
1.18688e+06
1.18659e+06
1.18457e+06
1.18405e+06
1.18184e+06
1.18112e+06
1.17877e+06
1.17787e+06
1.17544e+06
1.1744e+06
1.17189e+06
1.17072e+06
1.16813e+06
1.16684e+06
1.16425e+06
1.19179e+06
1.19031e+06
1.19029e+06
1.18875e+06
1.18866e+06
1.18688e+06
1.18659e+06
1.18457e+06
1.18405e+06
1.18184e+06
1.18112e+06
1.17877e+06
1.17787e+06
1.17544e+06
1.1744e+06
1.17189e+06
1.17072e+06
1.16813e+06
1.16684e+06
1.16425e+06
1.19179e+06
1.19032e+06
1.1903e+06
1.18877e+06
1.18867e+06
1.18689e+06
1.1866e+06
1.18459e+06
1.18407e+06
1.18186e+06
1.18114e+06
1.17879e+06
1.1779e+06
1.17547e+06
1.17443e+06
1.17192e+06
1.17074e+06
1.16816e+06
1.16686e+06
1.16429e+06
1.19178e+06
1.19032e+06
1.19031e+06
1.18877e+06
1.18868e+06
1.1869e+06
1.18661e+06
1.18458e+06
1.18406e+06
1.18184e+06
1.18111e+06
1.17876e+06
1.17786e+06
1.17542e+06
1.17438e+06
1.17187e+06
1.17069e+06
1.1681e+06
1.16683e+06
1.16426e+06
1.19179e+06
1.19032e+06
1.19031e+06
1.18878e+06
1.18869e+06
1.18692e+06
1.18664e+06
1.18463e+06
1.18411e+06
1.1819e+06
1.18118e+06
1.17883e+06
1.17793e+06
1.1755e+06
1.17445e+06
1.17195e+06
1.17076e+06
1.16819e+06
1.1669e+06
1.16441e+06
1.19178e+06
1.19035e+06
1.19034e+06
1.1888e+06
1.18871e+06
1.18693e+06
1.18663e+06
1.1846e+06
1.18407e+06
1.18184e+06
1.1811e+06
1.17874e+06
1.17784e+06
1.1754e+06
1.17435e+06
1.17184e+06
1.17066e+06
1.16807e+06
1.16682e+06
1.16435e+06
1.19186e+06
1.19046e+06
1.19049e+06
1.18898e+06
1.18891e+06
1.18714e+06
1.18685e+06
1.18483e+06
1.18431e+06
1.18209e+06
1.18135e+06
1.17901e+06
1.1781e+06
1.17567e+06
1.17463e+06
1.17212e+06
1.17095e+06
1.16837e+06
1.16712e+06
1.16466e+06
1.16135e+06
1.15013e+06
1.14463e+06
1.13298e+06
1.1264e+06
1.11415e+06
1.10666e+06
1.09392e+06
1.0856e+06
1.07241e+06
1.06334e+06
1.04975e+06
1.03999e+06
1.02603e+06
1.01563e+06
1.00133e+06
990348
975743
964219
949334
937311
922169
909688
894315
881412
865831
852544
836778
823141
807212
793260
777190
762957
746770
732289
716009
701315
684968
670097
653712
638706
622316
607197
590781
575514
559086
543770
527425
512122
495893
480649
464570
449423
433522
418507
402808
387959
372487
357838
342617
328202
313259
299112
284473
270632
256326
242829
228884
215774
202224
189544
176424
164225
151573
139909
127774
116703
105133
94731.9
83794.8
74137.4
63909
55108
45681.1
37839.5
29414.6
22757.6
15307
9888.8
4393.61
1.16067e+06
1.14948e+06
1.144e+06
1.13236e+06
1.12579e+06
1.11355e+06
1.10606e+06
1.09332e+06
1.08501e+06
1.07183e+06
1.06277e+06
1.04918e+06
1.03943e+06
1.02548e+06
1.01509e+06
1.0008e+06
989821
975223
963705
948826
936810
921675
909199
893833
880936
865361
852080
836320
822689
806767
792821
776758
762532
746352
731878
715606
700919
684579
669716
653340
638341
621959
606848
590442
575182
558763
543455
527120
511825
495605
480370
464301
449163
433270
418265
402575
387735
372272
357631
342420
328013
313079
298941
284311
270478
256180
242691
228755
215653
202111
189438
176326
164134
151490
139832
127704
116639
105076
94680.8
83749.8
74097.6
63874.8
55078.6
45656.7
37819.3
29398.5
22745.1
15297.6
9881.1
4387.53
1.16065e+06
1.14945e+06
1.14394e+06
1.13229e+06
1.12571e+06
1.11347e+06
1.10597e+06
1.09324e+06
1.08492e+06
1.07174e+06
1.06268e+06
1.04909e+06
1.03934e+06
1.02539e+06
1.015e+06
1.00071e+06
989735
975143
963627
948755
936741
921613
909140
893780
880887
865319
852041
836287
822660
806743
792801
776742
762519
746343
731872
715603
700918
684581
669719
653345
638347
621967
606856
590450
575191
558772
543464
527128
511833
495612
480376
464306
449167
433273
418266
402574
387733
372268
357626
342413
328004
313068
298929
284297
270462
256163
242673
228734
215631
202087
189414
176301
164108
151462
139804
127676
116611
105047
94652.7
83722
74070.8
63848.7
55054
45633.3
37797.9
29379.1
22728.4
15283.7
9870.95
4381.19
1.1605e+06
1.14936e+06
1.14387e+06
1.13223e+06
1.12566e+06
1.11342e+06
1.10592e+06
1.09319e+06
1.08488e+06
1.0717e+06
1.06263e+06
1.04905e+06
1.03929e+06
1.02534e+06
1.01495e+06
1.00067e+06
989689
975095
963578
948702
936687
921556
909082
893719
880824
865253
851974
836217
822589
806669
792726
776666
762442
746265
731793
715523
700838
684502
669640
653266
638269
621889
606780
590375
575117
558700
543393
527059
511766
495547
480313
464245
449108
433217
418212
402523
387684
372222
357582
342372
327966
313033
298896
284266
270434
256137
242650
228714
215613
202072
189400
176289
164098
151455
139799
127672
116608
105047
94653.1
83723.7
74073.2
63852.1
55057.8
45637.7
37802.4
29383.7
22732.6
15287.4
9872.95
4382.11
1.16054e+06
1.14937e+06
1.14384e+06
1.13219e+06
1.12561e+06
1.11337e+06
1.10587e+06
1.09313e+06
1.08481e+06
1.07163e+06
1.06256e+06
1.04898e+06
1.03922e+06
1.02527e+06
1.01488e+06
1.00059e+06
989617
975023
963506
948633
936618
921488
909015
893654
880760
865190
851912
836157
822530
806612
792670
776611
762388
746212
731741
715472
700788
684452
669591
653218
638221
621842
606732
590328
575071
558653
543347
527013
511720
495501
480267
464198
449062
433170
418166
402476
387637
372175
357536
342325
327919
312986
298849
284220
270388
256091
242604
228669
215568
202028
189357
176247
164057
151414
139759
127633
116571
105011
94618.8
83690.9
74042.5
63823.1
55031.1
45613.1
37780.4
29364.3
22716.2
15273.9
9863.24
4375.82
1.1605e+06
1.14934e+06
1.14383e+06
1.13219e+06
1.12562e+06
1.11339e+06
1.10589e+06
1.09315e+06
1.08484e+06
1.07166e+06
1.06259e+06
1.04901e+06
1.03925e+06
1.0253e+06
1.01491e+06
1.00062e+06
989648
975054
963537
948662
936646
921516
909042
893679
880785
865214
851935
836179
822551
806632
792689
776630
762406
746229
731758
715488
700803
684467
669605
653231
638234
621855
606745
590341
575083
558666
543359
527025
511732
495513
480280
464211
449075
433183
418179
402490
387651
372189
357549
342339
327933
313000
298863
284234
270403
256106
242619
228684
215583
202043
189372
176261
164071
151429
139773
127647
116585
105024
94631.5
83703.1
74054
63834.1
55041.3
45622.6
37788.9
29371.8
22722.5
15279.1
9866.66
4378.04
1.16051e+06
1.14934e+06
1.14382e+06
1.13217e+06
1.12559e+06
1.11335e+06
1.10585e+06
1.09311e+06
1.08479e+06
1.07161e+06
1.06254e+06
1.04896e+06
1.0392e+06
1.02525e+06
1.01486e+06
1.00057e+06
989597
975003
963486
948612
936597
921467
908993
893632
880738
865168
851890
836134
822507
806588
792646
776587
762364
746188
731717
715448
700764
684428
669567
653194
638197
621819
606710
590306
575049
558632
543326
526993
511700
495482
480249
464181
449045
433154
418151
402462
387624
372163
357524
342314
327909
312977
298840
284212
270381
256085
242599
228664
215564
202024
189354
176245
164055
151413
139758
127633
116572
105011
94619.9
83692.3
74044.1
63824.9
55033
45615.1
37782.4
29366.2
22717.9
15275.4
9864.15
4376.17
1.16052e+06
1.14936e+06
1.14384e+06
1.13221e+06
1.12563e+06
1.1134e+06
1.1059e+06
1.09317e+06
1.08485e+06
1.07167e+06
1.0626e+06
1.04902e+06
1.03926e+06
1.02531e+06
1.01492e+06
1.00064e+06
989658
975065
963547
948673
936658
921528
909054
893692
880798
865228
851949
836194
822566
806647
792704
776646
762421
746246
731774
715505
700820
684483
669622
653248
638251
621871
606761
590356
575099
558681
543374
527039
511746
495527
480292
464223
449086
433194
418189
402499
387660
372197
357557
342346
327940
313006
298868
284239
270407
256109
242622
228686
215585
202043
189372
176261
164071
151428
139772
127646
116583
105022
94629.3
83700.8
74051.6
63831.6
55038.9
45620.2
37786.6
29369.6
22720.6
15277.5
9865.71
4377.54
1.16051e+06
1.14935e+06
1.14384e+06
1.13219e+06
1.12561e+06
1.11337e+06
1.10587e+06
1.09313e+06
1.08481e+06
1.07163e+06
1.06257e+06
1.04898e+06
1.03923e+06
1.02527e+06
1.01488e+06
1.0006e+06
989621
975027
963511
948636
936621
921491
909018
893656
880762
865191
851913
836157
822530
806611
792669
776610
762386
746210
731739
715471
700786
684450
669590
653216
638220
621842
606733
590329
575072
558655
543350
527017
511724
495506
480273
464206
449070
433179
418176
402487
387649
372188
357549
342340
327935
313003
298866
284238
270407
256111
242624
228690
215589
202049
189379
176269
164079
151436
139781
127655
116593
105032
94639.2
83710.8
74061.4
63841.2
55048.1
45629
37794.8
29377.2
22727.3
15283.1
9870
4379.85
1.16064e+06
1.14943e+06
1.14393e+06
1.1323e+06
1.12572e+06
1.11349e+06
1.10599e+06
1.09326e+06
1.08495e+06
1.07177e+06
1.0627e+06
1.04912e+06
1.03937e+06
1.02542e+06
1.01503e+06
1.00074e+06
989766
975174
963658
948785
936771
921642
909170
893809
880916
865347
852069
836314
822687
806769
792826
776768
762544
746368
731896
715626
700941
684604
669742
653367
638369
621988
606877
590471
575212
558793
543484
527148
511853
495631
480395
464324
449185
433291
418283
402591
387750
372285
357642
342429
328020
313084
298944
284311
270477
256177
242686
228748
215644
202100
189426
176313
164119
151474
139815
127686
116621
105057
94661.9
83730.7
74079
63856.3
55061.1
45639.8
37803.7
29384.2
22732.7
15287.2
9873.47
4382.8
1.16068e+06
1.14945e+06
1.14396e+06
1.1323e+06
1.12572e+06
1.11348e+06
1.10598e+06
1.09325e+06
1.08493e+06
1.07175e+06
1.06268e+06
1.0491e+06
1.03934e+06
1.02539e+06
1.015e+06
1.00071e+06
989735
975138
963621
948743
936728
921594
909119
893754
880858
865284
852004
836245
822616
806694
792750
776688
762462
746284
731811
715540
700853
684515
669653
653278
638280
621899
606789
590384
575126
558708
543401
527066
511773
495554
480320
464251
449114
433223
418218
402529
387691
372229
357589
342379
327973
313041
298903
284275
270443
256146
242659
228723
215622
202082
189410
176299
164108
151465
139809
127682
116619
105057
94662.9
83733.2
74082.5
63860.9
55066.2
45645.6
37809.7
29390.3
22738.5
15292.3
9877.38
4384.71
1.16132e+06
1.15011e+06
1.14464e+06
1.13301e+06
1.12644e+06
1.1142e+06
1.10671e+06
1.09398e+06
1.08566e+06
1.07248e+06
1.06341e+06
1.04982e+06
1.04006e+06
1.0261e+06
1.0157e+06
1.0014e+06
990421
975816
964292
949406
937382
922240
909758
894384
881481
865899
852611
836843
823206
807275
793323
777252
763018
746830
732348
716067
701372
685024
670153
653767
638760
622369
607249
590833
575564
559135
543818
527473
512169
495938
480694
464614
449467
433564
418548
402848
387999
372525
357875
342654
328237
313293
299146
284506
270663
256356
242858
228913
215802
202250
189569
176448
164248
151595
139930
127793
116721
105150
94748.2
83810
74151.4
63921.8
55119.6
45691.5
37848.6
29422.5
22764.3
15312.4
9892.8
4396.23
1.16113e+06
1.14965e+06
1.14461e+06
1.13279e+06
1.12647e+06
1.11411e+06
1.10678e+06
1.09395e+06
1.08574e+06
1.07248e+06
1.06349e+06
1.04983e+06
1.04012e+06
1.02611e+06
1.01575e+06
1.0014e+06
990445
975798
964291
949368
937357
922183
909710
894308
881411
865805
852523
836736
823103
807157
793209
777125
762897
746699
732224
715935
701247
684894
670030
653641
638642
622249
607138
590721
575461
559033
543724
527380
512084
495856
480621
464544
449405
433506
418500
402803
387963
372494
357853
342635
328228
313288
299149
284513
270679
256375
242886
228943
215840
202291
189617
176498
164304
151652
139992
127855
116788
105215
94816.6
83873.4
74216.5
63979.4
55175.9
45737.2
37888.3
29448.6
22779
15309
9869.23
4367.48
1.16183e+06
1.1503e+06
1.14525e+06
1.13343e+06
1.12711e+06
1.11476e+06
1.10744e+06
1.09461e+06
1.08641e+06
1.07315e+06
1.06415e+06
1.0505e+06
1.04079e+06
1.02677e+06
1.01641e+06
1.00206e+06
991094
976440
964929
949998
937982
922800
910320
894910
882007
866392
853103
837306
823666
807710
793755
777661
763424
747217
732733
716434
701737
685374
670500
654101
639093
622690
607569
591142
575872
559433
544114
527759
512454
496215
480970
464882
449734
433823
418807
403100
388250
372770
358119
342891
328474
313524
299375
284729
270886
256572
243073
229120
216008
202449
189766
176638
164436
151774
140106
127960
116885
105302
94896.3
83945
74280.5
64035.6
55224.8
45778.8
37923
29476.9
22800.9
15325.2
9880.56
4375.33
1.16129e+06
1.14996e+06
1.14492e+06
1.13311e+06
1.12679e+06
1.11444e+06
1.10711e+06
1.09428e+06
1.08607e+06
1.07281e+06
1.06382e+06
1.05016e+06
1.04045e+06
1.02644e+06
1.01608e+06
1.00173e+06
990769
976118
964609
949682
937668
922490
910013
894607
881706
866096
852809
837017
823380
807428
793476
777387
763154
746951
732471
716177
701484
685125
670256
653862
638858
622461
607344
590923
575658
559224
543910
527561
512261
496028
480788
464706
449563
433659
418648
402947
388102
372628
357983
342761
328348
313404
299261
284620
270782
256474
242980
229033
215926
202372
189694
176571
164373
151716
140053
127911
116840
105263
94860.5
83913.4
74252.6
64011.6
55204.2
45761.8
37909.2
29466.1
22793
15319.7
9877.1
4372.65
1.16162e+06
1.15022e+06
1.14518e+06
1.13337e+06
1.12705e+06
1.11469e+06
1.10736e+06
1.09454e+06
1.08633e+06
1.07307e+06
1.06408e+06
1.05042e+06
1.04071e+06
1.02669e+06
1.01633e+06
1.00198e+06
991017
976363
964852
949923
937907
922725
910246
894837
881935
866321
853032
837236
823597
807642
793687
777595
763359
747153
732669
716372
701676
685313
670441
654043
639035
622634
607514
591088
575820
559382
544064
527711
512406
496169
480924
464838
449691
433782
418767
403062
388212
372734
358084
342858
328442
313493
299345
284701
270858
256546
243048
229097
215986
202428
189747
176619
164418
151758
140091
127946
116872
105291
94885.5
83935.3
74271.8
64027.9
55218.1
45773
37918.2
29472.9
22797.9
15322.9
9879.6
4374.29
1.16134e+06
1.15003e+06
1.14499e+06
1.13319e+06
1.12688e+06
1.11453e+06
1.1072e+06
1.09437e+06
1.08617e+06
1.07291e+06
1.06392e+06
1.05026e+06
1.04055e+06
1.02653e+06
1.01617e+06
1.00182e+06
990863
976212
964702
949773
937759
922579
910101
894694
881792
866180
852893
837099
823461
807508
793555
777464
763230
747026
732544
716249
701555
685195
670324
653929
638923
622524
607406
590983
575717
559281
543966
527616
512314
496079
480837
464754
449609
433703
418691
402988
388142
372666
358019
342796
328382
313436
299291
284649
270809
256500
243004
229056
215947
202392
189713
176588
164389
151731
140066
127924
116852
105273
94869.3
83921.1
74259.4
64017.4
55209.1
45765.8
37912.4
29468.5
22794.7
15320.8
9878.03
4373.11
1.16147e+06
1.15012e+06
1.14507e+06
1.13326e+06
1.12695e+06
1.11459e+06
1.10726e+06
1.09443e+06
1.08622e+06
1.07297e+06
1.06397e+06
1.05032e+06
1.0406e+06
1.02659e+06
1.01622e+06
1.00187e+06
990913
976261
964750
949821
937806
922626
910148
894740
881838
866225
852937
837143
823504
807551
793597
777506
763271
747066
732583
716287
701592
685231
670360
653964
638957
622558
607439
591015
575748
559311
543995
527643
512341
496105
480862
464778
449632
433725
418712
403008
388160
372684
358036
342811
328396
313449
299304
284661
270820
256509
243013
229064
215954
202399
189719
176593
164393
151734
140069
127926
116853
105274
94870
83921.2
74259.2
64016.7
55208.3
45764.6
37911
29467
22793.2
15319.4
9877.13
4372.43
1.16145e+06
1.15013e+06
1.14509e+06
1.1333e+06
1.12699e+06
1.11464e+06
1.10731e+06
1.09448e+06
1.08628e+06
1.07302e+06
1.06403e+06
1.05037e+06
1.04066e+06
1.02665e+06
1.01628e+06
1.00193e+06
990973
976320
964809
949880
937864
922683
910204
894795
881893
866279
852991
837195
823556
807602
793647
777556
763320
747114
732631
716335
701639
685277
670405
654008
639001
622601
607481
591056
575789
559351
544035
527682
512379
496142
480899
464813
449667
433760
418746
403041
388193
372715
358066
342841
328426
313478
299332
284688
270846
256535
243038
229088
215977
202421
189740
176613
164413
151753
140087
127943
116869
105289
94884.2
83934.5
74271.4
64028
55218.5
45773.8
37919.2
29474.1
22799.1
15324.1
9880.67
4374.85
1.16136e+06
1.15002e+06
1.14497e+06
1.13316e+06
1.12685e+06
1.11449e+06
1.10716e+06
1.09433e+06
1.08612e+06
1.07286e+06
1.06387e+06
1.05021e+06
1.0405e+06
1.02648e+06
1.01612e+06
1.00177e+06
990812
976161
964651
949724
937710
922530
910053
894647
881746
866134
852847
837054
823417
807465
793512
777423
763189
746985
732504
716210
701516
685156
670286
653892
638886
622488
607371
590948
575683
559248
543933
527583
512282
496048
480807
464724
449580
433675
418663
402961
388115
372640
357993
342771
328357
313412
299268
284626
270788
256478
242984
229036
215928
202374
189695
176571
164373
151715
140051
127910
116838
105260
94857.6
83910.2
74249.3
64008.1
55200.8
45758.2
37905.8
29462.8
22790
15317
9875.25
4371.13
1.1616e+06
1.15022e+06
1.1452e+06
1.1334e+06
1.12709e+06
1.11474e+06
1.10742e+06
1.09459e+06
1.08639e+06
1.07313e+06
1.06414e+06
1.05049e+06
1.04078e+06
1.02676e+06
1.0164e+06
1.00205e+06
991085
976431
964920
949989
937973
922791
910311
894901
881998
866383
853093
837297
823657
807701
793746
777652
763416
747208
732724
716426
701729
685366
670493
654094
639086
622684
607563
591136
575867
559428
544110
527756
512451
496212
480967
464880
449732
433823
418807
403100
388250
372771
358120
342893
328476
313527
299378
284732
270889
256576
243077
229125
216013
202455
189772
176644
164442
151780
140112
127966
116891
105309
94902.6
83951.1
74286.5
64041.4
55230.4
45784.1
37928
29481.4
22805.1
15328.7
9883.97
4377.17
1.1613e+06
1.14993e+06
1.14488e+06
1.13307e+06
1.12675e+06
1.11439e+06
1.10705e+06
1.09422e+06
1.08602e+06
1.07276e+06
1.06376e+06
1.05011e+06
1.0404e+06
1.02638e+06
1.01602e+06
1.00167e+06
990711
976061
964552
949626
937613
922435
909959
894553
881654
866044
852758
836966
823330
807379
793428
777340
763107
746905
732425
716132
701440
685082
670213
653820
638817
622420
607304
590884
575619
559186
543873
527525
512226
495994
480754
464673
449530
433627
418617
402917
388072
372599
357954
342733
328322
313378
299236
284596
270759
256451
242958
229012
215905
202353
189676
176553
164356
151700
140037
127897
116827
105250
94848.6
83902.3
74242.5
64002.3
55195.9
45754.3
37902.7
29460.5
22788.4
15316
9874.47
4370.68
1.1618e+06
1.15028e+06
1.14526e+06
1.13346e+06
1.12715e+06
1.11481e+06
1.10749e+06
1.09467e+06
1.08646e+06
1.07321e+06
1.06422e+06
1.05056e+06
1.04085e+06
1.02683e+06
1.01647e+06
1.00212e+06
991160
976506
964994
950063
938046
922863
910383
894972
882068
866452
853162
837365
823724
807767
793811
777717
763479
747271
732786
716487
701789
685425
670551
654151
639142
622738
607616
591189
575918
559478
544159
527803
512497
496258
481011
464923
449774
433863
418846
403138
388287
372806
358154
342926
328508
313557
299407
284760
270916
256601
243102
229148
216035
202475
189792
176662
164459
151796
140127
127980
116904
105321
94913.7
83961.2
74295.7
64049.6
55237.7
45790.4
37933.4
29485.9
22808.7
15331.5
9885.51
4378.46
1.16112e+06
1.14961e+06
1.14455e+06
1.13272e+06
1.1264e+06
1.11403e+06
1.1067e+06
1.09387e+06
1.08566e+06
1.0724e+06
1.0634e+06
1.04975e+06
1.04004e+06
1.02602e+06
1.01566e+06
1.00132e+06
990362
975716
964210
949288
937278
922105
909632
894232
881336
865732
852450
836664
823032
807087
793140
777058
762830
746634
732159
715872
701184
684832
669969
653581
638583
622192
607081
590666
575407
558979
543671
527328
512034
495807
480572
464496
449359
433460
418455
402760
387920
372452
357812
342596
328189
313251
299113
284478
270645
256342
242854
228912
215810
202262
189590
176472
164279
151628
139970
127834
116768
105196
94798.8
83857
74201.4
63965.6
55163.4
45726.1
37878.5
29440.4
22772.2
15303.7
9865.38
4364.6
1.16169e+06
1.1508e+06
1.14579e+06
1.13419e+06
1.12795e+06
1.11566e+06
1.10843e+06
1.0956e+06
1.08748e+06
1.07419e+06
1.06526e+06
1.05155e+06
1.04189e+06
1.02781e+06
1.01749e+06
1.00308e+06
992135
977424
965924
950940
938928
923696
911216
895761
882854
867199
853904
838071
824425
808436
794474
778352
764108
747875
733384
717062
702359
685974
671095
654677
639663
623243
608117
591674
576399
559945
544620
528252
512941
496689
481438
465339
450185
434264
419243
403525
388669
373179
358523
343285
328863
313903
299749
285093
271244
256920
243415
229452
216333
202764
190074
176933
164724
152049
140373
128213
117128
105530
95114.3
84145.7
74470.7
64206.5
55385.5
45918
38052.9
29582.4
22898.6
15393
9941.27
4401.78
1.16166e+06
1.15078e+06
1.14577e+06
1.13417e+06
1.12793e+06
1.11565e+06
1.10841e+06
1.09559e+06
1.08747e+06
1.07417e+06
1.06525e+06
1.05154e+06
1.04188e+06
1.0278e+06
1.01747e+06
1.00306e+06
992124
977413
965913
950930
938918
923686
911206
895752
882845
867190
853895
838062
824416
808428
794466
778344
764100
747867
733376
717054
702351
685967
671088
654670
639656
623237
608111
591668
576393
559939
544615
528246
512935
496684
481433
465334
450180
434259
419238
403520
388665
373175
358519
343282
328859
313899
299746
285090
271241
256917
243413
229450
216331
202762
190072
176932
164722
152048
140372
128212
117127
105529
95113.4
84145
74470.1
64206
55385.1
45917.6
38052.6
29582.2
22898.4
15392.8
9941.13
4401.56
1.16162e+06
1.15078e+06
1.14577e+06
1.13418e+06
1.12794e+06
1.11565e+06
1.10841e+06
1.09559e+06
1.08747e+06
1.07417e+06
1.06525e+06
1.05154e+06
1.04188e+06
1.0278e+06
1.01747e+06
1.00306e+06
992124
977413
965914
950930
938918
923686
911206
895752
882845
867190
853895
838063
824416
808428
794466
778344
764100
747867
733376
717055
702352
685968
671089
654671
639657
623238
608112
591669
576394
559939
544615
528247
512936
496685
481434
465334
450181
434260
419239
403521
388666
373176
358520
343282
328860
313900
299746
285090
271241
256917
243413
229450
216331
202762
190072
176932
164722
152047
140371
128211
117127
105529
95113.1
84144.6
74469.7
64205.6
55384.8
45917.3
38052.3
29581.9
22898.2
15392.7
9941.04
4401.22
1.16163e+06
1.15076e+06
1.14575e+06
1.13416e+06
1.12792e+06
1.11564e+06
1.1084e+06
1.09557e+06
1.08745e+06
1.07416e+06
1.06523e+06
1.05153e+06
1.04187e+06
1.02779e+06
1.01746e+06
1.00305e+06
992112
977402
965902
950918
938906
923675
911195
895741
882834
867179
853884
838052
824406
808417
794455
778333
764090
747857
733366
717045
702342
685958
671079
654661
639647
623228
608102
591660
576385
559931
544607
528238
512928
496677
481426
465327
450174
434252
419232
403514
388659
373169
358514
343276
328854
313894
299740
285085
271236
256912
243408
229445
216327
202757
190068
176928
164719
152044
140368
128209
117124
105527
95111
84142.7
74468
64204.1
55383.4
45916.2
38051.3
29581.1
22897.6
15392.2
9940.62
4401
1.16162e+06
1.15076e+06
1.14575e+06
1.13417e+06
1.12793e+06
1.11565e+06
1.10841e+06
1.09558e+06
1.08746e+06
1.07417e+06
1.06524e+06
1.05153e+06
1.04187e+06
1.0278e+06
1.01747e+06
1.00306e+06
992118
977408
965908
950924
938912
923681
911201
895746
882839
867184
853889
838057
824410
808422
794460
778338
764095
747861
733371
717049
702346
685962
671083
654665
639651
623232
608106
591664
576389
559934
544610
528242
512931
496680
481429
465330
450177
434255
419234
403517
388662
373172
358516
343278
328856
313896
299742
285086
271238
256914
243410
229447
216328
202759
190070
176929
164720
152045
140369
128209
117125
105527
95111.7
84143.3
74468.5
64204.6
55383.8
45916.5
38051.6
29581.3
22897.8
15392.3
9940.78
4400.99
1.16162e+06
1.15076e+06
1.14575e+06
1.13416e+06
1.12793e+06
1.11564e+06
1.10841e+06
1.09558e+06
1.08746e+06
1.07416e+06
1.06524e+06
1.05153e+06
1.04187e+06
1.02779e+06
1.01746e+06
1.00306e+06
992115
977405
965905
950921
938909
923678
911198
895743
882836
867182
853887
838054
824408
808420
794458
778336
764092
747859
733369
717047
702344
685960
671081
654663
639650
623230
608104
591662
576387
559933
544609
528240
512930
496678
481428
465328
450175
434254
419233
403516
388661
373171
358515
343277
328855
313895
299742
285086
271237
256913
243409
229446
216328
202758
190069
176929
164719
152045
140369
128209
117125
105527
95111.4
84143.1
74468.4
64204.4
55383.7
45916.4
38051.6
29581.3
22897.7
15392.3
9940.78
4401.01
1.16162e+06
1.15075e+06
1.14575e+06
1.13416e+06
1.12793e+06
1.11565e+06
1.10841e+06
1.09558e+06
1.08746e+06
1.07417e+06
1.06524e+06
1.05153e+06
1.04187e+06
1.0278e+06
1.01747e+06
1.00306e+06
992118
977408
965908
950924
938912
923681
911201
895746
882839
867185
853890
838057
824411
808423
794461
778339
764095
747862
733371
717050
702347
685962
671083
654666
639652
623233
608107
591664
576389
559935
544611
528242
512932
496680
481430
465330
450177
434256
419235
403517
388662
373172
358517
343279
328857
313897
299743
285087
271239
256915
243410
229447
216329
202759
190070
176930
164720
152046
140370
128210
117126
105528
95112.2
84143.8
74469.1
64205.1
55384.3
45916.9
38052
29581.7
22898.1
15392.6
9941.01
4401.14
1.16162e+06
1.15076e+06
1.14575e+06
1.13417e+06
1.12793e+06
1.11565e+06
1.10841e+06
1.09558e+06
1.08746e+06
1.07417e+06
1.06524e+06
1.05153e+06
1.04187e+06
1.0278e+06
1.01747e+06
1.00306e+06
992119
977408
965909
950925
938913
923681
911201
895747
882840
867185
853890
838058
824411
808423
794461
778339
764095
747862
733372
717050
702347
685963
671084
654666
639652
623233
608107
591664
576389
559935
544611
528243
512932
496681
481430
465330
450177
434256
419235
403517
388662
373172
358517
343279
328857
313897
299743
285087
271239
256915
243410
229447
216329
202759
190070
176930
164720
152046
140370
128210
117126
105528
95112
84143.6
74468.9
64204.9
55384.2
45916.8
38051.9
29581.6
22898
15392.6
9940.99
4401.09
1.16163e+06
1.15076e+06
1.14575e+06
1.13416e+06
1.12792e+06
1.11564e+06
1.1084e+06
1.09558e+06
1.08746e+06
1.07416e+06
1.06524e+06
1.05153e+06
1.04187e+06
1.02779e+06
1.01746e+06
1.00306e+06
992116
977406
965906
950922
938910
923679
911199
895745
882838
867183
853888
838056
824409
808421
794459
778337
764094
747860
733370
717048
702345
685961
671082
654665
639651
623231
608106
591663
576388
559934
544610
528241
512931
496680
481429
465330
450177
434255
419235
403517
388662
373172
358516
343279
328856
313897
299743
285087
271239
256915
243410
229447
216329
202760
190071
176930
164721
152046
140370
128210
117126
105528
95112.6
84144.2
74469.4
64205.4
55384.6
45917.2
38052.3
29581.9
22898.3
15392.8
9941.18
4401.28
1.16162e+06
1.15077e+06
1.14576e+06
1.13417e+06
1.12793e+06
1.11564e+06
1.10841e+06
1.09558e+06
1.08746e+06
1.07417e+06
1.06524e+06
1.05153e+06
1.04187e+06
1.0278e+06
1.01747e+06
1.00306e+06
992118
977407
965908
950924
938912
923681
911201
895746
882839
867185
853890
838058
824411
808423
794461
778339
764096
747863
733372
717051
702348
685963
671084
654667
639653
623234
608108
591665
576390
559936
544612
528244
512933
496682
481431
465332
450179
434257
419236
403519
388664
373174
358518
343281
328858
313898
299744
285088
271240
256916
243411
229449
216330
202761
190071
176931
164721
152047
140371
128211
117127
105529
95113
84144.5
74469.7
64205.6
55384.9
45917.4
38052.5
29582.1
22898.5
15392.9
9941.31
4401.27
1.16165e+06
1.15076e+06
1.14574e+06
1.13415e+06
1.12791e+06
1.11563e+06
1.10839e+06
1.09557e+06
1.08745e+06
1.07415e+06
1.06523e+06
1.05152e+06
1.04186e+06
1.02778e+06
1.01745e+06
1.00305e+06
992105
977395
965895
950912
938900
923669
911189
895735
882828
867173
853878
838046
824400
808412
794450
778328
764084
747851
733361
717040
702337
685952
671074
654656
639643
623223
608098
591655
576380
559926
544602
528234
512924
496673
481422
465323
450170
434249
419228
403511
388656
373166
358511
343274
328851
313892
299738
285083
271234
256911
243407
229444
216326
202757
190068
176927
164718
152044
140368
128208
117124
105527
95111.1
84142.9
74468.3
64204.4
55383.8
45916.6
38051.8
29581.5
22898
15392.6
9941.06
4401.25
1.16167e+06
1.15076e+06
1.14575e+06
1.13415e+06
1.12791e+06
1.11563e+06
1.10839e+06
1.09557e+06
1.08745e+06
1.07415e+06
1.06523e+06
1.05152e+06
1.04186e+06
1.02778e+06
1.01745e+06
1.00305e+06
992106
977396
965896
950913
938901
923670
911191
895737
882830
867175
853881
838048
824402
808414
794452
778331
764087
747854
733364
717043
702340
685956
671077
654660
639646
623227
608101
591659
576384
559930
544606
528237
512927
496676
481425
465326
450173
434252
419231
403513
388658
373169
358513
343276
328853
313893
299740
285084
271236
256912
243407
229445
216326
202757
190068
176928
164718
152044
140368
128208
117124
105527
95110.9
84142.7
74468
64204.2
55383.6
45916.4
38051.6
29581.4
22897.9
15392.6
9941.14
4401.22
1.16169e+06
1.1508e+06
1.14579e+06
1.13419e+06
1.12795e+06
1.11566e+06
1.10843e+06
1.0956e+06
1.08748e+06
1.07419e+06
1.06526e+06
1.05155e+06
1.04189e+06
1.02781e+06
1.01749e+06
1.00308e+06
992135
977424
965924
950940
938928
923697
911216
895762
882854
867199
853904
838072
824425
808437
794474
778352
764108
747875
733384
717062
702359
685974
671095
654677
639663
623243
608117
591674
576399
559945
544620
528252
512941
496689
481438
465339
450185
434264
419243
403525
388669
373179
358523
343286
328863
313903
299749
285093
271244
256920
243415
229452
216333
202764
190074
176933
164724
152049
140373
128213
117128
105530
95114.3
84145.7
74470.7
64206.5
55385.5
45918
38052.9
29582.4
22898.6
15393
9941.27
4401.78
1.16166e+06
1.15078e+06
1.14577e+06
1.13417e+06
1.12793e+06
1.11565e+06
1.10841e+06
1.09559e+06
1.08747e+06
1.07417e+06
1.06525e+06
1.05154e+06
1.04188e+06
1.0278e+06
1.01747e+06
1.00306e+06
992124
977413
965913
950930
938918
923686
911206
895752
882845
867190
853895
838063
824416
808428
794466
778344
764100
747867
733376
717054
702351
685967
671088
654670
639656
623237
608111
591668
576393
559939
544615
528246
512936
496684
481433
465334
450181
434259
419238
403520
388665
373175
358519
343282
328859
313899
299746
285090
271241
256917
243413
229450
216331
202762
190072
176932
164722
152048
140372
128212
117127
105529
95113.4
84145
74470.1
64206
55385.1
45917.6
38052.6
29582.2
22898.4
15392.8
9941.13
4401.56
1.16162e+06
1.15078e+06
1.14577e+06
1.13418e+06
1.12794e+06
1.11565e+06
1.10841e+06
1.09559e+06
1.08747e+06
1.07417e+06
1.06525e+06
1.05154e+06
1.04188e+06
1.0278e+06
1.01747e+06
1.00306e+06
992124
977414
965914
950930
938918
923686
911206
895752
882845
867190
853895
838063
824416
808428
794466
778344
764100
747867
733377
717055
702352
685968
671089
654671
639657
623238
608112
591669
576394
559940
544615
528247
512936
496685
481434
465335
450181
434260
419239
403521
388666
373176
358520
343282
328860
313900
299746
285090
271241
256917
243413
229450
216331
202762
190072
176932
164722
152047
140371
128211
117127
105529
95113.1
84144.6
74469.7
64205.6
55384.8
45917.3
38052.3
29581.9
22898.2
15392.7
9941.03
4401.22
1.16163e+06
1.15076e+06
1.14575e+06
1.13416e+06
1.12792e+06
1.11564e+06
1.1084e+06
1.09557e+06
1.08745e+06
1.07416e+06
1.06523e+06
1.05153e+06
1.04187e+06
1.02779e+06
1.01746e+06
1.00305e+06
992112
977402
965902
950918
938906
923675
911195
895741
882834
867179
853884
838052
824406
808418
794455
778334
764090
747857
733366
717045
702342
685958
671079
654661
639648
623228
608102
591660
576385
559931
544607
528238
512928
496677
481426
465327
450174
434252
419232
403514
388659
373169
358514
343276
328854
313894
299740
285085
271236
256912
243408
229445
216327
202758
190068
176928
164719
152044
140368
128209
117124
105527
95111
84142.7
74468
64204.1
55383.4
45916.2
38051.3
29581.1
22897.6
15392.2
9940.62
4400.99
1.16162e+06
1.15076e+06
1.14575e+06
1.13417e+06
1.12793e+06
1.11565e+06
1.10841e+06
1.09558e+06
1.08746e+06
1.07417e+06
1.06524e+06
1.05153e+06
1.04187e+06
1.0278e+06
1.01747e+06
1.00306e+06
992119
977408
965908
950924
938912
923681
911201
895746
882839
867185
853889
838057
824411
808422
794460
778338
764095
747861
733371
717049
702346
685962
671083
654665
639651
623232
608106
591664
576389
559934
544610
528242
512931
496680
481429
465330
450177
434255
419234
403517
388662
373172
358516
343278
328856
313896
299742
285086
271238
256914
243410
229447
216328
202759
190070
176929
164720
152045
140369
128209
117125
105527
95111.7
84143.3
74468.5
64204.6
55383.8
45916.5
38051.6
29581.3
22897.8
15392.3
9940.78
4400.99
1.16162e+06
1.15076e+06
1.14575e+06
1.13416e+06
1.12793e+06
1.11564e+06
1.10841e+06
1.09558e+06
1.08746e+06
1.07416e+06
1.06524e+06
1.05153e+06
1.04187e+06
1.02779e+06
1.01746e+06
1.00306e+06
992115
977405
965905
950921
938909
923678
911198
895744
882837
867182
853887
838055
824408
808420
794458
778336
764093
747859
733369
717047
702344
685960
671081
654663
639650
623230
608105
591662
576387
559933
544609
528240
512930
496678
481428
465328
450175
434254
419233
403516
388661
373171
358515
343277
328855
313895
299742
285086
271237
256913
243409
229446
216328
202758
190069
176929
164719
152045
140369
128209
117125
105527
95111.4
84143.1
74468.4
64204.4
55383.7
45916.4
38051.6
29581.3
22897.7
15392.3
9940.78
4401.01
1.16162e+06
1.15075e+06
1.14575e+06
1.13416e+06
1.12793e+06
1.11565e+06
1.10841e+06
1.09558e+06
1.08746e+06
1.07417e+06
1.06524e+06
1.05153e+06
1.04187e+06
1.0278e+06
1.01747e+06
1.00306e+06
992118
977408
965908
950924
938912
923681
911201
895747
882840
867185
853890
838057
824411
808423
794461
778339
764095
747862
733371
717050
702347
685962
671084
654666
639652
623233
608107
591664
576389
559935
544611
528242
512932
496680
481430
465330
450177
434256
419235
403517
388662
373172
358517
343279
328857
313897
299743
285087
271239
256915
243410
229447
216329
202760
190070
176930
164720
152046
140370
128210
117126
105528
95112.2
84143.8
74469.1
64205.1
55384.3
45916.9
38052
29581.7
22898.1
15392.6
9941.01
4401.14
1.16162e+06
1.15076e+06
1.14575e+06
1.13417e+06
1.12793e+06
1.11565e+06
1.10841e+06
1.09558e+06
1.08746e+06
1.07417e+06
1.06524e+06
1.05153e+06
1.04187e+06
1.0278e+06
1.01747e+06
1.00306e+06
992119
977408
965909
950925
938913
923681
911201
895747
882840
867185
853890
838058
824411
808423
794461
778339
764096
747862
733372
717050
702347
685963
671084
654666
639652
623233
608107
591664
576389
559935
544611
528243
512932
496681
481430
465330
450177
434256
419235
403518
388662
373172
358517
343279
328857
313897
299743
285087
271239
256915
243410
229447
216329
202759
190070
176930
164720
152046
140370
128210
117126
105528
95112
84143.6
74468.9
64204.9
55384.2
45916.8
38051.9
29581.6
22898
15392.6
9940.98
4401.09
1.16163e+06
1.15076e+06
1.14575e+06
1.13416e+06
1.12792e+06
1.11564e+06
1.1084e+06
1.09558e+06
1.08746e+06
1.07416e+06
1.06524e+06
1.05153e+06
1.04187e+06
1.02779e+06
1.01747e+06
1.00306e+06
992116
977406
965906
950922
938910
923679
911199
895745
882838
867183
853888
838056
824409
808421
794459
778337
764094
747860
733370
717049
702345
685961
671082
654665
639651
623232
608106
591663
576388
559934
544610
528242
512931
496680
481429
465330
450177
434255
419235
403517
388662
373172
358516
343279
328856
313897
299743
285087
271239
256915
243410
229447
216329
202760
190071
176930
164721
152046
140370
128210
117126
105528
95112.6
84144.2
74469.4
64205.4
55384.6
45917.2
38052.3
29581.9
22898.3
15392.8
9941.18
4401.28
1.16162e+06
1.15077e+06
1.14576e+06
1.13417e+06
1.12793e+06
1.11564e+06
1.10841e+06
1.09558e+06
1.08746e+06
1.07417e+06
1.06524e+06
1.05153e+06
1.04187e+06
1.0278e+06
1.01747e+06
1.00306e+06
992118
977408
965908
950924
938912
923681
911201
895746
882840
867185
853890
838058
824411
808423
794461
778339
764096
747863
733372
717051
702348
685963
671085
654667
639653
623234
608108
591665
576390
559936
544612
528244
512933
496682
481431
465332
450179
434257
419237
403519
388664
373174
358518
343281
328858
313898
299744
285088
271240
256916
243412
229449
216330
202761
190071
176931
164721
152047
140371
128211
117127
105529
95113
84144.5
74469.7
64205.6
55384.9
45917.4
38052.5
29582.1
22898.4
15392.9
9941.3
4401.27
1.16165e+06
1.15076e+06
1.14574e+06
1.13415e+06
1.12791e+06
1.11563e+06
1.10839e+06
1.09557e+06
1.08745e+06
1.07415e+06
1.06523e+06
1.05152e+06
1.04186e+06
1.02778e+06
1.01745e+06
1.00305e+06
992106
977395
965896
950912
938900
923669
911189
895735
882828
867173
853878
838046
824400
808412
794450
778328
764085
747851
733361
717040
702337
685953
671074
654656
639643
623223
608098
591655
576381
559926
544603
528234
512924
496673
481422
465323
450170
434249
419229
403511
388656
373166
358511
343274
328852
313892
299738
285083
271234
256911
243407
229444
216326
202757
190068
176927
164718
152044
140368
128208
117124
105527
95111.1
84142.9
74468.3
64204.4
55383.8
45916.6
38051.8
29581.5
22898
15392.6
9941.05
4401.25
1.16167e+06
1.15076e+06
1.14575e+06
1.13415e+06
1.12791e+06
1.11563e+06
1.10839e+06
1.09557e+06
1.08745e+06
1.07415e+06
1.06523e+06
1.05152e+06
1.04186e+06
1.02778e+06
1.01745e+06
1.00305e+06
992106
977396
965897
950913
938901
923671
911191
895737
882830
867176
853881
838049
824402
808415
794453
778331
764088
747854
733364
717043
702340
685956
671077
654660
639646
623227
608101
591659
576384
559930
544606
528237
512927
496676
481425
465326
450173
434252
419231
403513
388659
373169
358513
343276
328853
313894
299740
285084
271236
256912
243407
229445
216326
202757
190068
176928
164718
152044
140368
128208
117124
105527
95110.9
84142.7
74468
64204.2
55383.6
45916.4
38051.6
29581.4
22897.9
15392.6
9941.14
4401.22
1.16113e+06
1.14965e+06
1.14461e+06
1.13279e+06
1.12647e+06
1.11411e+06
1.10678e+06
1.09395e+06
1.08574e+06
1.07248e+06
1.06349e+06
1.04983e+06
1.04012e+06
1.02611e+06
1.01575e+06
1.0014e+06
990446
975798
964292
949368
937358
922183
909710
894308
881412
865806
852523
836736
823104
807157
793209
777126
762897
746699
732224
715936
701247
684894
670030
653641
638642
622250
607138
590722
575462
559033
543724
527380
512084
495857
480621
464544
449406
433506
418500
402803
387963
372494
357853
342636
328228
313288
299149
284513
270679
256375
242886
228943
215840
202291
189617
176498
164305
151652
139992
127855
116788
105215
94816.6
83873.5
74216.5
63979.4
55175.9
45737.2
37888.3
29448.6
22779
15309
9869.23
4367.48
1.16183e+06
1.1503e+06
1.14525e+06
1.13343e+06
1.12712e+06
1.11477e+06
1.10744e+06
1.09461e+06
1.08641e+06
1.07315e+06
1.06415e+06
1.0505e+06
1.04079e+06
1.02677e+06
1.01641e+06
1.00206e+06
991095
976441
964929
949999
937982
922800
910321
894911
882007
866393
853103
837306
823666
807710
793755
777662
763425
747217
732733
716435
701737
685374
670501
654101
639093
622690
607569
591142
575872
559433
544114
527759
512454
496215
480970
464882
449734
433824
418807
403100
388250
372770
358119
342892
328474
313524
299375
284729
270886
256572
243073
229120
216008
202449
189767
176638
164436
151774
140106
127960
116885
105302
94896.3
83945
74280.5
64035.6
55224.8
45778.8
37923
29476.9
22800.9
15325.2
9880.55
4375.32
1.16129e+06
1.14996e+06
1.14492e+06
1.13311e+06
1.12679e+06
1.11444e+06
1.10711e+06
1.09428e+06
1.08607e+06
1.07281e+06
1.06382e+06
1.05016e+06
1.04045e+06
1.02644e+06
1.01608e+06
1.00173e+06
990769
976119
964610
949683
937669
922490
910013
894607
881707
866096
852810
837017
823380
807429
793476
777388
763154
746951
732471
716177
701484
685126
670257
653863
638858
622461
607345
590923
575658
559224
543911
527562
512261
496029
480788
464706
449563
433659
418648
402947
388102
372628
357983
342761
328349
313404
299261
284620
270782
256474
242980
229033
215926
202372
189694
176571
164373
151716
140053
127912
116840
105263
94860.5
83913.4
74252.6
64011.6
55204.2
45761.8
37909.2
29466.1
22793
15319.7
9877.1
4372.65
1.16162e+06
1.15022e+06
1.14518e+06
1.13337e+06
1.12705e+06
1.11469e+06
1.10736e+06
1.09454e+06
1.08633e+06
1.07307e+06
1.06408e+06
1.05042e+06
1.04071e+06
1.02669e+06
1.01633e+06
1.00198e+06
991017
976364
964853
949923
937907
922726
910247
894838
881935
866321
853032
837237
823597
807642
793687
777595
763359
747153
732669
716372
701676
685314
670441
654043
639036
622634
607514
591088
575820
559382
544064
527711
512406
496169
480925
464838
449691
433782
418767
403062
388213
372734
358084
342858
328442
313493
299346
284701
270859
256546
243048
229097
215986
202428
189747
176619
164418
151758
140091
127946
116872
105291
94885.6
83935.3
74271.8
64027.9
55218.1
45773
37918.2
29472.9
22797.9
15322.9
9879.6
4374.29
1.16134e+06
1.15003e+06
1.14499e+06
1.13319e+06
1.12688e+06
1.11453e+06
1.1072e+06
1.09437e+06
1.08617e+06
1.07291e+06
1.06392e+06
1.05026e+06
1.04055e+06
1.02653e+06
1.01617e+06
1.00182e+06
990864
976212
964702
949774
937759
922579
910101
894694
881792
866181
852893
837099
823461
807508
793555
777465
763230
747026
732544
716249
701555
685195
670324
653929
638923
622524
607406
590983
575717
559282
543966
527616
512314
496079
480837
464754
449609
433703
418691
402988
388142
372666
358019
342796
328382
313436
299291
284649
270809
256500
243004
229056
215947
202392
189713
176588
164389
151731
140066
127924
116852
105273
94869.4
83921.1
74259.4
64017.4
55209.1
45765.8
37912.4
29468.5
22794.7
15320.8
9878.02
4373.11
1.16147e+06
1.15012e+06
1.14507e+06
1.13326e+06
1.12695e+06
1.11459e+06
1.10726e+06
1.09443e+06
1.08622e+06
1.07297e+06
1.06397e+06
1.05032e+06
1.0406e+06
1.02659e+06
1.01622e+06
1.00187e+06
990913
976261
964751
949822
937806
922626
910148
894740
881838
866225
852937
837143
823505
807551
793597
777506
763271
747066
732584
716288
701593
685232
670361
653964
638958
622558
607439
591015
575748
559311
543995
527644
512341
496105
480862
464778
449632
433725
418712
403008
388160
372684
358036
342811
328396
313450
299304
284661
270820
256509
243013
229064
215954
202399
189719
176593
164393
151734
140069
127926
116853
105274
94870
83921.2
74259.2
64016.7
55208.3
45764.6
37911
29467
22793.2
15319.4
9877.13
4372.43
1.16145e+06
1.15013e+06
1.14509e+06
1.1333e+06
1.12699e+06
1.11464e+06
1.10731e+06
1.09448e+06
1.08628e+06
1.07302e+06
1.06403e+06
1.05037e+06
1.04066e+06
1.02665e+06
1.01628e+06
1.00193e+06
990973
976320
964810
949880
937864
922683
910204
894796
881893
866280
852991
837196
823557
807602
793648
777556
763320
747114
732631
716335
701639
685277
670405
654008
639001
622601
607481
591057
575789
559352
544035
527682
512379
496143
480899
464814
449667
433760
418746
403041
388193
372715
358067
342841
328426
313478
299332
284688
270847
256535
243038
229088
215977
202421
189740
176613
164413
151753
140087
127943
116869
105289
94884.2
83934.5
74271.4
64028
55218.5
45773.8
37919.2
29474.1
22799.1
15324.1
9880.67
4374.85
1.16136e+06
1.15002e+06
1.14497e+06
1.13316e+06
1.12685e+06
1.11449e+06
1.10716e+06
1.09433e+06
1.08612e+06
1.07286e+06
1.06387e+06
1.05021e+06
1.0405e+06
1.02648e+06
1.01612e+06
1.00177e+06
990812
976161
964652
949724
937710
922531
910053
894647
881746
866135
852848
837055
823417
807465
793512
777423
763189
746985
732504
716210
701516
685156
670287
653892
638887
622488
607371
590949
575683
559248
543933
527583
512282
496048
480807
464724
449580
433675
418663
402961
388115
372640
357993
342771
328357
313412
299268
284627
270788
256479
242984
229036
215928
202374
189695
176571
164373
151715
140051
127910
116838
105260
94857.7
83910.2
74249.3
64008.1
55200.8
45758.2
37905.8
29462.8
22790
15317
9875.25
4371.13
1.1616e+06
1.15022e+06
1.1452e+06
1.1334e+06
1.12709e+06
1.11474e+06
1.10742e+06
1.09459e+06
1.08639e+06
1.07314e+06
1.06414e+06
1.05049e+06
1.04078e+06
1.02676e+06
1.0164e+06
1.00205e+06
991085
976431
964920
949990
937973
922791
910311
894901
881998
866383
853094
837297
823657
807701
793746
777653
763416
747209
732724
716426
701729
685366
670493
654094
639086
622684
607563
591137
575867
559428
544110
527756
512451
496213
480967
464880
449732
433823
418807
403100
388250
372771
358121
342893
328476
313527
299378
284733
270890
256576
243077
229125
216013
202455
189772
176644
164442
151780
140112
127966
116891
105309
94902.6
83951.2
74286.5
64041.4
55230.4
45784.1
37928
29481.4
22805.1
15328.7
9883.96
4377.17
1.1613e+06
1.14993e+06
1.14488e+06
1.13307e+06
1.12675e+06
1.11439e+06
1.10705e+06
1.09423e+06
1.08602e+06
1.07276e+06
1.06376e+06
1.05011e+06
1.0404e+06
1.02638e+06
1.01602e+06
1.00167e+06
990711
976061
964552
949626
937613
922435
909959
894554
881654
866044
852758
836966
823330
807379
793428
777340
763107
746905
732425
716132
701440
685082
670214
653821
638817
622420
607305
590884
575620
559187
543874
527525
512226
495994
480754
464673
449531
433627
418617
402917
388072
372599
357954
342734
328322
313379
299236
284596
270759
256451
242958
229012
215905
202353
189676
176553
164356
151700
140037
127897
116827
105250
94848.6
83902.4
74242.5
64002.3
55195.9
45754.3
37902.7
29460.5
22788.4
15316
9874.47
4370.68
1.1618e+06
1.15028e+06
1.14526e+06
1.13346e+06
1.12715e+06
1.11481e+06
1.10749e+06
1.09467e+06
1.08646e+06
1.07321e+06
1.06422e+06
1.05056e+06
1.04085e+06
1.02683e+06
1.01647e+06
1.00212e+06
991160
976506
964994
950063
938046
922863
910383
894972
882068
866453
853162
837365
823724
807767
793811
777717
763480
747271
732786
716487
701789
685425
670551
654151
639142
622738
607617
591189
575919
559478
544159
527803
512497
496258
481011
464923
449774
433863
418846
403138
388287
372806
358155
342926
328508
313557
299407
284760
270916
256601
243102
229148
216035
202475
189792
176662
164459
151796
140127
127980
116904
105321
94913.7
83961.2
74295.7
64049.6
55237.7
45790.4
37933.4
29485.9
22808.7
15331.5
9885.5
4378.46
1.16112e+06
1.14961e+06
1.14455e+06
1.13272e+06
1.1264e+06
1.11404e+06
1.1067e+06
1.09387e+06
1.08566e+06
1.0724e+06
1.0634e+06
1.04975e+06
1.04004e+06
1.02602e+06
1.01566e+06
1.00132e+06
990362
975716
964210
949288
937278
922105
909633
894232
881337
865732
852450
836664
823033
807087
793141
777058
762830
746634
732159
715872
701185
684832
669969
653581
638583
622192
607081
590666
575407
558979
543671
527328
512034
495807
480572
464496
449359
433461
418455
402760
387921
372452
357812
342596
328189
313251
299113
284478
270645
256342
242854
228912
215810
202263
189590
176472
164279
151628
139970
127834
116768
105196
94798.8
83857
74201.4
63965.6
55163.4
45726.1
37878.5
29440.4
22772.2
15303.7
9865.38
4364.6
1.16135e+06
1.15013e+06
1.14464e+06
1.13298e+06
1.1264e+06
1.11416e+06
1.10666e+06
1.09392e+06
1.0856e+06
1.07241e+06
1.06334e+06
1.04975e+06
1.03999e+06
1.02603e+06
1.01563e+06
1.00133e+06
990348
975744
964219
949334
937311
922170
909688
894315
881413
865832
852545
836778
823141
807212
793260
777190
762957
746770
732289
716009
701315
684968
670097
653713
638706
622316
607197
590782
575514
559086
543770
527425
512122
495893
480649
464570
449424
433522
418507
402808
387959
372487
357838
342617
328202
313259
299112
284473
270632
256326
242829
228884
215774
202224
189544
176424
164225
151573
139909
127774
116703
105133
94732
83794.9
74137.5
63909
55108.1
45681.2
37839.5
29414.7
22757.7
15307
9888.8
4393.61
1.16067e+06
1.14948e+06
1.144e+06
1.13236e+06
1.12579e+06
1.11355e+06
1.10606e+06
1.09333e+06
1.08501e+06
1.07183e+06
1.06277e+06
1.04919e+06
1.03943e+06
1.02548e+06
1.01509e+06
1.0008e+06
989821
975223
963706
948827
936810
921675
909200
893833
880936
865362
852080
836320
822690
806767
792821
776759
762532
746353
731878
715606
700919
684580
669716
653340
638341
621960
606848
590442
575183
558764
543456
527120
511825
495606
480370
464301
449163
433270
418265
402575
387735
372272
357631
342420
328013
313079
298941
284311
270478
256180
242692
228755
215653
202111
189438
176326
164134
151490
139832
127704
116639
105076
94680.9
83749.9
74097.7
63874.8
55078.6
45656.7
37819.3
29398.5
22745.1
15297.6
9881.1
4387.54
1.16065e+06
1.14945e+06
1.14394e+06
1.13229e+06
1.12571e+06
1.11347e+06
1.10597e+06
1.09324e+06
1.08492e+06
1.07174e+06
1.06268e+06
1.04909e+06
1.03934e+06
1.02539e+06
1.015e+06
1.00071e+06
989735
975144
963628
948755
936741
921613
909141
893781
880888
865319
852042
836288
822661
806743
792801
776743
762519
746344
731872
715603
700918
684581
669720
653345
638347
621967
606856
590450
575192
558773
543464
527129
511833
495613
480377
464306
449167
433273
418266
402574
387733
372268
357626
342413
328004
313069
298929
284297
270462
256163
242673
228735
215631
202088
189414
176301
164108
151462
139804
127676
116611
105047
94652.8
83722
74070.9
63848.7
55054
45633.3
37797.9
29379.1
22728.4
15283.7
9870.95
4381.2
1.1605e+06
1.14936e+06
1.14387e+06
1.13223e+06
1.12566e+06
1.11342e+06
1.10593e+06
1.09319e+06
1.08488e+06
1.0717e+06
1.06263e+06
1.04905e+06
1.03929e+06
1.02534e+06
1.01495e+06
1.00067e+06
989690
975095
963578
948703
936688
921556
909082
893719
880824
865253
851974
836217
822589
806670
792726
776667
762442
746265
731794
715524
700839
684502
669640
653266
638269
621890
606780
590375
575118
558700
543393
527060
511766
495548
480314
464245
449108
433217
418212
402523
387684
372222
357583
342372
327966
313033
298896
284266
270434
256138
242650
228714
215613
202072
189400
176290
164099
151455
139799
127672
116609
105047
94653.2
83723.7
74073.3
63852.1
55057.8
45637.8
37802.4
29383.7
22732.6
15287.4
9872.95
4382.12
1.16054e+06
1.14937e+06
1.14384e+06
1.13219e+06
1.12561e+06
1.11337e+06
1.10587e+06
1.09313e+06
1.08481e+06
1.07163e+06
1.06256e+06
1.04898e+06
1.03922e+06
1.02527e+06
1.01488e+06
1.00059e+06
989617
975024
963507
948633
936618
921488
909015
893654
880760
865191
851913
836158
822530
806612
792670
776612
762388
746213
731742
715473
700788
684452
669591
653218
638221
621842
606733
590328
575071
558654
543347
527013
511720
495501
480267
464199
449062
433170
418166
402477
387638
372175
357536
342325
327919
312986
298849
284220
270388
256092
242604
228669
215569
202028
189357
176247
164057
151414
139759
127633
116571
105011
94618.8
83690.9
74042.5
63823.2
55031.1
45613.2
37780.4
29364.3
22716.2
15274
9863.24
4375.82
1.1605e+06
1.14934e+06
1.14383e+06
1.13219e+06
1.12562e+06
1.11339e+06
1.10589e+06
1.09315e+06
1.08484e+06
1.07166e+06
1.06259e+06
1.04901e+06
1.03925e+06
1.0253e+06
1.01491e+06
1.00063e+06
989649
975054
963537
948662
936647
921516
909042
893680
880785
865214
851936
836179
822551
806632
792689
776630
762406
746230
731758
715489
700804
684467
669606
653232
638235
621855
606746
590341
575084
558666
543360
527026
511732
495514
480280
464211
449075
433183
418179
402490
387651
372189
357550
342339
327933
313001
298863
284235
270403
256106
242619
228684
215583
202043
189372
176261
164071
151429
139773
127647
116585
105024
94631.5
83703.2
74054
63834.1
55041.3
45622.7
37788.9
29371.8
22722.5
15279.1
9866.66
4378.05
1.16051e+06
1.14934e+06
1.14382e+06
1.13217e+06
1.12559e+06
1.11335e+06
1.10585e+06
1.09311e+06
1.08479e+06
1.07161e+06
1.06254e+06
1.04896e+06
1.0392e+06
1.02525e+06
1.01486e+06
1.00057e+06
989597
975003
963487
948612
936597
921467
908994
893632
880738
865168
851890
836134
822507
806589
792646
776588
762364
746188
731717
715449
700764
684428
669568
653194
638198
621819
606710
590306
575049
558633
543327
526993
511701
495483
480249
464181
449046
433155
418151
402462
387624
372163
357524
342315
327909
312977
298841
284212
270381
256085
242599
228664
215564
202024
189354
176245
164055
151413
139758
127633
116572
105011
94619.9
83692.4
74044.1
63825
55033
45615.1
37782.4
29366.2
22717.9
15275.4
9864.15
4376.17
1.16053e+06
1.14936e+06
1.14384e+06
1.13221e+06
1.12563e+06
1.1134e+06
1.1059e+06
1.09317e+06
1.08485e+06
1.07167e+06
1.0626e+06
1.04902e+06
1.03926e+06
1.02531e+06
1.01492e+06
1.00064e+06
989659
975065
963548
948674
936658
921528
909054
893692
880798
865228
851949
836194
822566
806648
792705
776646
762422
746246
731774
715505
700820
684484
669622
653248
638251
621871
606762
590357
575099
558681
543374
527040
511746
495527
480292
464223
449086
433194
418189
402499
387660
372197
357557
342346
327940
313006
298869
284239
270407
256109
242622
228686
215585
202044
189372
176261
164071
151428
139772
127646
116583
105022
94629.4
83700.8
74051.6
63831.6
55038.9
45620.2
37786.6
29369.6
22720.6
15277.5
9865.71
4377.54
1.16051e+06
1.14935e+06
1.14384e+06
1.13219e+06
1.12561e+06
1.11337e+06
1.10587e+06
1.09313e+06
1.08481e+06
1.07163e+06
1.06257e+06
1.04898e+06
1.03923e+06
1.02527e+06
1.01488e+06
1.0006e+06
989622
975027
963511
948636
936622
921491
909018
893656
880762
865192
851913
836158
822530
806612
792669
776610
762387
746211
731740
715471
700787
684451
669590
653217
638220
621842
606733
590329
575072
558656
543350
527017
511724
495507
480273
464206
449070
433180
418176
402488
387650
372188
357550
342340
327935
313003
298866
284238
270407
256111
242624
228690
215589
202049
189379
176269
164079
151436
139781
127655
116593
105032
94639.3
83710.8
74061.5
63841.3
55048.1
45629
37794.9
29377.2
22727.3
15283.1
9870
4379.85
1.16064e+06
1.14943e+06
1.14393e+06
1.1323e+06
1.12572e+06
1.11349e+06
1.10599e+06
1.09326e+06
1.08495e+06
1.07177e+06
1.0627e+06
1.04912e+06
1.03937e+06
1.02542e+06
1.01503e+06
1.00074e+06
989766
975175
963658
948786
936771
921643
909170
893810
880916
865347
852069
836315
822687
806769
792827
776768
762544
746368
731896
715627
700942
684604
669742
653367
638369
621989
606878
590471
575212
558793
543484
527148
511853
495632
480395
464324
449185
433291
418284
402592
387750
372285
357642
342429
328020
313084
298944
284311
270477
256177
242686
228748
215644
202100
189426
176313
164119
151474
139815
127686
116621
105057
94662
83730.7
74079
63856.3
55061.1
45639.8
37803.7
29384.2
22732.7
15287.2
9873.47
4382.8
1.16068e+06
1.14945e+06
1.14396e+06
1.1323e+06
1.12572e+06
1.11348e+06
1.10598e+06
1.09325e+06
1.08493e+06
1.07175e+06
1.06268e+06
1.0491e+06
1.03934e+06
1.02539e+06
1.015e+06
1.00071e+06
989736
975139
963622
948744
936728
921594
909120
893754
880858
865285
852005
836246
822616
806694
792750
776688
762463
746284
731811
715540
700854
684516
669653
653278
638280
621900
606789
590384
575126
558708
543401
527067
511773
495554
480320
464251
449115
433223
418219
402530
387691
372229
357589
342379
327973
313041
298904
284275
270443
256146
242659
228724
215623
202082
189410
176300
164109
151465
139809
127682
116619
105057
94662.9
83733.3
74082.5
63860.9
55066.2
45645.6
37809.7
29390.4
22738.5
15292.3
9877.38
4384.71
1.16132e+06
1.15012e+06
1.14464e+06
1.13301e+06
1.12644e+06
1.1142e+06
1.10671e+06
1.09398e+06
1.08566e+06
1.07248e+06
1.06341e+06
1.04982e+06
1.04006e+06
1.0261e+06
1.0157e+06
1.00141e+06
990422
975817
964292
949406
937383
922241
909758
894385
881481
865899
852611
836844
823206
807276
793323
777252
763018
746830
732349
716068
701373
685025
670153
653767
638760
622369
607249
590833
575565
559136
543818
527473
512169
495939
480694
464614
449467
433564
418549
402848
387999
372525
357875
342654
328237
313293
299146
284506
270664
256356
242858
228913
215802
202250
189569
176448
164248
151595
139930
127793
116721
105150
94748.3
83810
74151.4
63921.8
55119.6
45691.5
37848.6
29422.5
22764.3
15312.4
9892.8
4396.23
)
;

boundaryField
{
    upperWall
    {
        type            calculated;
        value           nonuniform List<scalar> 
660
(
1.19186e+06
1.19073e+06
1.19059e+06
1.19059e+06
1.19073e+06
1.19186e+06
1.19046e+06
1.18895e+06
1.18883e+06
1.18883e+06
1.18895e+06
1.19046e+06
1.19049e+06
1.18936e+06
1.18905e+06
1.18905e+06
1.18936e+06
1.19049e+06
1.18898e+06
1.18753e+06
1.18732e+06
1.18732e+06
1.18753e+06
1.18898e+06
1.1889e+06
1.18781e+06
1.18757e+06
1.18757e+06
1.18781e+06
1.18891e+06
1.18714e+06
1.18573e+06
1.18569e+06
1.18569e+06
1.18573e+06
1.18714e+06
1.18685e+06
1.1858e+06
1.18574e+06
1.18574e+06
1.1858e+06
1.18685e+06
1.18483e+06
1.18352e+06
1.18358e+06
1.18358e+06
1.18352e+06
1.18483e+06
1.18431e+06
1.18335e+06
1.18338e+06
1.18338e+06
1.18335e+06
1.18431e+06
1.18209e+06
1.18091e+06
1.18103e+06
1.18104e+06
1.18091e+06
1.18209e+06
1.18135e+06
1.18052e+06
1.18063e+06
1.18063e+06
1.18052e+06
1.18135e+06
1.179e+06
1.17799e+06
1.17816e+06
1.17816e+06
1.17799e+06
1.17901e+06
1.1781e+06
1.1774e+06
1.17757e+06
1.17757e+06
1.1774e+06
1.1781e+06
1.17567e+06
1.17481e+06
1.17501e+06
1.17501e+06
1.17481e+06
1.17567e+06
1.17463e+06
1.17405e+06
1.17426e+06
1.17426e+06
1.17405e+06
1.17463e+06
1.17212e+06
1.17141e+06
1.17162e+06
1.17162e+06
1.17141e+06
1.17212e+06
1.17095e+06
1.17049e+06
1.17072e+06
1.17072e+06
1.17049e+06
1.17095e+06
1.16837e+06
1.16781e+06
1.16799e+06
1.16799e+06
1.16781e+06
1.16837e+06
1.16712e+06
1.16677e+06
1.16702e+06
1.16702e+06
1.16677e+06
1.16712e+06
1.16466e+06
1.16412e+06
1.16432e+06
1.16432e+06
1.16412e+06
1.16466e+06
1.16132e+06
1.16112e+06
1.16167e+06
1.16167e+06
1.16112e+06
1.16132e+06
1.15011e+06
1.14961e+06
1.15076e+06
1.15076e+06
1.14961e+06
1.15012e+06
1.14464e+06
1.14455e+06
1.14575e+06
1.14575e+06
1.14455e+06
1.14464e+06
1.13301e+06
1.13272e+06
1.13415e+06
1.13415e+06
1.13272e+06
1.13301e+06
1.12644e+06
1.1264e+06
1.12791e+06
1.12791e+06
1.1264e+06
1.12644e+06
1.1142e+06
1.11403e+06
1.11563e+06
1.11563e+06
1.11404e+06
1.1142e+06
1.10671e+06
1.1067e+06
1.10839e+06
1.10839e+06
1.1067e+06
1.10671e+06
1.09398e+06
1.09387e+06
1.09557e+06
1.09557e+06
1.09387e+06
1.09398e+06
1.08566e+06
1.08566e+06
1.08745e+06
1.08745e+06
1.08566e+06
1.08566e+06
1.07248e+06
1.0724e+06
1.07415e+06
1.07415e+06
1.0724e+06
1.07248e+06
1.06341e+06
1.0634e+06
1.06523e+06
1.06523e+06
1.0634e+06
1.06341e+06
1.04982e+06
1.04975e+06
1.05152e+06
1.05152e+06
1.04975e+06
1.04982e+06
1.04006e+06
1.04004e+06
1.04186e+06
1.04186e+06
1.04004e+06
1.04006e+06
1.0261e+06
1.02602e+06
1.02778e+06
1.02778e+06
1.02602e+06
1.0261e+06
1.0157e+06
1.01566e+06
1.01745e+06
1.01745e+06
1.01566e+06
1.0157e+06
1.0014e+06
1.00132e+06
1.00305e+06
1.00305e+06
1.00132e+06
1.00141e+06
990421
990362
992106
992106
990362
990422
975816
975716
977396
977396
975716
975817
964292
964210
965896
965897
964210
964292
949406
949288
950913
950913
949288
949406
937382
937278
938901
938901
937278
937383
922240
922105
923670
923671
922105
922241
909758
909632
911191
911191
909633
909758
894384
894232
895737
895737
894232
894385
881481
881336
882830
882830
881337
881481
865899
865732
867175
867176
865732
865899
852611
852450
853881
853881
852450
852611
836843
836664
838048
838049
836664
836844
823206
823032
824402
824402
823033
823206
807275
807087
808414
808415
807087
807276
793323
793140
794452
794453
793141
793323
777252
777058
778331
778331
777058
777252
763018
762830
764087
764088
762830
763018
746830
746634
747854
747854
746634
746830
732348
732159
733364
733364
732159
732349
716067
715872
717043
717043
715872
716068
701372
701184
702340
702340
701185
701373
685024
684832
685956
685956
684832
685025
670153
669969
671077
671077
669969
670153
653767
653581
654660
654660
653581
653767
638760
638583
639646
639646
638583
638760
622369
622192
623227
623227
622192
622369
607249
607081
608101
608101
607081
607249
590833
590666
591659
591659
590666
590833
575564
575407
576384
576384
575407
575565
559135
558979
559930
559930
558979
559136
543818
543671
544606
544606
543671
543818
527473
527328
528237
528237
527328
527473
512169
512034
512927
512927
512034
512169
495938
495807
496676
496676
495807
495939
480694
480572
481425
481425
480572
480694
464614
464496
465326
465326
464496
464614
449467
449359
450173
450173
449359
449467
433564
433460
434252
434252
433461
433564
418548
418455
419231
419231
418455
418549
402848
402760
403513
403513
402760
402848
387999
387920
388658
388659
387921
387999
372525
372452
373169
373169
372452
372525
357875
357812
358513
358513
357812
357875
342654
342596
343276
343276
342596
342654
328237
328189
328853
328853
328189
328237
313293
313251
313893
313894
313251
313293
299146
299113
299740
299740
299113
299146
284506
284478
285084
285084
284478
284506
270663
270645
271236
271236
270645
270664
256356
256342
256912
256912
256342
256356
242858
242854
243407
243407
242854
242858
228913
228912
229445
229445
228912
228913
215802
215810
216326
216326
215810
215802
202250
202262
202757
202757
202263
202250
189569
189590
190068
190068
189590
189569
176448
176472
176928
176928
176472
176448
164248
164279
164718
164718
164279
164248
151595
151628
152044
152044
151628
151595
139930
139970
140368
140368
139970
139930
127793
127834
128208
128208
127834
127793
116721
116768
117124
117124
116768
116721
105150
105196
105527
105527
105196
105150
94748.2
94798.8
95110.9
95110.9
94798.8
94748.3
83810
83857
84142.7
84142.7
83857
83810
74151.4
74201.4
74468
74468
74201.4
74151.4
63921.8
63965.6
64204.2
64204.2
63965.6
63921.8
55119.6
55163.4
55383.6
55383.6
55163.4
55119.6
45691.5
45726.1
45916.4
45916.4
45726.1
45691.5
37848.6
37878.5
38051.6
38051.6
37878.5
37848.6
29422.5
29440.4
29581.4
29581.4
29440.4
29422.5
22764.3
22772.2
22897.9
22897.9
22772.2
22764.3
15312.4
15303.7
15392.6
15392.6
15303.7
15312.4
9892.8
9865.38
9941.14
9941.14
9865.38
9892.8
4396.23
4364.6
4401.22
4401.22
4364.6
4396.23
)
;
    }
    lowerWall
    {
        type            calculated;
        value           nonuniform List<scalar> 
120
(
1.19186e+06
1.19073e+06
1.19059e+06
1.19059e+06
1.19073e+06
1.19186e+06
1.19046e+06
1.18895e+06
1.18883e+06
1.18883e+06
1.18895e+06
1.19046e+06
1.19049e+06
1.18936e+06
1.18905e+06
1.18905e+06
1.18936e+06
1.19049e+06
1.18898e+06
1.18753e+06
1.18732e+06
1.18732e+06
1.18753e+06
1.18898e+06
1.1889e+06
1.18781e+06
1.18757e+06
1.18757e+06
1.18781e+06
1.18891e+06
1.18714e+06
1.18573e+06
1.18569e+06
1.18569e+06
1.18573e+06
1.18714e+06
1.18685e+06
1.1858e+06
1.18574e+06
1.18574e+06
1.1858e+06
1.18685e+06
1.18483e+06
1.18352e+06
1.18358e+06
1.18358e+06
1.18352e+06
1.18483e+06
1.18431e+06
1.18335e+06
1.18338e+06
1.18338e+06
1.18335e+06
1.18431e+06
1.18209e+06
1.18091e+06
1.18103e+06
1.18104e+06
1.18091e+06
1.18209e+06
1.18135e+06
1.18052e+06
1.18062e+06
1.18063e+06
1.18052e+06
1.18135e+06
1.179e+06
1.17799e+06
1.17816e+06
1.17816e+06
1.17799e+06
1.17901e+06
1.1781e+06
1.1774e+06
1.17757e+06
1.17757e+06
1.1774e+06
1.1781e+06
1.17567e+06
1.17481e+06
1.17501e+06
1.17501e+06
1.17481e+06
1.17567e+06
1.17462e+06
1.17405e+06
1.17426e+06
1.17426e+06
1.17405e+06
1.17463e+06
1.17212e+06
1.17141e+06
1.17162e+06
1.17162e+06
1.17141e+06
1.17212e+06
1.17095e+06
1.17049e+06
1.17073e+06
1.17073e+06
1.17049e+06
1.17095e+06
1.16837e+06
1.16781e+06
1.16799e+06
1.16799e+06
1.16781e+06
1.16837e+06
1.16712e+06
1.16677e+06
1.16702e+06
1.16702e+06
1.16677e+06
1.16712e+06
1.16466e+06
1.16412e+06
1.16431e+06
1.16431e+06
1.16412e+06
1.16466e+06
)
;
    }
    heatedWall
    {
        type            calculated;
        value           nonuniform List<scalar> 
540
(
1.16135e+06
1.16113e+06
1.16169e+06
1.16169e+06
1.16113e+06
1.16135e+06
1.15013e+06
1.14965e+06
1.1508e+06
1.1508e+06
1.14965e+06
1.15013e+06
1.14463e+06
1.14461e+06
1.14579e+06
1.14579e+06
1.14461e+06
1.14464e+06
1.13298e+06
1.13279e+06
1.13419e+06
1.13419e+06
1.13279e+06
1.13298e+06
1.1264e+06
1.12647e+06
1.12795e+06
1.12795e+06
1.12647e+06
1.1264e+06
1.11415e+06
1.11411e+06
1.11566e+06
1.11566e+06
1.11411e+06
1.11416e+06
1.10666e+06
1.10678e+06
1.10843e+06
1.10843e+06
1.10678e+06
1.10666e+06
1.09392e+06
1.09395e+06
1.0956e+06
1.0956e+06
1.09395e+06
1.09392e+06
1.0856e+06
1.08574e+06
1.08748e+06
1.08748e+06
1.08574e+06
1.0856e+06
1.07241e+06
1.07248e+06
1.07419e+06
1.07419e+06
1.07248e+06
1.07241e+06
1.06334e+06
1.06349e+06
1.06526e+06
1.06526e+06
1.06349e+06
1.06334e+06
1.04975e+06
1.04983e+06
1.05155e+06
1.05155e+06
1.04983e+06
1.04975e+06
1.03999e+06
1.04012e+06
1.04189e+06
1.04189e+06
1.04012e+06
1.03999e+06
1.02603e+06
1.02611e+06
1.02781e+06
1.02781e+06
1.02611e+06
1.02603e+06
1.01563e+06
1.01575e+06
1.01749e+06
1.01749e+06
1.01575e+06
1.01563e+06
1.00133e+06
1.0014e+06
1.00308e+06
1.00308e+06
1.0014e+06
1.00133e+06
990348
990445
992135
992135
990446
990348
975743
975798
977424
977424
975798
975744
964219
964291
965924
965924
964292
964219
949334
949368
950940
950940
949368
949334
937311
937357
938928
938928
937358
937311
922169
922183
923696
923697
922183
922170
909688
909710
911216
911216
909710
909688
894315
894308
895761
895762
894308
894315
881412
881411
882854
882854
881412
881413
865831
865805
867199
867199
865806
865832
852544
852523
853904
853904
852523
852545
836778
836736
838071
838072
836736
836778
823141
823103
824425
824425
823104
823141
807212
807157
808436
808437
807157
807212
793260
793209
794474
794474
793209
793260
777190
777125
778352
778352
777126
777190
762957
762897
764108
764108
762897
762957
746770
746699
747875
747875
746699
746770
732289
732224
733384
733384
732224
732289
716009
715935
717062
717062
715936
716009
701315
701247
702359
702359
701247
701315
684968
684894
685974
685974
684894
684968
670097
670030
671095
671095
670030
670097
653712
653641
654677
654677
653641
653713
638706
638642
639663
639663
638642
638706
622316
622249
623243
623243
622250
622316
607197
607138
608117
608117
607138
607197
590781
590721
591674
591674
590722
590782
575514
575461
576399
576399
575462
575514
559086
559033
559945
559945
559033
559086
543770
543724
544620
544620
543724
543770
527425
527380
528252
528252
527380
527425
512122
512084
512941
512941
512084
512122
495893
495856
496689
496689
495857
495893
480649
480621
481438
481438
480621
480649
464570
464544
465339
465339
464544
464570
449423
449405
450185
450185
449406
449424
433522
433506
434264
434264
433506
433522
418507
418500
419243
419243
418500
418507
402808
402803
403525
403525
402803
402808
387959
387963
388669
388669
387963
387959
372487
372494
373179
373179
372494
372487
357838
357853
358523
358523
357853
357838
342617
342635
343285
343286
342636
342617
328202
328228
328863
328863
328228
328202
313259
313288
313903
313903
313288
313259
299112
299149
299749
299749
299149
299112
284473
284513
285093
285093
284513
284473
270632
270679
271244
271244
270679
270632
256326
256375
256920
256920
256375
256326
242829
242886
243415
243415
242886
242829
228884
228943
229452
229452
228943
228884
215774
215840
216333
216333
215840
215774
202224
202291
202764
202764
202291
202224
189544
189617
190074
190074
189617
189544
176424
176498
176933
176933
176498
176424
164225
164304
164724
164724
164305
164225
151573
151652
152049
152049
151652
151573
139909
139992
140373
140373
139992
139909
127774
127855
128213
128213
127855
127774
116703
116788
117128
117128
116788
116703
105133
105215
105530
105530
105215
105133
94731.9
94816.6
95114.3
95114.3
94816.6
94732
83794.8
83873.4
84145.7
84145.7
83873.5
83794.9
74137.4
74216.5
74470.7
74470.7
74216.5
74137.5
63909
63979.4
64206.5
64206.5
63979.4
63909
55108
55175.9
55385.5
55385.5
55175.9
55108.1
45681.1
45737.2
45918
45918
45737.2
45681.2
37839.5
37888.3
38052.9
38052.9
37888.3
37839.5
29414.6
29448.6
29582.4
29582.4
29448.6
29414.7
22757.6
22779
22898.6
22898.6
22779
22757.7
15307
15309
15393
15393
15309
15307
9888.8
9869.23
9941.27
9941.27
9869.23
9888.8
4393.61
4367.48
4401.78
4401.78
4367.48
4393.61
)
;
    }
    inlet
    {
        type            calculated;
        value           nonuniform List<scalar> 
72
(
1.19186e+06
1.19178e+06
1.19179e+06
1.19178e+06
1.19179e+06
1.19178e+06
1.19178e+06
1.19179e+06
1.19178e+06
1.19179e+06
1.19178e+06
1.19186e+06
1.19073e+06
1.1908e+06
1.19079e+06
1.19083e+06
1.19082e+06
1.19084e+06
1.19084e+06
1.19082e+06
1.19083e+06
1.19079e+06
1.1908e+06
1.19073e+06
1.19059e+06
1.19063e+06
1.19064e+06
1.19066e+06
1.19066e+06
1.19067e+06
1.19067e+06
1.19066e+06
1.19066e+06
1.19064e+06
1.19063e+06
1.19059e+06
1.19059e+06
1.19063e+06
1.19064e+06
1.19066e+06
1.19066e+06
1.19067e+06
1.19067e+06
1.19066e+06
1.19066e+06
1.19064e+06
1.19063e+06
1.19059e+06
1.19073e+06
1.1908e+06
1.19079e+06
1.19083e+06
1.19082e+06
1.19084e+06
1.19084e+06
1.19082e+06
1.19083e+06
1.19079e+06
1.1908e+06
1.19073e+06
1.19186e+06
1.19178e+06
1.19179e+06
1.19178e+06
1.19179e+06
1.19179e+06
1.19179e+06
1.19179e+06
1.19178e+06
1.19179e+06
1.19178e+06
1.19186e+06
)
;
    }
    outlet
    {
        type            calculated;
        value           nonuniform List<scalar> 
72
(
2462.79
2459.02
2455.44
2455.92
2452.4
2453.64
2452.58
2453.36
2454.65
2456.33
2457.4
2464.18
2448.41
2452.68
2451.09
2452.05
2451.35
2450.98
2452.34
2450.23
2453.66
2449.97
2454.42
2446.7
2467.6
2467.32
2467.12
2467
2466.99
2467
2467.08
2467.05
2467.15
2467.15
2467.13
2467.15
2467.6
2467.32
2467.12
2467
2466.99
2467
2467.08
2467.05
2467.15
2467.15
2467.13
2467.15
2448.41
2452.68
2451.09
2452.05
2451.35
2450.98
2452.34
2450.23
2453.66
2449.97
2454.42
2446.7
2462.79
2459.02
2455.44
2455.93
2452.4
2453.64
2452.58
2453.36
2454.65
2456.33
2457.41
2464.18
)
;
    }
    frontAndBack
    {
        type            empty;
    }
}


// ************************************************************************* //
